9 1.74516e-21
9.0204 2.17801e-21
9.04085 2.92141e-21
9.06134 4.49078e-21
9.08188 9.95501e-21
9.10246 4.1363e-20
9.12309 6.6232e-21
9.14377 3.57477e-21
9.1645 2.43791e-21
9.18527 1.84477e-21
9.20609 1.4812e-21
9.22696 1.23598e-21
9.24787 1.05972e-21
9.26883 9.27173e-22
9.28984 8.24048e-22
9.3109 7.41678e-22
9.332 6.74488e-22
9.35316 6.1873e-22
9.37436 5.71796e-22
9.39561 5.31808e-22
9.4169 4.97386e-22
9.43825 4.67488e-22
9.45964 4.41315e-22
9.48108 4.18244e-22
9.50257 3.97781e-22
9.52411 3.79531e-22
9.5457 3.63172e-22
9.56734 3.48441e-22
9.58902 3.3512e-22
9.61076 3.23028e-22
9.63254 3.12012e-22
9.65437 3.01942e-22
9.67626 2.92708e-22
9.69819 2.84216e-22
9.72017 2.76385e-22
9.7422 2.69144e-22
9.76429 2.62431e-22
9.78642 2.56194e-22
9.8086 2.50385e-22
9.83083 2.44964e-22
9.85312 2.39892e-22
9.87545 2.3514e-22
9.89783 2.30676e-22
9.92027 2.26477e-22
9.94275 2.22519e-22
9.96529 2.18782e-22
9.98788 2.15247e-22
10.0105 2.11898e-22
10.0332 2.0872e-22
10.0559 2.057e-22
10.0787 2.02825e-22
10.1016 2.00085e-22
10.1245 1.97468e-22
10.1474 1.94967e-22
10.1704 1.92573e-22
10.1935 1.90279e-22
10.2166 1.88077e-22
10.2397 1.8596e-22
10.263 1.83925e-22
10.2862 1.81964e-22
10.3095 1.80073e-22
10.3329 1.78248e-22
10.3563 1.76484e-22
10.3798 1.74778e-22
10.4033 1.73126e-22
10.4269 1.71525e-22
10.4505 1.69971e-22
10.4742 1.68463e-22
10.498 1.66997e-22
10.5218 1.65571e-22
10.5456 1.64183e-22
10.5695 1.62831e-22
10.5935 1.61512e-22
10.6175 1.60226e-22
10.6416 1.5897e-22
10.6657 1.57743e-22
10.6898 1.56543e-22
10.7141 1.55369e-22
10.7384 1.5422e-22
10.7627 1.53095e-22
10.7871 1.51992e-22
10.8115 1.5091e-22
10.8361 1.49849e-22
10.8606 1.48808e-22
10.8852 1.47785e-22
10.9099 1.4678e-22
10.9346 1.45793e-22
10.9594 1.44822e-22
10.9843 1.43866e-22
11.0092 1.42926e-22
11.0341 1.42e-22
11.0591 1.41088e-22
11.0842 1.4019e-22
11.1093 1.39304e-22
11.1345 1.38432e-22
11.1597 1.37571e-22
11.185 1.36721e-22
11.2104 1.35884e-22
11.2358 1.35056e-22
11.2613 1.3424e-22
11.2868 1.33433e-22
11.3124 1.32637e-22
11.338 1.3185e-22
11.3637 1.31072e-22
11.3895 1.30303e-22
11.4153 1.29543e-22
11.4412 1.28791e-22
11.4671 1.28048e-22
11.4931 1.27312e-22
11.5191 1.26584e-22
11.5452 1.25864e-22
11.5714 1.25151e-22
11.5976 1.24446e-22
11.6239 1.23747e-22
11.6503 1.23056e-22
11.6767 1.22371e-22
11.7031 1.21692e-22
11.7297 1.2102e-22
11.7563 1.20354e-22
11.7829 1.19694e-22
11.8096 1.19041e-22
11.8364 1.18393e-22
11.8632 1.1775e-22
11.8901 1.17114e-22
11.9171 1.16483e-22
11.9441 1.15857e-22
11.9711 1.15236e-22
11.9983 1.14621e-22
12.0255 1.14011e-22
12.0527 1.13405e-22
12.08 1.12805e-22
12.1074 1.1221e-22
12.1349 1.11619e-22
12.1624 1.11033e-22
12.1899 1.10451e-22
12.2176 1.09874e-22
12.2453 1.09301e-22
12.273 1.08733e-22
12.3008 1.08169e-22
12.3287 1.07609e-22
12.3567 1.07053e-22
12.3847 1.06501e-22
12.4127 1.05954e-22
12.4409 1.0541e-22
12.4691 1.04871e-22
12.4973 1.04335e-22
12.5257 1.03803e-22
12.5541 1.03274e-22
12.5825 1.0275e-22
12.611 1.02229e-22
12.6396 1.01711e-22
12.6683 1.01198e-22
12.697 1.00687e-22
12.7258 1.0018e-22
12.7546 9.9677e-23
12.7835 9.91769e-23
12.8125 9.86802e-23
12.8415 9.81868e-23
12.8706 9.76966e-23
12.8998 9.72096e-23
12.9291 9.67259e-23
12.9584 9.62452e-23
12.9877 9.57677e-23
13.0172 9.52932e-23
13.0467 9.48217e-23
13.0762 9.43533e-23
13.1059 9.38878e-23
13.1356 9.34252e-23
13.1654 9.29656e-23
13.1952 9.25088e-23
13.2251 9.20549e-23
13.2551 9.16037e-23
13.2851 9.11554e-23
13.3153 9.07098e-23
13.3454 9.02669e-23
13.3757 8.98267e-23
13.406 8.93892e-23
13.4364 8.89543e-23
13.4668 8.8522e-23
13.4974 8.80923e-23
13.528 8.76652e-23
13.5586 8.72407e-23
13.5894 8.68186e-23
13.6202 8.6399e-23
13.651 8.59819e-23
13.682 8.55673e-23
13.713 8.5155e-23
13.7441 8.47452e-23
13.7752 8.43377e-23
13.8064 8.39326e-23
13.8377 8.35298e-23
13.8691 8.31294e-23
13.9005 8.27312e-23
13.932 8.23353e-23
13.9636 8.19416e-23
13.9953 8.15502e-23
14.027 8.1161e-23
14.0588 8.0774e-23
14.0907 8.03892e-23
14.1226 8.00065e-23
14.1546 7.9626e-23
14.1867 7.92476e-23
14.2188 7.88713e-23
14.2511 7.84971e-23
14.2834 7.81249e-23
14.3158 7.77548e-23
14.3482 7.73867e-23
14.3807 7.70207e-23
14.4133 7.66567e-23
14.446 7.62946e-23
14.4787 7.59345e-23
14.5116 7.55764e-23
14.5444 7.52202e-23
14.5774 7.4866e-23
14.6105 7.45136e-23
14.6436 7.41632e-23
14.6768 7.38147e-23
14.71 7.3468e-23
14.7434 7.31231e-23
14.7768 7.27801e-23
14.8103 7.2439e-23
14.8439 7.20996e-23
14.8775 7.17621e-23
14.9112 7.14263e-23
14.945 7.10923e-23
14.9789 7.07601e-23
15.0128 7.04296e-23
15.0469 7.01009e-23
15.081 6.97739e-23
15.1152 6.94486e-23
15.1494 6.9125e-23
15.1838 6.88031e-23
15.2182 6.84829e-23
15.2527 6.81643e-23
15.2872 6.78474e-23
15.3219 6.75321e-23
15.3566 6.72185e-23
15.3914 6.69065e-23
15.4263 6.65961e-23
15.4613 6.62873e-23
15.4963 6.59801e-23
15.5315 6.56745e-23
15.5667 6.53704e-23
15.6019 6.50679e-23
15.6373 6.47669e-23
15.6728 6.44675e-23
15.7083 6.41696e-23
15.7439 6.38732e-23
15.7796 6.35784e-23
15.8153 6.3285e-23
15.8512 6.29931e-23
15.8871 6.27027e-23
15.9231 6.24138e-23
15.9592 6.21263e-23
15.9954 6.18403e-23
16.0316 6.15557e-23
16.068 6.12726e-23
16.1044 6.09909e-23
16.1409 6.07105e-23
16.1775 6.04317e-23
16.2142 6.01542e-23
16.2509 5.98781e-23
16.2877 5.96033e-23
16.3247 5.933e-23
16.3617 5.9058e-23
16.3988 5.87874e-23
16.4359 5.85181e-23
16.4732 5.82502e-23
16.5105 5.79836e-23
16.5479 5.77183e-23
16.5855 5.74543e-23
16.623 5.71917e-23
16.6607 5.69304e-23
16.6985 5.66703e-23
16.7363 5.64115e-23
16.7743 5.61541e-23
16.8123 5.58978e-23
16.8504 5.56429e-23
16.8886 5.53892e-23
16.9269 5.51368e-23
16.9652 5.48856e-23
17.0037 5.46356e-23
17.0422 5.43869e-23
17.0809 5.41394e-23
17.1196 5.38931e-23
17.1584 5.3648e-23
17.1973 5.34041e-23
17.2363 5.31615e-23
17.2753 5.292e-23
17.3145 5.26797e-23
17.3537 5.24405e-23
17.3931 5.22025e-23
17.4325 5.19657e-23
17.472 5.17301e-23
17.5116 5.14956e-23
17.5513 5.12622e-23
17.5911 5.103e-23
17.631 5.07989e-23
17.6709 5.0569e-23
17.711 5.03401e-23
17.7511 5.01124e-23
17.7913 4.98858e-23
17.8317 4.96602e-23
17.8721 4.94358e-23
17.9126 4.92125e-23
17.9532 4.89902e-23
17.9939 4.8769e-23
18.0347 4.85489e-23
18.0756 4.83299e-23
18.1165 4.81119e-23
18.1576 4.7895e-23
18.1988 4.76791e-23
18.24 4.74643e-23
18.2813 4.72505e-23
18.3228 4.70377e-23
18.3643 4.6826e-23
18.4059 4.66153e-23
18.4477 4.64056e-23
18.4895 4.61969e-23
18.5314 4.59892e-23
18.5734 4.57825e-23
18.6155 4.55768e-23
18.6577 4.53721e-23
18.7 4.51684e-23
18.7424 4.49657e-23
18.7848 4.4764e-23
18.8274 4.45632e-23
18.8701 4.43634e-23
18.9129 4.41645e-23
18.9557 4.39666e-23
18.9987 4.37697e-23
19.0418 4.35736e-23
19.0849 4.33786e-23
19.1282 4.31845e-23
19.1715 4.29913e-23
19.215 4.2799e-23
19.2585 4.26076e-23
19.3022 4.24172e-23
19.346 4.22277e-23
19.3898 4.20391e-23
19.4338 4.18514e-23
19.4778 4.16646e-23
19.522 4.14787e-23
19.5662 4.12936e-23
19.6105 4.11095e-23
19.655 4.09262e-23
19.6996 4.07439e-23
19.7442 4.05624e-23
19.789 4.03817e-23
19.8338 4.02019e-23
19.8788 4.0023e-23
19.9238 3.9845e-23
19.969 3.96678e-23
20.0142 3.94914e-23
20.0596 3.93159e-23
20.1051 3.91412e-23
20.1507 3.89673e-23
20.1963 3.87943e-23
20.2421 3.86221e-23
20.288 3.84508e-23
20.334 3.82802e-23
20.3801 3.81105e-23
20.4263 3.79415e-23
20.4726 3.77734e-23
20.519 3.76061e-23
20.5655 3.74396e-23
20.6121 3.72739e-23
20.6588 3.71089e-23
20.7056 3.69448e-23
20.7526 3.67814e-23
20.7996 3.66188e-23
20.8467 3.6457e-23
20.894 3.62959e-23
20.9414 3.61357e-23
20.9888 3.59762e-23
21.0364 3.58174e-23
21.0841 3.56594e-23
21.1319 3.55022e-23
21.1798 3.53457e-23
21.2278 3.51899e-23
21.2759 3.50349e-23
21.3241 3.48807e-23
21.3724 3.47271e-23
21.4209 3.45743e-23
21.4694 3.44223e-23
21.5181 3.42709e-23
21.5669 3.41203e-23
21.6158 3.39704e-23
21.6648 3.38212e-23
21.7139 3.36727e-23
21.7631 3.35249e-23
21.8124 3.33778e-23
21.8619 3.32315e-23
21.9114 3.30858e-23
21.9611 3.29408e-23
22.0109 3.27965e-23
22.0607 3.26529e-23
22.1107 3.251e-23
22.1609 3.23678e-23
22.2111 3.22262e-23
22.2614 3.20853e-23
22.3119 3.19451e-23
22.3625 3.18056e-23
22.4132 3.16667e-23
22.464 3.15285e-23
22.5149 3.13909e-23
22.5659 3.1254e-23
22.6171 3.11177e-23
22.6683 3.09821e-23
22.7197 3.08472e-23
22.7712 3.07129e-23
22.8228 3.05792e-23
22.8746 3.04461e-23
22.9264 3.03137e-23
22.9784 3.0182e-23
23.0304 3.00508e-23
23.0827 2.99203e-23
23.135 2.97904e-23
23.1874 2.96611e-23
23.24 2.95325e-23
23.2926 2.94044e-23
23.3454 2.9277e-23
23.3984 2.91502e-23
23.4514 2.9024e-23
23.5045 2.88984e-23
23.5578 2.87733e-23
23.6112 2.86489e-23
23.6647 2.85251e-23
23.7184 2.84019e-23
23.7721 2.82792e-23
23.826 2.81572e-23
23.88 2.80357e-23
23.9342 2.79148e-23
23.9884 2.77945e-23
24.0428 2.76747e-23
24.0973 2.75556e-23
24.1519 2.7437e-23
24.2066 2.73189e-23
24.2615 2.72015e-23
24.3165 2.70846e-23
24.3716 2.69682e-23
24.4269 2.68524e-23
24.4822 2.67372e-23
24.5377 2.66225e-23
24.5933 2.65084e-23
24.6491 2.63948e-23
24.705 2.62817e-23
24.7609 2.61692e-23
24.8171 2.60573e-23
24.8733 2.59458e-23
24.9297 2.5835e-23
24.9862 2.57246e-23
25.0428 2.56148e-23
25.0996 2.55055e-23
25.1565 2.53967e-23
25.2135 2.52884e-23
25.2707 2.51807e-23
25.328 2.50735e-23
25.3854 2.49668e-23
25.4429 2.48606e-23
25.5006 2.47549e-23
25.5584 2.46497e-23
25.6163 2.45451e-23
25.6744 2.44409e-23
25.7326 2.43373e-23
25.7909 2.42341e-23
25.8493 2.41314e-23
25.9079 2.40293e-23
25.9667 2.39276e-23
26.0255 2.38264e-23
26.0845 2.37257e-23
26.1436 2.36255e-23
26.2029 2.35257e-23
26.2623 2.34265e-23
26.3218 2.33277e-23
26.3815 2.32294e-23
26.4413 2.31316e-23
26.5012 2.30343e-23
26.5613 2.29374e-23
26.6215 2.2841e-23
26.6818 2.2745e-23
26.7423 2.26495e-23
26.8029 2.25545e-23
26.8637 2.246e-23
26.9246 2.23659e-23
26.9856 2.22722e-23
27.0467 2.2179e-23
27.1081 2.20863e-23
27.1695 2.1994e-23
27.2311 2.19022e-23
27.2928 2.18108e-23
27.3547 2.17198e-23
27.4167 2.16293e-23
27.4788 2.15392e-23
27.5411 2.14496e-23
27.6035 2.13604e-23
27.6661 2.12716e-23
27.7288 2.11833e-23
27.7917 2.10954e-23
27.8546 2.10079e-23
27.9178 2.09209e-23
27.9811 2.08343e-23
28.0445 2.07481e-23
28.1081 2.06623e-23
28.1718 2.05769e-23
28.2356 2.0492e-23
28.2996 2.04074e-23
28.3638 2.03233e-23
28.4281 2.02396e-23
28.4925 2.01563e-23
28.5571 2.00734e-23
28.6218 1.99909e-23
28.6867 1.99089e-23
28.7517 1.98272e-23
28.8169 1.97459e-23
28.8822 1.9665e-23
28.9477 1.95845e-23
29.0133 1.95044e-23
29.079 1.94248e-23
29.1449 1.93454e-23
29.211 1.92665e-23
29.2772 1.9188e-23
29.3436 1.91099e-23
29.4101 1.90321e-23
29.4768 1.89547e-23
29.5436 1.88777e-23
29.6105 1.88011e-23
29.6776 1.87249e-23
29.7449 1.8649e-23
29.8123 1.85735e-23
29.8799 1.84984e-23
29.9476 1.84237e-23
30.0155 1.83493e-23
30.0836 1.82753e-23
30.1517 1.82017e-23
30.2201 1.81284e-23
30.2886 1.80555e-23
30.3572 1.79829e-23
30.426 1.79108e-23
30.495 1.78389e-23
30.5641 1.77674e-23
30.6334 1.76963e-23
30.7028 1.76256e-23
30.7724 1.75551e-23
30.8422 1.74851e-23
30.9121 1.74154e-23
30.9822 1.7346e-23
31.0524 1.7277e-23
31.1228 1.72083e-23
31.1933 1.714e-23
31.264 1.7072e-23
31.3349 1.70043e-23
31.4059 1.6937e-23
31.4771 1.687e-23
31.5484 1.68034e-23
31.62 1.67371e-23
31.6916 1.66711e-23
31.7635 1.66054e-23
31.8355 1.65401e-23
31.9076 1.64751e-23
31.9799 1.64105e-23
32.0524 1.63461e-23
32.1251 1.62821e-23
32.1979 1.62184e-23
32.2709 1.6155e-23
32.344 1.6092e-23
32.4173 1.60293e-23
32.4908 1.59668e-23
32.5645 1.59047e-23
32.6383 1.58429e-23
32.7122 1.57815e-23
32.7864 1.57203e-23
32.8607 1.56594e-23
32.9352 1.55989e-23
33.0098 1.55386e-23
33.0847 1.54787e-23
33.1597 1.54191e-23
33.2348 1.53598e-23
33.3101 1.53007e-23
33.3857 1.5242e-23
33.4613 1.51836e-23
33.5372 1.51254e-23
33.6132 1.50676e-23
33.6894 1.50101e-23
33.7657 1.49528e-23
33.8423 1.48959e-23
33.919 1.48392e-23
33.9959 1.47828e-23
34.0729 1.47268e-23
34.1501 1.4671e-23
34.2276 1.46154e-23
34.3051 1.45602e-23
34.3829 1.45053e-23
34.4608 1.44506e-23
34.5389 1.43962e-23
34.6172 1.43422e-23
34.6957 1.42883e-23
34.7743 1.42348e-23
34.8532 1.41815e-23
34.9322 1.41285e-23
35.0113 1.40758e-23
35.0907 1.40234e-23
35.1702 1.39712e-23
35.2499 1.39193e-23
35.3298 1.38677e-23
35.4099 1.38163e-23
35.4902 1.37652e-23
35.5706 1.37144e-23
35.6513 1.36638e-23
35.7321 1.36135e-23
35.8131 1.35635e-23
35.8942 1.35137e-23
35.9756 1.34642e-23
36.0571 1.34149e-23
36.1389 1.33659e-23
36.2208 1.33171e-23
36.3029 1.32686e-23
36.3852 1.32204e-23
36.4676 1.31724e-23
36.5503 1.31247e-23
36.6331 1.30772e-23
36.7162 1.303e-23
36.7994 1.2983e-23
36.8828 1.29362e-23
36.9664 1.28897e-23
37.0502 1.28435e-23
37.1342 1.27975e-23
37.2184 1.27517e-23
37.3027 1.27062e-23
37.3873 1.26609e-23
37.472 1.26159e-23
37.5569 1.25711e-23
37.6421 1.25265e-23
37.7274 1.24822e-23
37.8129 1.24381e-23
37.8986 1.23943e-23
37.9845 1.23507e-23
38.0706 1.23073e-23
38.1569 1.22641e-23
38.2434 1.22212e-23
38.3301 1.21785e-23
38.417 1.2136e-23
38.504 1.20938e-23
38.5913 1.20518e-23
38.6788 1.201e-23
38.7665 1.19684e-23
38.8543 1.19271e-23
38.9424 1.1886e-23
39.0307 1.18451e-23
39.1191 1.18044e-23
39.2078 1.17639e-23
39.2967 1.17237e-23
39.3857 1.16837e-23
39.475 1.16439e-23
39.5645 1.16043e-23
39.6542 1.15649e-23
39.7441 1.15258e-23
39.8341 1.14868e-23
39.9244 1.14481e-23
40.0149 1.14096e-23
40.1056 1.13713e-23
40.1965 1.13331e-23
40.2876 1.12953e-23
40.379 1.12576e-23
40.4705 1.12201e-23
40.5622 1.11828e-23
40.6542 1.11457e-23
40.7463 1.11089e-23
40.8387 1.10722e-23
40.9312 1.10357e-23
41.024 1.09995e-23
41.117 1.09634e-23
41.2102 1.09275e-23
41.3036 1.08919e-23
41.3972 1.08564e-23
41.4911 1.08211e-23
41.5851 1.0786e-23
41.6794 1.07512e-23
41.7738 1.07165e-23
41.8685 1.0682e-23
41.9634 1.06477e-23
42.0585 1.06136e-23
42.1539 1.05796e-23
42.2494 1.05459e-23
42.3452 1.05123e-23
42.4412 1.0479e-23
42.5374 1.04458e-23
42.6338 1.04128e-23
42.7304 1.038e-23
42.8273 1.03474e-23
42.9243 1.0315e-23
43.0216 1.02827e-23
43.1191 1.02506e-23
43.2169 1.02188e-23
43.3148 1.0187e-23
43.413 1.01555e-23
43.5114 1.01242e-23
43.61 1.0093e-23
43.7089 1.0062e-23
43.808 1.00312e-23
43.9073 1.00005e-23
44.0068 9.97004e-24
44.1065 9.93974e-24
44.2065 9.90961e-24
44.3067 9.87966e-24
44.4071 9.84987e-24
44.5078 9.82026e-24
44.6087 9.79081e-24
44.7098 9.76153e-24
44.8111 9.73242e-24
44.9127 9.70348e-24
45.0145 9.6747e-24
45.1165 9.64609e-24
45.2188 9.61765e-24
45.3213 9.58937e-24
45.424 9.56125e-24
45.527 9.53329e-24
45.6302 9.50549e-24
45.7336 9.47786e-24
45.8373 9.45039e-24
45.9412 9.42307e-24
46.0453 9.39592e-24
46.1497 9.36892e-24
46.2543 9.34208e-24
46.3591 9.31539e-24
46.4642 9.28886e-24
46.5695 9.26249e-24
46.6751 9.23627e-24
46.7809 9.2102e-24
46.8869 9.18428e-24
46.9932 9.15852e-24
47.0997 9.13291e-24
47.2064 9.10745e-24
47.3134 9.08214e-24
47.4207 9.05698e-24
47.5282 9.03196e-24
47.6359 9.00709e-24
47.7439 8.98237e-24
47.8521 8.9578e-24
47.9605 8.93337e-24
48.0693 8.90909e-24
48.1782 8.88495e-24
48.2874 8.86095e-24
48.3969 8.8371e-24
48.5066 8.81339e-24
48.6165 8.78982e-24
48.7267 8.76639e-24
48.8372 8.7431e-24
48.9479 8.71995e-24
49.0588 8.69693e-24
49.17 8.67406e-24
49.2814 8.65132e-24
49.3932 8.62872e-24
49.5051 8.60625e-24
49.6173 8.58392e-24
49.7298 8.56173e-24
49.8425 8.53967e-24
49.9555 8.51774e-24
50.0687 8.49594e-24
50.1822 8.47427e-24
50.2959 8.45274e-24
50.4099 8.43134e-24
50.5242 8.41006e-24
50.6387 8.38892e-24
50.7535 8.3679e-24
50.8685 8.34701e-24
50.9838 8.32625e-24
51.0994 8.30561e-24
51.2152 8.28511e-24
51.3313 8.26472e-24
51.4477 8.24446e-24
51.5643 8.22433e-24
51.6812 8.20431e-24
51.7983 8.18443e-24
51.9157 8.16466e-24
52.0334 8.14501e-24
52.1513 8.12549e-24
52.2695 8.10608e-24
52.388 8.0868e-24
52.5068 8.06763e-24
52.6258 8.04858e-24
52.7451 8.02965e-24
52.8646 8.01084e-24
52.9844 7.99214e-24
53.1045 7.97356e-24
53.2249 7.9551e-24
53.3455 7.93674e-24
53.4665 7.91851e-24
53.5877 7.90038e-24
53.7091 7.88237e-24
53.8309 7.86448e-24
53.9529 7.84669e-24
54.0752 7.82901e-24
54.1977 7.81145e-24
54.3206 7.79399e-24
54.4437 7.77665e-24
54.5671 7.75941e-24
54.6908 7.74228e-24
54.8148 7.72526e-24
54.939 7.70835e-24
55.0635 7.69154e-24
55.1883 7.67484e-24
55.3134 7.65824e-24
55.4388 7.64175e-24
55.5645 7.62537e-24
55.6904 7.60908e-24
55.8166 7.5929e-24
55.9432 7.57683e-24
56.07 7.56085e-24
56.1971 7.54497e-24
56.3244 7.5292e-24
56.4521 7.51353e-24
56.5801 7.49795e-24
56.7083 7.48248e-24
56.8368 7.46711e-24
56.9657 7.45183e-24
57.0948 7.43665e-24
57.2242 7.42157e-24
57.3539 7.40658e-24
57.4839 7.39169e-24
57.6142 7.37689e-24
57.7448 7.36219e-24
57.8757 7.34759e-24
58.0069 7.33308e-24
58.1383 7.31866e-24
58.2701 7.30433e-24
58.4022 7.2901e-24
58.5346 7.27596e-24
58.6673 7.26191e-24
58.8002 7.24795e-24
58.9335 7.23408e-24
59.0671 7.2203e-24
59.201 7.20662e-24
59.3352 7.19301e-24
59.4697 7.1795e-24
59.6045 7.16608e-24
59.7396 7.15274e-24
59.875 7.13949e-24
60.0107 7.12632e-24
60.1467 7.11324e-24
60.283 7.10025e-24
60.4197 7.08734e-24
60.5566 7.07452e-24
60.6939 7.06178e-24
60.8315 7.04912e-24
60.9693 7.03655e-24
61.1075 7.02405e-24
61.246 7.01164e-24
61.3849 6.99932e-24
61.524 6.98707e-24
61.6635 6.9749e-24
61.8032 6.96281e-24
61.9433 6.95081e-24
62.0837 6.93888e-24
62.2244 6.92703e-24
62.3655 6.91526e-24
62.5068 6.90356e-24
62.6485 6.89195e-24
62.7905 6.88041e-24
62.9328 6.86894e-24
63.0755 6.85756e-24
63.2185 6.84625e-24
63.3618 6.83501e-24
63.5054 6.82385e-24
63.6493 6.81276e-24
63.7936 6.80174e-24
63.9382 6.7908e-24
64.0831 6.77994e-24
64.2284 6.76914e-24
64.3739 6.75842e-24
64.5199 6.74776e-24
64.6661 6.73718e-24
64.8127 6.72667e-24
64.9596 6.71623e-24
65.1068 6.70586e-24
65.2544 6.69556e-24
65.4023 6.68533e-24
65.5506 6.67517e-24
65.6991 6.66507e-24
65.8481 6.65504e-24
65.9973 6.64508e-24
66.1469 6.63519e-24
66.2968 6.62537e-24
66.4471 6.61561e-24
66.5977 6.60591e-24
66.7487 6.59628e-24
66.9 6.58672e-24
67.0516 6.57722e-24
67.2036 6.56778e-24
67.3559 6.55841e-24
67.5086 6.5491e-24
67.6616 6.53986e-24
67.815 6.53068e-24
67.9687 6.52156e-24
68.1227 6.5125e-24
68.2771 6.5035e-24
68.4319 6.49456e-24
68.587 6.48569e-24
68.7425 6.47687e-24
68.8983 6.46812e-24
69.0545 6.45942e-24
69.211 6.45079e-24
69.3679 6.44221e-24
69.5251 6.43369e-24
69.6827 6.42523e-24
69.8406 6.41683e-24
69.9989 6.40848e-24
70.1576 6.4002e-24
70.3166 6.39196e-24
70.476 6.38379e-24
70.6357 6.37567e-24
70.7958 6.36761e-24
70.9563 6.3596e-24
71.1171 6.35165e-24
71.2783 6.34375e-24
71.4399 6.3359e-24
71.6018 6.32811e-24
71.7641 6.32038e-24
71.9268 6.31269e-24
72.0898 6.30506e-24
72.2532 6.29748e-24
72.417 6.28996e-24
72.5811 6.28248e-24
72.7457 6.27506e-24
72.9106 6.26769e-24
73.0758 6.26037e-24
73.2415 6.2531e-24
73.4075 6.24588e-24
73.5739 6.23872e-24
73.7406 6.2316e-24
73.9078 6.22453e-24
74.0753 6.21751e-24
74.2432 6.21053e-24
74.4115 6.20361e-24
74.5801 6.19674e-24
74.7492 6.18991e-24
74.9186 6.18313e-24
75.0884 6.1764e-24
75.2586 6.16971e-24
75.4292 6.16307e-24
75.6002 6.15648e-24
75.7715 6.14993e-24
75.9433 6.14343e-24
76.1154 6.13697e-24
76.2879 6.13056e-24
76.4609 6.1242e-24
76.6342 6.11788e-24
76.8079 6.1116e-24
76.982 6.10537e-24
77.1565 6.09918e-24
77.3313 6.09304e-24
77.5066 6.08693e-24
77.6823 6.08087e-24
77.8584 6.07486e-24
78.0349 6.06888e-24
78.2117 6.06295e-24
78.389 6.05706e-24
78.5667 6.05121e-24
78.7448 6.04541e-24
78.9233 6.03964e-24
79.1022 6.03391e-24
79.2815 6.02823e-24
79.4612 6.02258e-24
79.6413 6.01698e-24
79.8218 6.01142e-24
80.0027 6.00589e-24
80.1841 6.0004e-24
80.3658 5.99496e-24
80.548 5.98955e-24
80.7305 5.98418e-24
80.9135 5.97885e-24
81.0969 5.97355e-24
81.2807 5.9683e-24
81.465 5.96308e-24
81.6496 5.9579e-24
81.8347 5.95275e-24
82.0202 5.94765e-24
82.2061 5.94258e-24
82.3924 5.93754e-24
82.5792 5.93254e-24
82.7664 5.92758e-24
82.954 5.92265e-24
83.142 5.91776e-24
83.3304 5.91291e-24
83.5193 5.90809e-24
83.7086 5.9033e-24
83.8984 5.89855e-24
84.0885 5.89383e-24
84.2791 5.88915e-24
84.4702 5.8845e-24
84.6616 5.87988e-24
84.8535 5.8753e-24
85.0459 5.87075e-24
85.2386 5.86623e-24
85.4318 5.86175e-24
85.6255 5.8573e-24
85.8196 5.85288e-24
86.0141 5.8485e-24
86.2091 5.84414e-24
86.4045 5.83982e-24
86.6003 5.83553e-24
86.7966 5.83127e-24
86.9933 5.82704e-24
87.1905 5.82285e-24
87.3881 5.81868e-24
87.5862 5.81454e-24
87.7848 5.81044e-24
87.9837 5.80636e-24
88.1832 5.80232e-24
88.383 5.7983e-24
88.5834 5.79432e-24
88.7842 5.79036e-24
88.9854 5.78644e-24
89.1871 5.78254e-24
89.3893 5.77867e-24
89.5919 5.77483e-24
89.7949 5.77102e-24
89.9985 5.76724e-24
90.2025 5.76348e-24
90.4069 5.75976e-24
90.6118 5.75606e-24
90.8172 5.75239e-24
91.0231 5.74874e-24
91.2294 5.74513e-24
91.4362 5.74154e-24
91.6434 5.73798e-24
91.8512 5.73444e-24
92.0593 5.73093e-24
92.268 5.72745e-24
92.4772 5.724e-24
92.6868 5.72057e-24
92.8969 5.71717e-24
93.1074 5.71379e-24
93.3185 5.71044e-24
93.53 5.70711e-24
93.742 5.70381e-24
93.9545 5.70054e-24
94.1674 5.69729e-24
94.3809 5.69406e-24
94.5948 5.69086e-24
94.8092 5.68769e-24
95.0241 5.68454e-24
95.2395 5.68141e-24
95.4554 5.67831e-24
95.6717 5.67523e-24
95.8886 5.67217e-24
96.1059 5.66914e-24
96.3238 5.66614e-24
96.5421 5.66315e-24
96.7609 5.66019e-24
96.9802 5.65726e-24
97.2001 5.65435e-24
97.4204 5.65145e-24
97.6412 5.64859e-24
97.8625 5.64574e-24
98.0843 5.64292e-24
98.3067 5.64012e-24
98.5295 5.63734e-24
98.7528 5.63459e-24
98.9767 5.63186e-24
99.201 5.62914e-24
99.4259 5.62645e-24
99.6512 5.62379e-24
99.8771 5.62114e-24
100.103 5.61852e-24
100.33 5.61591e-24
100.558 5.61333e-24
100.786 5.61077e-24
101.014 5.60823e-24
101.243 5.60571e-24
101.473 5.60321e-24
101.703 5.60074e-24
101.933 5.59828e-24
102.164 5.59584e-24
102.396 5.59342e-24
102.628 5.59103e-24
102.86 5.58865e-24
103.094 5.5863e-24
103.327 5.58396e-24
103.561 5.58164e-24
103.796 5.57935e-24
104.031 5.57707e-24
104.267 5.57481e-24
104.504 5.57257e-24
104.741 5.57035e-24
104.978 5.56815e-24
105.216 5.56597e-24
105.454 5.56381e-24
105.693 5.56166e-24
105.933 5.55954e-24
106.173 5.55743e-24
106.414 5.55534e-24
106.655 5.55327e-24
106.897 5.55122e-24
107.139 5.54919e-24
107.382 5.54718e-24
107.625 5.54518e-24
107.869 5.5432e-24
108.114 5.54124e-24
108.359 5.5393e-24
108.604 5.53737e-24
108.85 5.53546e-24
109.097 5.53357e-24
109.344 5.5317e-24
109.592 5.52984e-24
109.841 5.52801e-24
110.09 5.52618e-24
110.339 5.52438e-24
110.589 5.52259e-24
110.84 5.52082e-24
111.091 5.51907e-24
111.343 5.51733e-24
111.595 5.51561e-24
111.848 5.51391e-24
112.102 5.51222e-24
112.356 5.51055e-24
112.611 5.5089e-24
112.866 5.50726e-24
113.122 5.50564e-24
113.378 5.50404e-24
113.635 5.50245e-24
113.893 5.50088e-24
114.151 5.49932e-24
114.41 5.49778e-24
114.669 5.49625e-24
114.929 5.49474e-24
115.189 5.49325e-24
115.45 5.49177e-24
115.712 5.49031e-24
115.974 5.48886e-24
116.237 5.48743e-24
116.501 5.48601e-24
116.765 5.48461e-24
117.029 5.48322e-24
117.295 5.48185e-24
117.561 5.4805e-24
117.827 5.47916e-24
118.094 5.47783e-24
118.362 5.47652e-24
118.63 5.47522e-24
118.899 5.47394e-24
119.168 5.47267e-24
119.439 5.47142e-24
119.709 5.47018e-24
119.981 5.46896e-24
120.253 5.46775e-24
120.525 5.46656e-24
120.798 5.46538e-24
121.072 5.46421e-24
121.347 5.46306e-24
121.622 5.46192e-24
121.897 5.4608e-24
122.174 5.45969e-24
122.451 5.4586e-24
122.728 5.45752e-24
123.006 5.45645e-24
123.285 5.4554e-24
123.565 5.45436e-24
123.845 5.45334e-24
124.125 5.45232e-24
124.407 5.45133e-24
124.689 5.45034e-24
124.971 5.44937e-24
125.255 5.44842e-24
125.538 5.44747e-24
125.823 5.44654e-24
126.108 5.44563e-24
126.394 5.44472e-24
126.681 5.44383e-24
126.968 5.44296e-24
127.255 5.44209e-24
127.544 5.44125e-24
127.833 5.44041e-24
128.123 5.43959e-24
128.413 5.43878e-24
128.704 5.43798e-24
128.996 5.43719e-24
129.288 5.43642e-24
129.581 5.43566e-24
129.875 5.43492e-24
130.17 5.43419e-24
130.465 5.43347e-24
130.76 5.43276e-24
131.057 5.43207e-24
131.354 5.43139e-24
131.651 5.43072e-24
131.95 5.43006e-24
132.249 5.42942e-24
132.549 5.42879e-24
132.849 5.42817e-24
133.15 5.42757e-24
133.452 5.42697e-24
133.755 5.42639e-24
134.058 5.42583e-24
134.362 5.42527e-24
134.666 5.42473e-24
134.971 5.4242e-24
135.277 5.42368e-24
135.584 5.42317e-24
135.891 5.42268e-24
136.199 5.4222e-24
136.508 5.42173e-24
136.817 5.42127e-24
137.128 5.42083e-24
137.438 5.4204e-24
137.75 5.41997e-24
138.062 5.41957e-24
138.375 5.41917e-24
138.689 5.41879e-24
139.003 5.41841e-24
139.318 5.41805e-24
139.634 5.41771e-24
139.95 5.41737e-24
140.268 5.41705e-24
140.586 5.41673e-24
140.904 5.41643e-24
141.224 5.41615e-24
141.544 5.41587e-24
141.865 5.41561e-24
142.186 5.41535e-24
142.508 5.41511e-24
142.831 5.41488e-24
143.155 5.41467e-24
143.48 5.41446e-24
143.805 5.41427e-24
144.131 5.41409e-24
144.457 5.41392e-24
144.785 5.41376e-24
145.113 5.41361e-24
145.442 5.41348e-24
145.772 5.41335e-24
146.102 5.41324e-24
146.433 5.41314e-24
146.765 5.41305e-24
147.098 5.41297e-24
147.431 5.41291e-24
147.765 5.41286e-24
148.1 5.41281e-24
148.436 5.41278e-24
148.772 5.41276e-24
149.11 5.41276e-24
149.448 5.41276e-24
149.786 5.41278e-24
150.126 5.4128e-24
150.466 5.41284e-24
150.807 5.41289e-24
151.149 5.41295e-24
151.492 5.41303e-24
151.835 5.41311e-24
152.179 5.41321e-24
152.524 5.41332e-24
152.87 5.41344e-24
153.216 5.41357e-24
153.564 5.41371e-24
153.912 5.41386e-24
154.261 5.41403e-24
154.61 5.4142e-24
154.961 5.41439e-24
155.312 5.41459e-24
155.664 5.4148e-24
156.017 5.41502e-24
156.37 5.41525e-24
156.725 5.4155e-24
157.08 5.41576e-24
157.436 5.41602e-24
157.793 5.4163e-24
158.151 5.41659e-24
158.509 5.41689e-24
158.868 5.41721e-24
159.229 5.41753e-24
159.589 5.41787e-24
159.951 5.41821e-24
160.314 5.41857e-24
160.677 5.41894e-24
161.041 5.41932e-24
161.406 5.41972e-24
161.772 5.42012e-24
162.139 5.42054e-24
162.506 5.42096e-24
162.875 5.4214e-24
163.244 5.42185e-24
163.614 5.42231e-24
163.985 5.42279e-24
164.356 5.42327e-24
164.729 5.42377e-24
165.102 5.42427e-24
165.477 5.42479e-24
165.852 5.42532e-24
166.228 5.42586e-24
166.604 5.42641e-24
166.982 5.42698e-24
167.361 5.42755e-24
167.74 5.42814e-24
168.12 5.42874e-24
168.501 5.42935e-24
168.883 5.42997e-24
169.266 5.4306e-24
169.65 5.43125e-24
170.034 5.4319e-24
170.419 5.43257e-24
170.806 5.43325e-24
171.193 5.43394e-24
171.581 5.43464e-24
171.97 5.43535e-24
172.36 5.43608e-24
172.75 5.43681e-24
173.142 5.43756e-24
173.534 5.43832e-24
173.928 5.43909e-24
174.322 5.43987e-24
174.717 5.44067e-24
175.113 5.44147e-24
175.51 5.44229e-24
175.908 5.44312e-24
176.307 5.44396e-24
176.706 5.44481e-24
177.107 5.44568e-24
177.508 5.44655e-24
177.91 5.44744e-24
178.314 5.44834e-24
178.718 5.44925e-24
179.123 5.45017e-24
179.529 5.45111e-24
179.936 5.45205e-24
180.344 5.45301e-24
180.753 5.45398e-24
181.162 5.45496e-24
181.573 5.45596e-24
181.984 5.45696e-24
182.397 5.45798e-24
182.81 5.45901e-24
183.225 5.46005e-24
183.64 5.4611e-24
184.056 5.46216e-24
184.473 5.46324e-24
184.892 5.46433e-24
185.311 5.46543e-24
185.731 5.46654e-24
186.152 5.46766e-24
186.574 5.4688e-24
186.997 5.46995e-24
187.42 5.47111e-24
187.845 5.47228e-24
188.271 5.47347e-24
188.698 5.47466e-24
189.125 5.47587e-24
189.554 5.47709e-24
189.984 5.47832e-24
190.414 5.47957e-24
190.846 5.48083e-24
191.279 5.48209e-24
191.712 5.48338e-24
192.147 5.48467e-24
192.582 5.48598e-24
193.019 5.48729e-24
193.456 5.48863e-24
193.895 5.48997e-24
194.334 5.49132e-24
194.775 5.49269e-24
195.216 5.49407e-24
195.659 5.49546e-24
196.102 5.49687e-24
196.547 5.49829e-24
196.992 5.49972e-24
197.439 5.50116e-24
197.886 5.50261e-24
198.335 5.50408e-24
198.784 5.50556e-24
199.235 5.50705e-24
199.686 5.50856e-24
200.139 5.51008e-24
200.593 5.51161e-24
201.047 5.51315e-24
201.503 5.51471e-24
201.96 5.51628e-24
202.418 5.51786e-24
202.876 5.51945e-24
203.336 5.52106e-24
203.797 5.52268e-24
204.259 5.52431e-24
204.722 5.52596e-24
205.186 5.52762e-24
205.651 5.52929e-24
206.117 5.53097e-24
206.585 5.53267e-24
207.053 5.53438e-24
207.522 5.5361e-24
207.992 5.53784e-24
208.464 5.53959e-24
208.936 5.54135e-24
209.41 5.54313e-24
209.885 5.54492e-24
210.36 5.54672e-24
210.837 5.54854e-24
211.315 5.55037e-24
211.794 5.55221e-24
212.274 5.55406e-24
212.755 5.55593e-24
213.238 5.55782e-24
213.721 5.55971e-24
214.205 5.56162e-24
214.691 5.56354e-24
215.177 5.56548e-24
215.665 5.56743e-24
216.154 5.56939e-24
216.644 5.57137e-24
217.135 5.57336e-24
217.627 5.57537e-24
218.12 5.57738e-24
218.615 5.57942e-24
219.11 5.58146e-24
219.607 5.58352e-24
220.105 5.58559e-24
220.604 5.58768e-24
221.104 5.58978e-24
221.605 5.5919e-24
222.107 5.59402e-24
222.611 5.59617e-24
223.115 5.59832e-24
223.621 5.60049e-24
224.128 5.60268e-24
224.636 5.60488e-24
225.145 5.60709e-24
225.655 5.60932e-24
226.167 5.61156e-24
226.679 5.61381e-24
227.193 5.61608e-24
227.708 5.61837e-24
228.224 5.62067e-24
228.742 5.62298e-24
229.26 5.62531e-24
229.78 5.62765e-24
230.301 5.63e-24
230.823 5.63238e-24
231.346 5.63476e-24
231.87 5.63716e-24
232.396 5.63957e-24
232.923 5.642e-24
233.45 5.64445e-24
233.98 5.64691e-24
234.51 5.64938e-24
235.042 5.65187e-24
235.574 5.65437e-24
236.108 5.65689e-24
236.643 5.65942e-24
237.18 5.66197e-24
237.717 5.66453e-24
238.256 5.66711e-24
238.796 5.6697e-24
239.338 5.67231e-24
239.88 5.67493e-24
240.424 5.67757e-24
240.969 5.68023e-24
241.515 5.68289e-24
242.062 5.68558e-24
242.611 5.68828e-24
243.161 5.69099e-24
243.712 5.69372e-24
244.264 5.69647e-24
244.818 5.69923e-24
245.373 5.70201e-24
245.929 5.7048e-24
246.487 5.70761e-24
247.045 5.71043e-24
247.605 5.71327e-24
248.167 5.71612e-24
248.729 5.71899e-24
249.293 5.72188e-24
249.858 5.72478e-24
250.424 5.7277e-24
250.992 5.73063e-24
251.561 5.73358e-24
252.131 5.73655e-24
252.702 5.73953e-24
253.275 5.74253e-24
253.849 5.74554e-24
254.425 5.74858e-24
255.001 5.75162e-24
255.579 5.75468e-24
256.159 5.75776e-24
256.739 5.76086e-24
257.321 5.76397e-24
257.904 5.7671e-24
258.489 5.77024e-24
259.075 5.77341e-24
259.662 5.77658e-24
260.251 5.77978e-24
260.841 5.78299e-24
261.432 5.78622e-24
262.024 5.78946e-24
262.618 5.79272e-24
263.214 5.796e-24
263.81 5.7993e-24
264.408 5.80261e-24
265.008 5.80594e-24
265.608 5.80928e-24
266.21 5.81265e-24
266.814 5.81603e-24
267.418 5.81942e-24
268.025 5.82284e-24
268.632 5.82627e-24
269.241 5.82972e-24
269.851 5.83319e-24
270.463 5.83667e-24
271.076 5.84017e-24
271.69 5.84369e-24
272.306 5.84722e-24
272.923 5.85078e-24
273.542 5.85435e-24
274.162 5.85794e-24
274.784 5.86154e-24
275.406 5.86517e-24
276.031 5.86881e-24
276.656 5.87247e-24
277.283 5.87615e-24
277.912 5.87984e-24
278.542 5.88356e-24
279.173 5.88729e-24
279.806 5.89104e-24
280.44 5.89481e-24
281.076 5.89859e-24
281.713 5.9024e-24
282.351 5.90622e-24
282.991 5.91006e-24
283.633 5.91392e-24
284.276 5.91779e-24
284.92 5.92169e-24
285.566 5.9256e-24
286.213 5.92954e-24
286.862 5.93349e-24
287.512 5.93746e-24
288.164 5.94145e-24
288.817 5.94545e-24
289.472 5.94948e-24
290.128 5.95353e-24
290.785 5.95759e-24
291.444 5.96167e-24
292.105 5.96577e-24
292.767 5.9699e-24
293.431 5.97404e-24
294.096 5.9782e-24
294.763 5.98237e-24
295.431 5.98657e-24
296.1 5.99079e-24
296.771 5.99502e-24
297.444 5.99928e-24
298.118 6.00355e-24
298.794 6.00785e-24
299.471 6.01216e-24
300.15 6.0165e-24
300.83 6.02085e-24
301.512 6.02522e-24
302.196 6.02962e-24
302.881 6.03403e-24
303.567 6.03846e-24
304.255 6.04291e-24
304.945 6.04739e-24
305.636 6.05188e-24
306.329 6.05639e-24
307.023 6.06092e-24
307.719 6.06548e-24
308.417 6.07005e-24
309.116 6.07464e-24
309.816 6.07926e-24
310.519 6.08389e-24
311.222 6.08855e-24
311.928 6.09322e-24
312.635 6.09792e-24
313.344 6.10263e-24
314.054 6.10737e-24
314.766 6.11213e-24
315.479 6.1169e-24
316.194 6.1217e-24
316.911 6.12652e-24
317.629 6.13136e-24
318.349 6.13623e-24
319.071 6.14111e-24
319.794 6.14601e-24
320.519 6.15094e-24
321.245 6.15588e-24
321.973 6.16085e-24
322.703 6.16584e-24
323.435 6.17085e-24
324.168 6.17588e-24
324.903 6.18094e-24
325.639 6.18601e-24
326.377 6.19111e-24
327.117 6.19623e-24
327.858 6.20137e-24
328.601 6.20653e-24
329.346 6.21171e-24
330.093 6.21692e-24
330.841 6.22214e-24
331.591 6.22739e-24
332.343 6.23266e-24
333.096 6.23796e-24
333.851 6.24327e-24
334.608 6.24861e-24
335.366 6.25397e-24
336.126 6.25935e-24
336.888 6.26476e-24
337.652 6.27018e-24
338.417 6.27563e-24
339.184 6.2811e-24
339.953 6.2866e-24
340.723 6.29212e-24
341.496 6.29766e-24
342.27 6.30322e-24
343.046 6.30881e-24
343.823 6.31441e-24
344.602 6.32005e-24
345.384 6.3257e-24
346.166 6.33138e-24
346.951 6.33708e-24
347.737 6.3428e-24
348.526 6.34855e-24
349.316 6.35432e-24
350.107 6.36012e-24
350.901 6.36593e-24
351.696 6.37177e-24
352.493 6.37764e-24
353.292 6.38353e-24
354.093 6.38944e-24
354.896 6.39538e-24
355.7 6.40134e-24
356.507 6.40732e-24
357.315 6.41333e-24
358.125 6.41936e-24
358.936 6.42541e-24
359.75 6.43149e-24
360.565 6.4376e-24
361.383 6.44372e-24
362.202 6.44988e-24
363.023 6.45605e-24
363.845 6.46225e-24
364.67 6.46848e-24
365.497 6.47473e-24
366.325 6.481e-24
367.156 6.4873e-24
367.988 6.49363e-24
368.822 6.49998e-24
369.658 6.50635e-24
370.496 6.51275e-24
371.336 6.51917e-24
372.177 6.52562e-24
373.021 6.53209e-24
373.866 6.53859e-24
374.714 6.54512e-24
375.563 6.55166e-24
376.414 6.55824e-24
377.268 6.56484e-24
378.123 6.57146e-24
378.98 6.57812e-24
379.839 6.58479e-24
380.7 6.59149e-24
381.563 6.59822e-24
382.427 6.60498e-24
383.294 6.61176e-24
384.163 6.61856e-24
385.034 6.62539e-24
385.907 6.63225e-24
386.781 6.63914e-24
387.658 6.64604e-24
388.537 6.65298e-24
389.417 6.65994e-24
390.3 6.66693e-24
391.185 6.67395e-24
392.071 6.68099e-24
392.96 6.68806e-24
393.851 6.69515e-24
394.743 6.70227e-24
395.638 6.70942e-24
396.535 6.7166e-24
397.434 6.7238e-24
398.335 6.73103e-24
399.238 6.73829e-24
400.142 6.74557e-24
401.049 6.75288e-24
401.958 6.76022e-24
402.87 6.76758e-24
403.783 6.77498e-24
404.698 6.78239e-24
405.615 6.78984e-24
406.535 6.79732e-24
407.456 6.80482e-24
408.38 6.81235e-24
409.305 6.81991e-24
410.233 6.82749e-24
411.163 6.83511e-24
412.095 6.84275e-24
413.029 6.85042e-24
413.965 6.85812e-24
414.903 6.86584e-24
415.844 6.8736e-24
416.786 6.88138e-24
417.731 6.88919e-24
418.678 6.89703e-24
419.627 6.9049e-24
420.578 6.9128e-24
421.531 6.92072e-24
422.487 6.92868e-24
423.445 6.93666e-24
424.404 6.94467e-24
425.366 6.95271e-24
426.33 6.96078e-24
427.297 6.96888e-24
428.265 6.97701e-24
429.236 6.98517e-24
430.209 6.99336e-24
431.184 7.00157e-24
432.161 7.00982e-24
433.141 7.0181e-24
434.123 7.0264e-24
435.107 7.03474e-24
436.093 7.04311e-24
437.082 7.0515e-24
438.072 7.05993e-24
439.065 7.06838e-24
440.06 7.07687e-24
441.058 7.08539e-24
442.058 7.09393e-24
443.06 7.10251e-24
444.064 7.11112e-24
445.07 7.11976e-24
446.079 7.12844e-24
447.09 7.13714e-24
448.104 7.14587e-24
449.119 7.15464e-24
450.137 7.16344e-24
451.158 7.17227e-24
452.18 7.18113e-24
453.205 7.19003e-24
454.232 7.19896e-24
455.262 7.20792e-24
456.294 7.21692e-24
457.328 7.22596e-24
458.365 7.23503e-24
459.404 7.24413e-24
460.445 7.25328e-24
461.489 7.26246e-24
462.535 7.27169e-24
463.583 7.28097e-24
464.634 7.29029e-24
465.687 7.29967e-24
466.743 7.30911e-24
467.801 7.31862e-24
468.861 7.32822e-24
469.924 7.33793e-24
470.989 7.3478e-24
472.056 7.35788e-24
473.126 7.36829e-24
474.199 7.37925e-24
475.274 7.39126e-24
476.351 7.40551e-24
477.431 7.42577e-24
478.513 7.46933e-24
479.597 7.73484e-24
480.684 9.42452e-24
481.774 7.54267e-24
482.866 7.48255e-24
483.96 7.47584e-24
485.057 7.47935e-24
486.157 7.48615e-24
487.259 7.49434e-24
488.363 7.50323e-24
489.47 7.51251e-24
490.58 7.52203e-24
491.692 7.53172e-24
492.806 7.54154e-24
493.923 7.55145e-24
495.043 7.56143e-24
496.165 7.57148e-24
497.289 7.58159e-24
498.417 7.59175e-24
499.546 7.60195e-24
500.679 7.6122e-24
501.813 7.62249e-24
502.951 7.63283e-24
504.091 7.6432e-24
505.234 7.65361e-24
506.379 7.66406e-24
507.526 7.67455e-24
508.677 7.68507e-24
509.83 7.69564e-24
510.985 7.70623e-24
512.144 7.71687e-24
513.305 7.72754e-24
514.468 7.73825e-24
515.634 7.74899e-24
516.803 7.75977e-24
517.974 7.77059e-24
519.148 7.78144e-24
520.325 7.79233e-24
521.504 7.80325e-24
522.687 7.81421e-24
523.871 7.8252e-24
525.059 7.83624e-24
526.249 7.8473e-24
527.442 7.85841e-24
528.637 7.86955e-24
529.835 7.88072e-24
531.036 7.89194e-24
532.24 7.90319e-24
533.446 7.91447e-24
534.656 7.92579e-24
535.867 7.93715e-24
537.082 7.94855e-24
538.299 7.95998e-24
539.52 7.97145e-24
540.742 7.98295e-24
541.968 7.99449e-24
543.197 8.00607e-24
544.428 8.01769e-24
545.662 8.02934e-24
546.899 8.04103e-24
548.138 8.05276e-24
549.381 8.06453e-24
550.626 8.07633e-24
551.874 8.08817e-24
553.125 8.10004e-24
554.379 8.11196e-24
555.635 8.12391e-24
556.895 8.1359e-24
558.157 8.14793e-24
559.422 8.16e-24
560.69 8.1721e-24
561.961 8.18424e-24
563.235 8.19642e-24
564.511 8.20864e-24
565.791 8.2209e-24
567.073 8.2332e-24
568.359 8.24553e-24
569.647 8.2579e-24
570.938 8.27031e-24
572.232 8.28276e-24
573.529 8.29525e-24
574.829 8.30778e-24
576.132 8.32035e-24
577.438 8.33295e-24
578.747 8.3456e-24
580.059 8.35828e-24
581.374 8.37101e-24
582.691 8.38377e-24
584.012 8.39657e-24
585.336 8.40941e-24
586.663 8.4223e-24
587.992 8.43522e-24
589.325 8.44818e-24
590.661 8.46118e-24
592 8.47422e-24
593.342 8.4873e-24
594.687 8.50042e-24
596.034 8.51358e-24
597.385 8.52679e-24
598.74 8.54003e-24
600.097 8.55331e-24
601.457 8.56664e-24
602.82 8.58e-24
604.187 8.5934e-24
605.556 8.60685e-24
606.929 8.62034e-24
608.304 8.63386e-24
609.683 8.64743e-24
611.065 8.66104e-24
612.45 8.67469e-24
613.838 8.68839e-24
615.23 8.70212e-24
616.624 8.7159e-24
618.022 8.72971e-24
619.423 8.74357e-24
620.827 8.75747e-24
622.234 8.77142e-24
623.644 8.7854e-24
625.058 8.79943e-24
626.475 8.81349e-24
627.895 8.82761e-24
629.318 8.84176e-24
630.744 8.85595e-24
632.174 8.87019e-24
633.607 8.88447e-24
635.043 8.8988e-24
636.482 8.91316e-24
637.925 8.92757e-24
639.371 8.94202e-24
640.82 8.95652e-24
642.273 8.97106e-24
643.729 8.98564e-24
645.188 9.00026e-24
646.65 9.01493e-24
648.116 9.02964e-24
649.585 9.0444e-24
651.057 9.0592e-24
652.533 9.07404e-24
654.012 9.08893e-24
655.494 9.10386e-24
656.98 9.11883e-24
658.469 9.13385e-24
659.962 9.14891e-24
661.458 9.16402e-24
662.957 9.17917e-24
664.46 9.19437e-24
665.966 9.20961e-24
667.475 9.22489e-24
668.988 9.24022e-24
670.505 9.2556e-24
672.024 9.27102e-24
673.548 9.28648e-24
675.074 9.30199e-24
676.604 9.31755e-24
678.138 9.33315e-24
679.675 9.34879e-24
681.216 9.36449e-24
682.76 9.38022e-24
684.307 9.39601e-24
685.859 9.41184e-24
687.413 9.42771e-24
688.971 9.44363e-24
690.533 9.4596e-24
692.098 9.47561e-24
693.667 9.49167e-24
695.239 9.50777e-24
696.815 9.52393e-24
698.394 9.54013e-24
699.977 9.55637e-24
701.564 9.57266e-24
703.154 9.589e-24
704.748 9.60539e-24
706.345 9.62182e-24
707.946 9.6383e-24
709.551 9.65483e-24
711.159 9.6714e-24
712.771 9.68802e-24
714.387 9.70469e-24
716.006 9.72141e-24
717.629 9.73818e-24
719.256 9.75499e-24
720.886 9.77185e-24
722.52 9.78876e-24
724.158 9.80572e-24
725.799 9.82272e-24
727.444 9.83977e-24
729.093 9.85688e-24
730.746 9.87403e-24
732.402 9.89123e-24
734.062 9.90847e-24
735.726 9.92577e-24
737.394 9.94312e-24
739.065 9.96051e-24
740.74 9.97795e-24
742.419 9.99545e-24
744.102 1.0013e-23
745.789 1.00306e-23
747.479 1.00482e-23
749.173 1.00659e-23
750.871 1.00837e-23
752.573 1.01014e-23
754.279 1.01193e-23
755.989 1.01372e-23
757.702 1.01551e-23
759.42 1.01731e-23
761.141 1.01911e-23
762.866 1.02092e-23
764.596 1.02274e-23
766.329 1.02456e-23
768.066 1.02638e-23
769.807 1.02821e-23
771.552 1.03005e-23
773.3 1.03189e-23
775.053 1.03373e-23
776.81 1.03558e-23
778.571 1.03744e-23
780.335 1.0393e-23
782.104 1.04116e-23
783.877 1.04303e-23
785.654 1.04491e-23
787.434 1.04679e-23
789.219 1.04867e-23
791.008 1.05057e-23
792.801 1.05246e-23
794.598 1.05436e-23
796.399 1.05627e-23
798.204 1.05818e-23
800.014 1.0601e-23
801.827 1.06202e-23
803.644 1.06395e-23
805.466 1.06589e-23
807.292 1.06782e-23
809.122 1.06977e-23
810.956 1.07172e-23
812.794 1.07367e-23
814.636 1.07563e-23
816.482 1.0776e-23
818.333 1.07957e-23
820.188 1.08154e-23
822.047 1.08353e-23
823.91 1.08551e-23
825.778 1.08751e-23
827.65 1.0895e-23
829.526 1.09151e-23
831.406 1.09352e-23
833.29 1.09553e-23
835.179 1.09755e-23
837.072 1.09958e-23
838.97 1.10161e-23
840.871 1.10364e-23
842.777 1.10568e-23
844.687 1.10773e-23
846.602 1.10978e-23
848.521 1.11184e-23
850.444 1.11391e-23
852.372 1.11598e-23
854.304 1.11805e-23
856.24 1.12013e-23
858.181 1.12222e-23
860.126 1.12431e-23
862.076 1.12641e-23
864.03 1.12851e-23
865.988 1.13062e-23
867.951 1.13274e-23
869.919 1.13486e-23
871.89 1.13698e-23
873.867 1.13911e-23
875.847 1.14125e-23
877.833 1.14339e-23
879.822 1.14554e-23
881.817 1.1477e-23
883.815 1.14986e-23
885.819 1.15202e-23
887.826 1.1542e-23
889.839 1.15637e-23
891.856 1.15856e-23
893.877 1.16075e-23
895.903 1.16294e-23
897.934 1.16514e-23
899.969 1.16735e-23
902.009 1.16956e-23
904.054 1.17178e-23
906.103 1.17401e-23
908.157 1.17624e-23
910.215 1.17847e-23
912.278 1.18072e-23
914.346 1.18296e-23
916.419 1.18522e-23
918.496 1.18748e-23
920.578 1.18975e-23
922.664 1.19202e-23
924.756 1.1943e-23
926.852 1.19658e-23
928.953 1.19887e-23
931.058 1.20117e-23
933.169 1.20347e-23
935.284 1.20578e-23
937.404 1.20809e-23
939.529 1.21041e-23
941.658 1.21274e-23
943.793 1.21508e-23
945.932 1.21742e-23
948.076 1.21976e-23
950.225 1.22212e-23
952.379 1.22448e-23
954.537 1.22685e-23
956.701 1.22925e-23
958.87 1.23181e-23
961.043 1.24554e-23
963.221 1.23648e-23
965.405 1.23878e-23
967.593 1.24116e-23
969.786 1.24356e-23
971.984 1.24597e-23
974.187 1.24839e-23
976.395 1.25081e-23
978.609 1.25324e-23
980.827 1.25568e-23
983.05 1.25813e-23
985.278 1.26058e-23
987.511 1.26304e-23
989.75 1.2655e-23
991.993 1.26797e-23
994.242 1.27045e-23
996.495 1.27293e-23
998.754 1.27542e-23
1001.02 1.27792e-23
1003.29 1.28042e-23
1005.56 1.28293e-23
1007.84 1.28545e-23
1010.12 1.28797e-23
1012.41 1.2905e-23
1014.71 1.29303e-23
1017.01 1.29558e-23
1019.31 1.29812e-23
1021.62 1.30068e-23
1023.94 1.30324e-23
1026.26 1.30581e-23
1028.59 1.30838e-23
1030.92 1.31097e-23
1033.26 1.31355e-23
1035.6 1.31615e-23
1037.94 1.31875e-23
1040.3 1.32136e-23
1042.66 1.32398e-23
1045.02 1.3266e-23
1047.39 1.32923e-23
1049.76 1.33186e-23
1052.14 1.3345e-23
1054.53 1.33715e-23
1056.92 1.33981e-23
1059.31 1.34247e-23
1061.71 1.34514e-23
1064.12 1.34782e-23
1066.53 1.3505e-23
1068.95 1.35319e-23
1071.37 1.35588e-23
1073.8 1.35859e-23
1076.23 1.3613e-23
1078.67 1.36402e-23
1081.12 1.36674e-23
1083.57 1.36947e-23
1086.02 1.37221e-23
1088.49 1.37495e-23
1090.95 1.37771e-23
1093.43 1.38047e-23
1095.9 1.38323e-23
1098.39 1.386e-23
1100.88 1.38879e-23
1103.37 1.39157e-23
1105.87 1.39437e-23
1108.38 1.39717e-23
1110.89 1.39998e-23
1113.41 1.40279e-23
1115.94 1.40562e-23
1118.46 1.40845e-23
1121 1.41128e-23
1123.54 1.41413e-23
1126.09 1.41698e-23
1128.64 1.41984e-23
1131.2 1.4227e-23
1133.76 1.42558e-23
1136.33 1.42846e-23
1138.91 1.43134e-23
1141.49 1.43424e-23
1144.08 1.43714e-23
1146.67 1.44005e-23
1149.27 1.44297e-23
1151.87 1.44589e-23
1154.48 1.44882e-23
1157.1 1.45176e-23
1159.72 1.45471e-23
1162.35 1.45766e-23
1164.99 1.46062e-23
1167.63 1.46359e-23
1170.27 1.46657e-23
1172.93 1.46955e-23
1175.59 1.47254e-23
1178.25 1.47554e-23
1180.92 1.47855e-23
1183.6 1.48156e-23
1186.28 1.48458e-23
1188.97 1.48761e-23
1191.66 1.49065e-23
1194.37 1.49369e-23
1197.07 1.49674e-23
1199.79 1.4998e-23
1202.51 1.50287e-23
1205.23 1.50594e-23
1207.96 1.50903e-23
1210.7 1.51212e-23
1213.45 1.51521e-23
1216.2 1.51832e-23
1218.95 1.52143e-23
1221.72 1.52455e-23
1224.48 1.52768e-23
1227.26 1.53082e-23
1230.04 1.53396e-23
1232.83 1.53711e-23
1235.62 1.54027e-23
1238.43 1.54344e-23
1241.23 1.54662e-23
1244.05 1.5498e-23
1246.87 1.55299e-23
1249.69 1.55619e-23
1252.52 1.5594e-23
1255.36 1.56261e-23
1258.21 1.56584e-23
1261.06 1.56907e-23
1263.92 1.57231e-23
1266.78 1.57555e-23
1269.66 1.57881e-23
1272.53 1.58207e-23
1275.42 1.58534e-23
1278.31 1.58862e-23
1281.21 1.59191e-23
1284.11 1.59521e-23
1287.02 1.59851e-23
1289.94 1.60182e-23
1292.86 1.60514e-23
1295.79 1.60847e-23
1298.73 1.61181e-23
1301.67 1.61515e-23
1304.62 1.6185e-23
1307.58 1.62186e-23
1310.54 1.62523e-23
1313.51 1.62861e-23
1316.49 1.632e-23
1319.48 1.63539e-23
1322.47 1.6388e-23
1325.46 1.64221e-23
1328.47 1.64563e-23
1331.48 1.64905e-23
1334.5 1.65249e-23
1337.52 1.65594e-23
1340.55 1.65939e-23
1343.59 1.66285e-23
1346.64 1.66632e-23
1349.69 1.6698e-23
1352.75 1.67329e-23
1355.82 1.67678e-23
1358.89 1.68029e-23
1361.97 1.6838e-23
1365.06 1.68732e-23
1368.15 1.69085e-23
1371.25 1.69439e-23
1374.36 1.69794e-23
1377.48 1.70149e-23
1380.6 1.70506e-23
1383.73 1.70863e-23
1386.86 1.71222e-23
1390.01 1.71581e-23
1393.16 1.71941e-23
1396.32 1.72302e-23
1399.48 1.72663e-23
1402.65 1.73026e-23
1405.83 1.73389e-23
1409.02 1.73754e-23
1412.21 1.74119e-23
1415.41 1.74485e-23
1418.62 1.74852e-23
1421.84 1.7522e-23
1425.06 1.75589e-23
1428.29 1.75959e-23
1431.53 1.7633e-23
1434.77 1.76702e-23
1438.02 1.77075e-23
1441.28 1.78283e-23
1444.55 1.77822e-23
1447.82 1.78197e-23
1451.11 1.78573e-23
1454.4 1.7895e-23
1457.69 1.79328e-23
1461 1.79706e-23
1464.31 1.80086e-23
1467.63 1.80467e-23
1470.95 1.80848e-23
1474.29 1.81231e-23
1477.63 1.81614e-23
1480.98 1.81999e-23
1484.34 1.82384e-23
1487.7 1.8277e-23
1491.07 1.83158e-23
1494.45 1.83546e-23
1497.84 1.83935e-23
1501.23 1.84325e-23
1504.64 1.84716e-23
1508.05 1.85108e-23
1511.47 1.855e-23
1514.89 1.85894e-23
1518.33 1.86289e-23
1521.77 1.86685e-23
1525.22 1.87081e-23
1528.67 1.87479e-23
1532.14 1.87877e-23
1535.61 1.88277e-23
1539.09 1.88677e-23
1542.58 1.89079e-23
1546.08 1.89481e-23
1549.58 1.89885e-23
1553.09 1.90289e-23
1556.61 1.90694e-23
1560.14 1.91101e-23
1563.68 1.91508e-23
1567.22 1.91916e-23
1570.77 1.92325e-23
1574.34 1.92736e-23
1577.9 1.93147e-23
1581.48 1.93559e-23
1585.06 1.93972e-23
1588.66 1.94386e-23
1592.26 1.94802e-23
1595.87 1.95218e-23
1599.48 1.95635e-23
1603.11 1.96053e-23
1606.74 1.96472e-23
1610.39 1.96893e-23
1614.04 1.97314e-23
1617.69 1.97736e-23
1621.36 1.98159e-23
1625.04 1.98583e-23
1628.72 1.99009e-23
1632.41 1.99435e-23
1636.11 1.99862e-23
1639.82 2.00291e-23
1643.54 2.0072e-23
1647.26 2.0115e-23
1651 2.01582e-23
1654.74 2.02014e-23
1658.49 2.02448e-23
1662.25 2.02882e-23
1666.02 2.03318e-23
1669.79 2.03754e-23
1673.58 2.04192e-23
1677.37 2.04631e-23
1681.17 2.0507e-23
1684.98 2.05511e-23
1688.8 2.05953e-23
1692.63 2.06396e-23
1696.47 2.0684e-23
1700.31 2.07285e-23
1704.17 2.07731e-23
1708.03 2.08178e-23
1711.9 2.08626e-23
1715.78 2.09075e-23
1719.67 2.09526e-23
1723.57 2.09977e-23
1727.47 2.10429e-23
1731.39 2.10883e-23
1735.31 2.11338e-23
1739.25 2.11793e-23
1743.19 2.1225e-23
1747.14 2.12708e-23
1751.1 2.13167e-23
1755.07 2.13627e-23
1759.05 2.14088e-23
1763.04 2.1455e-23
1767.03 2.15014e-23
1771.04 2.15478e-23
1775.05 2.15944e-23
1779.07 2.1641e-23
1783.11 2.16878e-23
1787.15 2.17347e-23
1791.2 2.17817e-23
1795.26 2.18288e-23
1799.33 2.1876e-23
1803.41 2.19234e-23
1807.49 2.19708e-23
1811.59 2.20184e-23
1815.7 2.20661e-23
1819.81 2.21138e-23
1823.94 2.21617e-23
1828.07 2.22097e-23
1832.22 2.22579e-23
1836.37 2.23061e-23
1840.53 2.23545e-23
1844.7 2.24029e-23
1848.88 2.24515e-23
1853.08 2.25002e-23
1857.28 2.2549e-23
1861.49 2.2598e-23
1865.7 2.2647e-23
1869.93 2.26962e-23
1874.17 2.27454e-23
1878.42 2.27948e-23
1882.68 2.28444e-23
1886.95 2.2894e-23
1891.22 2.29437e-23
1895.51 2.29936e-23
1899.81 2.30436e-23
1904.11 2.30937e-23
1908.43 2.31439e-23
1912.75 2.31942e-23
1917.09 2.32447e-23
1921.43 2.3321e-23
1925.79 2.3346e-23
1930.15 2.33968e-23
1934.53 2.34477e-23
1938.91 2.34987e-23
1943.31 2.35499e-23
1947.71 2.36012e-23
1952.13 2.36526e-23
1956.55 2.37041e-23
1960.99 2.37558e-23
1965.43 2.38076e-23
1969.89 2.38595e-23
1974.35 2.39115e-23
1978.83 2.39636e-23
1983.31 2.40159e-23
1987.81 2.40683e-23
1992.31 2.41208e-23
1996.83 2.41735e-23
2001.36 2.42262e-23
2005.89 2.42791e-23
2010.44 2.43321e-23
2015 2.43853e-23
2019.56 2.44385e-23
2024.14 2.44919e-23
2028.73 2.45454e-23
2033.33 2.4599e-23
2037.94 2.46528e-23
2042.56 2.47067e-23
2047.19 2.47607e-23
2051.83 2.48149e-23
2056.48 2.48691e-23
2061.14 2.49235e-23
2065.81 2.4978e-23
2070.49 2.50327e-23
2075.19 2.50875e-23
2079.89 2.51424e-23
2084.6 2.51974e-23
2089.33 2.52526e-23
2094.06 2.53079e-23
2098.81 2.53633e-23
2103.57 2.54189e-23
2108.34 2.54746e-23
2113.12 2.55304e-23
2117.9 2.55863e-23
2122.71 2.56424e-23
2127.52 2.56986e-23
2132.34 2.57549e-23
2137.17 2.58114e-23
2142.02 2.5868e-23
2146.87 2.59248e-23
2151.74 2.59816e-23
2156.62 2.60386e-23
2161.5 2.60958e-23
2166.4 2.61531e-23
2171.31 2.62105e-23
2176.23 2.6268e-23
2181.17 2.63257e-23
2186.11 2.63835e-23
2191.07 2.64414e-23
2196.03 2.64995e-23
2201.01 2.65577e-23
2206 2.66161e-23
2211 2.66746e-23
2216.01 2.67332e-23
2221.03 2.6792e-23
2226.07 2.68509e-23
2231.11 2.69099e-23
2236.17 2.69691e-23
2241.24 2.70284e-23
2246.32 2.70878e-23
2251.41 2.71474e-23
2256.51 2.72072e-23
2261.63 2.7267e-23
2266.76 2.7327e-23
2271.89 2.73872e-23
2277.04 2.74475e-23
2282.2 2.75079e-23
2287.38 2.75685e-23
2292.56 2.76292e-23
2297.76 2.769e-23
2302.97 2.7751e-23
2308.19 2.78122e-23
2313.42 2.78735e-23
2318.66 2.79349e-23
2323.92 2.79965e-23
2329.19 2.80582e-23
2334.46 2.812e-23
2339.76 2.8182e-23
2345.06 2.82442e-23
2350.38 2.83064e-23
2355.7 2.83689e-23
2361.04 2.84315e-23
2366.39 2.84942e-23
2371.76 2.85571e-23
2377.13 2.86201e-23
2382.52 2.86832e-23
2387.92 2.87465e-23
2393.33 2.881e-23
2398.76 2.88736e-23
2404.2 2.89374e-23
2409.65 2.90013e-23
2415.11 2.90653e-23
2420.58 2.91295e-23
2426.07 2.91939e-23
2431.57 2.92584e-23
2437.08 2.9323e-23
2442.6 2.93878e-23
2448.14 2.94527e-23
2453.69 2.95178e-23
2459.25 2.95831e-23
2464.82 2.96485e-23
2470.41 2.97141e-23
2476.01 2.97798e-23
2481.62 2.98456e-23
2487.25 2.99116e-23
2492.89 2.99778e-23
2498.54 3.00441e-23
2504.2 3.01106e-23
2509.88 3.01772e-23
2515.56 3.0244e-23
2521.27 3.03109e-23
2526.98 3.0378e-23
2532.71 3.04453e-23
2538.45 3.05127e-23
2544.2 3.05802e-23
2549.97 3.0648e-23
2555.75 3.07158e-23
2561.54 3.07839e-23
2567.35 3.08521e-23
2573.17 3.09204e-23
2579 3.09889e-23
2584.85 3.10576e-23
2590.71 3.11264e-23
2596.58 3.11954e-23
2602.46 3.12645e-23
2608.36 3.13338e-23
2614.27 3.14033e-23
2620.2 3.14729e-23
2626.14 3.15427e-23
2632.09 3.16127e-23
2638.06 3.16828e-23
2644.04 3.17531e-23
2650.03 3.18235e-23
2656.04 3.18941e-23
2662.06 3.19649e-23
2668.09 3.20358e-23
2674.14 3.21069e-23
2680.2 3.21781e-23
2686.28 3.22495e-23
2692.36 3.23211e-23
2698.47 3.23929e-23
2704.58 3.24648e-23
2710.71 3.25369e-23
2716.86 3.26091e-23
2723.02 3.26816e-23
2729.19 3.27541e-23
2735.37 3.28269e-23
2741.57 3.28998e-23
2747.79 3.29729e-23
2754.02 3.30462e-23
2760.26 3.31196e-23
2766.52 3.31932e-23
2772.79 3.3267e-23
2779.07 3.33409e-23
2785.37 3.3415e-23
2791.68 3.34893e-23
2798.01 3.35637e-23
2804.35 3.36384e-23
2810.71 3.37132e-23
2817.08 3.37881e-23
2823.47 3.38633e-23
2829.87 3.39386e-23
2836.28 3.40141e-23
2842.71 3.40898e-23
2849.15 3.41656e-23
2855.61 3.42416e-23
2862.08 3.43178e-23
2868.57 3.43942e-23
2875.07 3.44707e-23
2881.59 3.45475e-23
2888.12 3.46243e-23
2894.67 3.47014e-23
2901.23 3.47787e-23
2907.8 3.48561e-23
2914.4 3.49337e-23
2921 3.50115e-23
2927.62 3.50894e-23
2934.26 3.51676e-23
2940.91 3.52459e-23
2947.57 3.53244e-23
2954.26 3.54031e-23
2960.95 3.5482e-23
2967.66 3.5561e-23
2974.39 3.56403e-23
2981.13 3.57197e-23
2987.89 3.57993e-23
2994.66 3.58791e-23
3001.45 3.59591e-23
3008.25 3.60392e-23
3015.07 3.61195e-23
3021.91 3.62001e-23
3028.76 3.62808e-23
3035.62 3.63617e-23
3042.5 3.64427e-23
3049.4 3.6524e-23
3056.31 3.66055e-23
3063.24 3.66871e-23
3070.18 3.67689e-23
3077.14 3.6851e-23
3084.11 3.69332e-23
3091.1 3.70156e-23
3098.11 3.70982e-23
3105.13 3.71809e-23
3112.17 3.72639e-23
3119.23 3.73471e-23
3126.3 3.74304e-23
3133.38 3.75139e-23
3140.48 3.75977e-23
3147.6 3.76816e-23
3154.74 3.77657e-23
3161.89 3.785e-23
3169.05 3.79345e-23
3176.24 3.80193e-23
3183.44 3.81041e-23
3190.65 3.81892e-23
3197.89 3.82745e-23
3205.13 3.836e-23
3212.4 3.84457e-23
3219.68 3.85316e-23
3226.98 3.86176e-23
3234.29 3.87039e-23
3241.62 3.87904e-23
3248.97 3.88771e-23
3256.33 3.89639e-23
3263.72 3.9051e-23
3271.11 3.91383e-23
3278.53 3.92257e-23
3285.96 3.93134e-23
3293.41 3.94013e-23
3300.87 3.94894e-23
3308.35 3.95776e-23
3315.85 3.96661e-23
3323.37 3.97548e-23
3330.9 3.98437e-23
3338.45 3.99328e-23
3346.02 4.00221e-23
3353.6 4.01116e-23
3361.2 4.02013e-23
3368.82 4.02912e-23
3376.46 4.03813e-23
3384.11 4.04717e-23
3391.78 4.05622e-23
3399.47 4.06529e-23
3407.18 4.07439e-23
3414.9 4.0835e-23
3422.64 4.09264e-23
3430.4 4.1018e-23
3438.17 4.11098e-23
3445.97 4.12018e-23
3453.78 4.1294e-23
3461.61 4.13864e-23
3469.45 4.1479e-23
3477.32 4.15719e-23
3485.2 4.1665e-23
3493.1 4.17582e-23
3501.01 4.18517e-23
3508.95 4.19454e-23
3516.9 4.20393e-23
3524.88 4.21335e-23
3532.86 4.22278e-23
3540.87 4.23224e-23
3548.9 4.24172e-23
3556.94 4.25122e-23
3565 4.26074e-23
3573.09 4.27028e-23
3581.18 4.27985e-23
3589.3 4.28944e-23
3597.44 4.29905e-23
3605.59 4.30868e-23
3613.76 4.31833e-23
3621.96 4.32801e-23
3630.16 4.3377e-23
3638.39 4.34742e-23
3646.64 4.35717e-23
3654.91 4.36693e-23
3663.19 4.37672e-23
3671.49 4.38653e-23
3679.82 4.39636e-23
3688.16 4.40621e-23
3696.52 4.41609e-23
3704.89 4.42599e-23
3713.29 4.43591e-23
3721.71 4.44586e-23
3730.14 4.45583e-23
3738.6 4.46582e-23
3747.07 4.47583e-23
3755.57 4.48587e-23
3764.08 4.49593e-23
3772.61 4.50601e-23
3781.16 4.51612e-23
3789.73 4.52625e-23
3798.32 4.5364e-23
3806.93 4.54657e-23
3815.56 4.55677e-23
3824.21 4.567e-23
3832.88 4.57724e-23
3841.57 4.58751e-23
3850.27 4.5978e-23
3859 4.60812e-23
3867.75 4.61846e-23
3876.51 4.62882e-23
3885.3 4.63921e-23
3894.11 4.64962e-23
3902.93 4.66005e-23
3911.78 4.67051e-23
3920.65 4.681e-23
3929.53 4.6915e-23
3938.44 4.70203e-23
3947.37 4.71259e-23
3956.32 4.72317e-23
3965.28 4.73377e-23
3974.27 4.7444e-23
3983.28 4.75505e-23
3992.31 4.76573e-23
4001.36 4.77643e-23
4010.43 4.78715e-23
4019.52 4.7979e-23
4028.63 4.80867e-23
4037.76 4.81947e-23
4046.91 4.8303e-23
4056.08 4.84115e-23
4065.28 4.85202e-23
4074.49 4.86292e-23
4083.73 4.87384e-23
4092.98 4.88479e-23
4102.26 4.89576e-23
4111.56 4.90676e-23
4120.88 4.91778e-23
4130.22 4.92883e-23
4139.58 4.9399e-23
4148.96 4.951e-23
4158.37 4.96213e-23
4167.79 4.97328e-23
4177.24 4.98445e-23
4186.71 4.99565e-23
4196.2 5.00688e-23
4205.71 5.01813e-23
4215.24 5.02941e-23
4224.8 5.04071e-23
4234.37 5.05204e-23
4243.97 5.0634e-23
4253.59 5.07478e-23
4263.23 5.08619e-23
4272.9 5.09762e-23
4282.58 5.10908e-23
4292.29 5.12056e-23
4302.02 5.13208e-23
4311.77 5.14361e-23
4321.54 5.15518e-23
4331.34 5.16677e-23
4341.15 5.17839e-23
4350.99 5.19003e-23
4360.86 5.2017e-23
4370.74 5.2134e-23
4380.65 5.22512e-23
4390.58 5.23687e-23
4400.53 5.24865e-23
4410.5 5.26046e-23
4420.5 5.27229e-23
4430.52 5.28415e-23
4440.56 5.29603e-23
4450.63 5.30795e-23
4460.72 5.31989e-23
4470.83 5.33185e-23
4480.96 5.34385e-23
4491.12 5.35587e-23
4501.3 5.36792e-23
4511.5 5.38e-23
4521.73 5.3921e-23
4531.97 5.40423e-23
4542.25 5.41639e-23
4552.54 5.42858e-23
4562.86 5.4408e-23
4573.2 5.45304e-23
4583.57 5.46531e-23
4593.96 5.47761e-23
4604.37 5.48994e-23
4614.81 5.50229e-23
4625.27 5.51468e-23
4635.75 5.52709e-23
4646.26 5.53953e-23
4656.79 5.552e-23
4667.35 5.5645e-23
4677.93 5.57702e-23
4688.53 5.58958e-23
4699.16 5.60216e-23
4709.81 5.61477e-23
4720.48 5.62741e-23
4731.18 5.64008e-23
4741.91 5.65278e-23
4752.66 5.66551e-23
4763.43 5.67826e-23
4774.22 5.69105e-23
4785.05 5.70386e-23
4795.89 5.71671e-23
4806.76 5.72958e-23
4817.66 5.74248e-23
4828.58 5.75542e-23
4839.52 5.76838e-23
4850.49 5.78137e-23
4861.49 5.79439e-23
4872.51 5.80744e-23
4883.55 5.82052e-23
4894.62 5.83363e-23
4905.71 5.84677e-23
4916.83 5.85994e-23
4927.98 5.87314e-23
4939.15 5.88637e-23
4950.34 5.89963e-23
4961.56 5.91292e-23
4972.81 5.92624e-23
4984.08 5.93959e-23
4995.38 5.95297e-23
5006.7 5.96639e-23
5018.05 5.97983e-23
5029.42 5.9933e-23
5040.82 6.00681e-23
5052.25 6.02034e-23
5063.7 6.03391e-23
5075.18 6.0475e-23
5086.68 6.06113e-23
5098.21 6.07479e-23
5109.77 6.08848e-23
5121.35 6.1022e-23
5132.96 6.11595e-23
5144.59 6.12974e-23
5156.25 6.14355e-23
5167.94 6.1574e-23
5179.65 6.17128e-23
5191.4 6.18519e-23
5203.16 6.19913e-23
5214.96 6.2131e-23
5226.78 6.22711e-23
5238.62 6.24114e-23
5250.5 6.25521e-23
5262.4 6.26931e-23
5274.33 6.28345e-23
5286.28 6.29761e-23
5298.26 6.31181e-23
5310.27 6.32604e-23
5322.31 6.3403e-23
5334.37 6.3546e-23
5346.46 6.36893e-23
5358.58 6.38329e-23
5370.73 6.39768e-23
5382.9 6.4121e-23
5395.1 6.42656e-23
5407.33 6.44105e-23
5419.59 6.45558e-23
5431.87 6.47014e-23
5444.19 6.48473e-23
5456.53 6.49935e-23
5468.89 6.51401e-23
5481.29 6.5287e-23
5493.71 6.54342e-23
5506.17 6.55818e-23
5518.65 6.57297e-23
5531.16 6.5878e-23
5543.69 6.60266e-23
5556.26 6.61755e-23
5568.85 6.63248e-23
5581.47 6.64744e-23
5594.13 6.66243e-23
5606.81 6.67746e-23
5619.51 6.69253e-23
5632.25 6.70762e-23
5645.02 6.72275e-23
5657.81 6.73792e-23
5670.64 6.75312e-23
5683.49 6.76836e-23
5696.37 6.78363e-23
5709.28 6.79893e-23
5722.23 6.81427e-23
5735.2 6.82965e-23
5748.2 6.84506e-23
5761.23 6.8605e-23
5774.28 6.87598e-23
5787.37 6.8915e-23
5800.49 6.90705e-23
5813.64 6.92263e-23
5826.81 6.93825e-23
5840.02 6.95391e-23
5853.26 6.9696e-23
5866.53 6.98533e-23
5879.82 7.0011e-23
5893.15 7.0169e-23
5906.51 7.03273e-23
5919.9 7.04861e-23
5933.32 7.06451e-23
5946.76 7.08046e-23
5960.24 7.09644e-23
5973.75 7.11246e-23
5987.29 7.12851e-23
6000.86 7.1446e-23
6014.47 7.16073e-23
6028.1 7.17689e-23
6041.76 7.19309e-23
6055.46 7.20933e-23
6069.18 7.2256e-23
6082.94 7.24191e-23
6096.73 7.25826e-23
6110.55 7.27465e-23
6124.4 7.29107e-23
6138.28 7.30753e-23
6152.19 7.32403e-23
6166.14 7.34056e-23
6180.11 7.35713e-23
6194.12 7.37375e-23
6208.16 7.39039e-23
6222.23 7.40708e-23
6236.34 7.4238e-23
6250.47 7.44057e-23
6264.64 7.45737e-23
6278.84 7.4742e-23
6293.07 7.49108e-23
6307.34 7.508e-23
6321.63 7.52495e-23
6335.96 7.54194e-23
6350.32 7.55897e-23
6364.72 7.57604e-23
6379.14 7.59315e-23
6393.6 7.6103e-23
6408.09 7.62749e-23
6422.62 7.64471e-23
6437.18 7.66198e-23
6451.77 7.67928e-23
6466.39 7.69662e-23
6481.05 7.71401e-23
6495.74 7.73143e-23
6510.46 7.74889e-23
6525.22 7.76639e-23
6540.01 7.78394e-23
6554.83 7.80152e-23
6569.69 7.81914e-23
6584.58 7.8368e-23
6599.51 7.8545e-23
6614.47 7.87224e-23
6629.46 7.89003e-23
6644.48 7.90785e-23
6659.55 7.92571e-23
6674.64 7.94362e-23
6689.77 7.96156e-23
6704.93 7.97955e-23
6720.13 7.99757e-23
6735.36 8.01564e-23
6750.63 8.03375e-23
6765.93 8.0519e-23
6781.27 8.07009e-23
6796.64 8.08832e-23
6812.04 8.1066e-23
6827.48 8.12491e-23
6842.96 8.14327e-23
6858.47 8.16167e-23
6874.01 8.18011e-23
6889.6 8.19859e-23
6905.21 8.21711e-23
6920.86 8.23568e-23
6936.55 8.25429e-23
6952.27 8.27294e-23
6968.03 8.29164e-23
6983.83 8.31037e-23
6999.66 8.32915e-23
7015.52 8.34797e-23
7031.42 8.36684e-23
7047.36 8.38574e-23
7063.33 8.40469e-23
7079.34 8.42369e-23
7095.39 8.44272e-23
7111.47 8.4618e-23
7127.59 8.48092e-23
7143.75 8.50009e-23
7159.94 8.5193e-23
7176.17 8.53856e-23
7192.44 8.55785e-23
7208.74 8.57719e-23
7225.08 8.59658e-23
7241.45 8.61601e-23
7257.87 8.63548e-23
7274.32 8.655e-23
7290.81 8.67456e-23
7307.33 8.69417e-23
7323.9 8.71382e-23
7340.5 8.73352e-23
7357.14 8.75326e-23
7373.81 8.77304e-23
7390.53 8.79287e-23
7407.28 8.81275e-23
7424.07 8.83267e-23
7440.89 8.85264e-23
7457.76 8.87265e-23
7474.66 8.8927e-23
7491.61 8.91281e-23
7508.59 8.93295e-23
7525.61 8.95315e-23
7542.66 8.97339e-23
7559.76 8.99367e-23
7576.9 9.01401e-23
7594.07 9.03438e-23
7611.28 9.05481e-23
7628.54 9.07528e-23
7645.83 9.0958e-23
7663.16 9.11636e-23
7680.53 9.13697e-23
7697.94 9.15763e-23
7715.38 9.17833e-23
7732.87 9.19909e-23
7750.4 9.21988e-23
7767.97 9.24073e-23
7785.57 9.26162e-23
7803.22 9.28256e-23
7820.91 9.30355e-23
7838.64 9.32459e-23
7856.4 9.34567e-23
7874.21 9.36681e-23
7892.06 9.38798e-23
7909.95 9.40921e-23
7927.88 9.43049e-23
7945.85 9.45181e-23
7963.86 9.47319e-23
7981.91 9.49461e-23
8000 9.51608e-23
