9 1.73686e-21
9.0204 2.17143e-21
9.04085 2.91654e-21
9.06134 4.48765e-21
9.08188 9.95361e-21
9.10246 4.13627e-20
9.12309 6.62114e-21
9.14377 3.57098e-21
9.1645 2.43239e-21
9.18527 1.83753e-21
9.20609 1.47226e-21
9.22696 1.22535e-21
9.24787 1.04742e-21
9.26883 9.13212e-22
9.28984 8.08452e-22
9.3109 7.24468e-22
9.332 6.5569e-22
9.35316 5.98371e-22
9.37436 5.49904e-22
9.39561 5.08415e-22
9.4169 4.72522e-22
9.43825 4.41188e-22
9.45964 4.13614e-22
9.48108 3.89177e-22
9.50257 3.67386e-22
9.52411 3.47844e-22
9.5457 3.30233e-22
9.56734 3.14288e-22
9.58902 2.99792e-22
9.61076 2.86564e-22
9.63254 2.74451e-22
9.65437 2.63324e-22
9.67626 2.53072e-22
9.69819 2.436e-22
9.72017 2.34828e-22
9.7422 2.26683e-22
9.76429 2.19105e-22
9.78642 2.12038e-22
9.8086 2.05435e-22
9.83083 1.99255e-22
9.85312 1.9346e-22
9.87545 1.88017e-22
9.89783 1.82896e-22
9.92027 1.78072e-22
9.94275 1.73519e-22
9.96529 1.69217e-22
9.98788 1.65147e-22
10.0105 1.61291e-22
10.0332 1.57634e-22
10.0559 1.5416e-22
10.0787 1.50858e-22
10.1016 1.47714e-22
10.1245 1.44719e-22
10.1474 1.41862e-22
10.1704 1.39134e-22
10.1935 1.36526e-22
10.2166 1.34032e-22
10.2397 1.31643e-22
10.263 1.29353e-22
10.2862 1.27157e-22
10.3095 1.25048e-22
10.3329 1.23022e-22
10.3563 1.21073e-22
10.3798 1.19197e-22
10.4033 1.1739e-22
10.4269 1.15648e-22
10.4505 1.13967e-22
10.4742 1.12344e-22
10.498 1.10777e-22
10.5218 1.09261e-22
10.5456 1.07795e-22
10.5695 1.06375e-22
10.5935 1.05e-22
10.6175 1.03667e-22
10.6416 1.02374e-22
10.6657 1.01119e-22
10.6898 9.99003e-23
10.7141 9.87159e-23
10.7384 9.75645e-23
10.7627 9.64443e-23
10.7871 9.53541e-23
10.8115 9.42923e-23
10.8361 9.32578e-23
10.8606 9.22494e-23
10.8852 9.12658e-23
10.9099 9.03061e-23
10.9346 8.93693e-23
10.9594 8.84543e-23
10.9843 8.75602e-23
11.0092 8.66863e-23
11.0341 8.58317e-23
11.0591 8.49956e-23
11.0842 8.41774e-23
11.1093 8.33762e-23
11.1345 8.25916e-23
11.1597 8.18228e-23
11.185 8.10693e-23
11.2104 8.03305e-23
11.2358 7.9606e-23
11.2613 7.88951e-23
11.2868 7.81974e-23
11.3124 7.75125e-23
11.338 7.684e-23
11.3637 7.61794e-23
11.3895 7.55303e-23
11.4153 7.48923e-23
11.4412 7.42652e-23
11.4671 7.36486e-23
11.4931 7.30421e-23
11.5191 7.24454e-23
11.5452 7.18583e-23
11.5714 7.12804e-23
11.5976 7.07115e-23
11.6239 7.01514e-23
11.6503 6.95997e-23
11.6767 6.90563e-23
11.7031 6.8521e-23
11.7297 6.79934e-23
11.7563 6.74734e-23
11.7829 6.69609e-23
11.8096 6.64556e-23
11.8364 6.59572e-23
11.8632 6.54658e-23
11.8901 6.4981e-23
11.9171 6.45028e-23
11.9441 6.40309e-23
11.9711 6.35652e-23
11.9983 6.31056e-23
12.0255 6.26519e-23
12.0527 6.2204e-23
12.08 6.17618e-23
12.1074 6.13251e-23
12.1349 6.08939e-23
12.1624 6.04679e-23
12.1899 6.00471e-23
12.2176 5.96314e-23
12.2453 5.92207e-23
12.273 5.88148e-23
12.3008 5.84137e-23
12.3287 5.80173e-23
12.3567 5.76255e-23
12.3847 5.72382e-23
12.4127 5.68552e-23
12.4409 5.64766e-23
12.4691 5.61022e-23
12.4973 5.5732e-23
12.5257 5.53659e-23
12.5541 5.50038e-23
12.5825 5.46456e-23
12.611 5.42912e-23
12.6396 5.39407e-23
12.6683 5.35939e-23
12.697 5.32507e-23
12.7258 5.29111e-23
12.7546 5.25751e-23
12.7835 5.22426e-23
12.8125 5.19134e-23
12.8415 5.15876e-23
12.8706 5.12651e-23
12.8998 5.09459e-23
12.9291 5.06299e-23
12.9584 5.0317e-23
12.9877 5.00071e-23
13.0172 4.97004e-23
13.0467 4.93966e-23
13.0762 4.90957e-23
13.1059 4.87978e-23
13.1356 4.85027e-23
13.1654 4.82104e-23
13.1952 4.79209e-23
13.2251 4.76341e-23
13.2551 4.735e-23
13.2851 4.70686e-23
13.3153 4.67897e-23
13.3454 4.65134e-23
13.3757 4.62396e-23
13.406 4.59683e-23
13.4364 4.56995e-23
13.4668 4.54331e-23
13.4974 4.5169e-23
13.528 4.49073e-23
13.5586 4.46479e-23
13.5894 4.43908e-23
13.6202 4.4136e-23
13.651 4.38833e-23
13.682 4.36329e-23
13.713 4.33846e-23
13.7441 4.31384e-23
13.7752 4.28943e-23
13.8064 4.26523e-23
13.8377 4.24124e-23
13.8691 4.21744e-23
13.9005 4.19385e-23
13.932 4.17044e-23
13.9636 4.14724e-23
13.9953 4.12422e-23
14.027 4.10139e-23
14.0588 4.07875e-23
14.0907 4.05629e-23
14.1226 4.03401e-23
14.1546 4.01191e-23
14.1867 3.98999e-23
14.2188 3.96824e-23
14.2511 3.94667e-23
14.2834 3.92526e-23
14.3158 3.90402e-23
14.3482 3.88295e-23
14.3807 3.86204e-23
14.4133 3.84129e-23
14.446 3.82071e-23
14.4787 3.80028e-23
14.5116 3.78e-23
14.5444 3.75988e-23
14.5774 3.73992e-23
14.6105 3.7201e-23
14.6436 3.70043e-23
14.6768 3.68091e-23
14.71 3.66153e-23
14.7434 3.6423e-23
14.7768 3.62321e-23
14.8103 3.60426e-23
14.8439 3.58545e-23
14.8775 3.56677e-23
14.9112 3.54823e-23
14.945 3.52983e-23
14.9789 3.51155e-23
15.0128 3.49341e-23
15.0469 3.4754e-23
15.081 3.45752e-23
15.1152 3.43976e-23
15.1494 3.42213e-23
15.1838 3.40462e-23
15.2182 3.38723e-23
15.2527 3.36997e-23
15.2872 3.35283e-23
15.3219 3.3358e-23
15.3566 3.3189e-23
15.3914 3.30211e-23
15.4263 3.28543e-23
15.4613 3.26887e-23
15.4963 3.25243e-23
15.5315 3.23609e-23
15.5667 3.21987e-23
15.6019 3.20375e-23
15.6373 3.18774e-23
15.6728 3.17184e-23
15.7083 3.15605e-23
15.7439 3.14036e-23
15.7796 3.12478e-23
15.8153 3.1093e-23
15.8512 3.09392e-23
15.8871 3.07864e-23
15.9231 3.06346e-23
15.9592 3.04839e-23
15.9954 3.03341e-23
16.0316 3.01853e-23
16.068 3.00374e-23
16.1044 2.98905e-23
16.1409 2.97446e-23
16.1775 2.95996e-23
16.2142 2.94555e-23
16.2509 2.93123e-23
16.2877 2.91701e-23
16.3247 2.90288e-23
16.3617 2.88883e-23
16.3988 2.87488e-23
16.4359 2.86101e-23
16.4732 2.84723e-23
16.5105 2.83354e-23
16.5479 2.81993e-23
16.5855 2.80641e-23
16.623 2.79297e-23
16.6607 2.77962e-23
16.6985 2.76635e-23
16.7363 2.75316e-23
16.7743 2.74005e-23
16.8123 2.72703e-23
16.8504 2.71408e-23
16.8886 2.70122e-23
16.9269 2.68843e-23
16.9652 2.67572e-23
17.0037 2.66309e-23
17.0422 2.65053e-23
17.0809 2.63805e-23
17.1196 2.62565e-23
17.1584 2.61332e-23
17.1973 2.60107e-23
17.2363 2.58889e-23
17.2753 2.57678e-23
17.3145 2.56475e-23
17.3537 2.55279e-23
17.3931 2.5409e-23
17.4325 2.52908e-23
17.472 2.51733e-23
17.5116 2.50565e-23
17.5513 2.49404e-23
17.5911 2.4825e-23
17.631 2.47103e-23
17.6709 2.45963e-23
17.711 2.44829e-23
17.7511 2.43702e-23
17.7913 2.42581e-23
17.8317 2.41468e-23
17.8721 2.4036e-23
17.9126 2.39259e-23
17.9532 2.38165e-23
17.9939 2.37077e-23
18.0347 2.35995e-23
18.0756 2.3492e-23
18.1165 2.33851e-23
18.1576 2.32788e-23
18.1988 2.31731e-23
18.24 2.3068e-23
18.2813 2.29636e-23
18.3228 2.28597e-23
18.3643 2.27565e-23
18.4059 2.26538e-23
18.4477 2.25517e-23
18.4895 2.24502e-23
18.5314 2.23493e-23
18.5734 2.2249e-23
18.6155 2.21492e-23
18.6577 2.205e-23
18.7 2.19514e-23
18.7424 2.18534e-23
18.7848 2.17559e-23
18.8274 2.16589e-23
18.8701 2.15625e-23
18.9129 2.14666e-23
18.9557 2.13713e-23
18.9987 2.12766e-23
19.0418 2.11823e-23
19.0849 2.10886e-23
19.1282 2.09954e-23
19.1715 2.09028e-23
19.215 2.08107e-23
19.2585 2.07191e-23
19.3022 2.0628e-23
19.346 2.05374e-23
19.3898 2.04473e-23
19.4338 2.03577e-23
19.4778 2.02686e-23
19.522 2.01801e-23
19.5662 2.0092e-23
19.6105 2.00044e-23
19.655 1.99173e-23
19.6996 1.98307e-23
19.7442 1.97446e-23
19.789 1.96589e-23
19.8338 1.95737e-23
19.8788 1.9489e-23
19.9238 1.94048e-23
19.969 1.9321e-23
20.0142 1.92377e-23
20.0596 1.91549e-23
20.1051 1.90725e-23
20.1507 1.89906e-23
20.1963 1.89091e-23
20.2421 1.88281e-23
20.288 1.87475e-23
20.334 1.86674e-23
20.3801 1.85877e-23
20.4263 1.85084e-23
20.4726 1.84296e-23
20.519 1.83512e-23
20.5655 1.82733e-23
20.6121 1.81957e-23
20.6588 1.81186e-23
20.7056 1.8042e-23
20.7526 1.79657e-23
20.7996 1.78899e-23
20.8467 1.78145e-23
20.894 1.77395e-23
20.9414 1.76649e-23
20.9888 1.75907e-23
21.0364 1.75169e-23
21.0841 1.74435e-23
21.1319 1.73705e-23
21.1798 1.7298e-23
21.2278 1.72258e-23
21.2759 1.7154e-23
21.3241 1.70826e-23
21.3724 1.70116e-23
21.4209 1.6941e-23
21.4694 1.68707e-23
21.5181 1.68009e-23
21.5669 1.67314e-23
21.6158 1.66623e-23
21.6648 1.65936e-23
21.7139 1.65252e-23
21.7631 1.64573e-23
21.8124 1.63897e-23
21.8619 1.63224e-23
21.9114 1.62556e-23
21.9611 1.61891e-23
22.0109 1.61229e-23
22.0607 1.60571e-23
22.1107 1.59917e-23
22.1609 1.59266e-23
22.2111 1.58619e-23
22.2614 1.57975e-23
22.3119 1.57335e-23
22.3625 1.56698e-23
22.4132 1.56065e-23
22.464 1.55435e-23
22.5149 1.54809e-23
22.5659 1.54186e-23
22.6171 1.53566e-23
22.6683 1.5295e-23
22.7197 1.52337e-23
22.7712 1.51727e-23
22.8228 1.51121e-23
22.8746 1.50518e-23
22.9264 1.49918e-23
22.9784 1.49322e-23
23.0304 1.48728e-23
23.0827 1.48138e-23
23.135 1.47551e-23
23.1874 1.46967e-23
23.24 1.46387e-23
23.2926 1.4581e-23
23.3454 1.45235e-23
23.3984 1.44664e-23
23.4514 1.44096e-23
23.5045 1.43531e-23
23.5578 1.42969e-23
23.6112 1.4241e-23
23.6647 1.41854e-23
23.7184 1.41301e-23
23.7721 1.40751e-23
23.826 1.40204e-23
23.88 1.3966e-23
23.9342 1.39119e-23
23.9884 1.38581e-23
24.0428 1.38046e-23
24.0973 1.37514e-23
24.1519 1.36984e-23
24.2066 1.36458e-23
24.2615 1.35934e-23
24.3165 1.35413e-23
24.3716 1.34895e-23
24.4269 1.3438e-23
24.4822 1.33868e-23
24.5377 1.33358e-23
24.5933 1.32851e-23
24.6491 1.32347e-23
24.705 1.31846e-23
24.7609 1.31347e-23
24.8171 1.30851e-23
24.8733 1.30358e-23
24.9297 1.29867e-23
24.9862 1.29379e-23
25.0428 1.28894e-23
25.0996 1.28411e-23
25.1565 1.27931e-23
25.2135 1.27454e-23
25.2707 1.26979e-23
25.328 1.26506e-23
25.3854 1.26037e-23
25.4429 1.2557e-23
25.5006 1.25105e-23
25.5584 1.24643e-23
25.6163 1.24183e-23
25.6744 1.23726e-23
25.7326 1.23272e-23
25.7909 1.2282e-23
25.8493 1.2237e-23
25.9079 1.21923e-23
25.9667 1.21478e-23
26.0255 1.21036e-23
26.0845 1.20596e-23
26.1436 1.20158e-23
26.2029 1.19723e-23
26.2623 1.1929e-23
26.3218 1.1886e-23
26.3815 1.18432e-23
26.4413 1.18006e-23
26.5012 1.17583e-23
26.5613 1.17162e-23
26.6215 1.16743e-23
26.6818 1.16326e-23
26.7423 1.15912e-23
26.8029 1.155e-23
26.8637 1.15091e-23
26.9246 1.14683e-23
26.9856 1.14278e-23
27.0467 1.13875e-23
27.1081 1.13474e-23
27.1695 1.13076e-23
27.2311 1.12679e-23
27.2928 1.12285e-23
27.3547 1.11893e-23
27.4167 1.11503e-23
27.4788 1.11115e-23
27.5411 1.1073e-23
27.6035 1.10346e-23
27.6661 1.09965e-23
27.7288 1.09585e-23
27.7917 1.09208e-23
27.8546 1.08833e-23
27.9178 1.0846e-23
27.9811 1.08089e-23
28.0445 1.0772e-23
28.1081 1.07353e-23
28.1718 1.06988e-23
28.2356 1.06625e-23
28.2996 1.06264e-23
28.3638 1.05905e-23
28.4281 1.05549e-23
28.4925 1.05194e-23
28.5571 1.04841e-23
28.6218 1.0449e-23
28.6867 1.04141e-23
28.7517 1.03793e-23
28.8169 1.03448e-23
28.8822 1.03105e-23
28.9477 1.02764e-23
29.0133 1.02424e-23
29.079 1.02087e-23
29.1449 1.01751e-23
29.211 1.01417e-23
29.2772 1.01085e-23
29.3436 1.00755e-23
29.4101 1.00426e-23
29.4768 1.001e-23
29.5436 9.97753e-24
29.6105 9.94525e-24
29.6776 9.91314e-24
29.7449 9.88122e-24
29.8123 9.84947e-24
29.8799 9.8179e-24
29.9476 9.78651e-24
30.0155 9.75529e-24
30.0836 9.72424e-24
30.1517 9.69338e-24
30.2201 9.66268e-24
30.2886 9.63215e-24
30.3572 9.6018e-24
30.426 9.57162e-24
30.495 9.54161e-24
30.5641 9.51176e-24
30.6334 9.48208e-24
30.7028 9.45257e-24
30.7724 9.42323e-24
30.8422 9.39405e-24
30.9121 9.36504e-24
30.9822 9.33619e-24
31.0524 9.3075e-24
31.1228 9.27897e-24
31.1933 9.25061e-24
31.264 9.2224e-24
31.3349 9.19436e-24
31.4059 9.16647e-24
31.4771 9.13874e-24
31.5484 9.11117e-24
31.62 9.08375e-24
31.6916 9.05649e-24
31.7635 9.02938e-24
31.8355 9.00243e-24
31.9076 8.97563e-24
31.9799 8.94898e-24
32.0524 8.92248e-24
32.1251 8.89614e-24
32.1979 8.86994e-24
32.2709 8.8439e-24
32.344 8.818e-24
32.4173 8.79224e-24
32.4908 8.76664e-24
32.5645 8.74118e-24
32.6383 8.71587e-24
32.7122 8.6907e-24
32.7864 8.66567e-24
32.8607 8.64079e-24
32.9352 8.61605e-24
33.0098 8.59145e-24
33.0847 8.567e-24
33.1597 8.54268e-24
33.2348 8.5185e-24
33.3101 8.49446e-24
33.3857 8.47056e-24
33.4613 8.44679e-24
33.5372 8.42316e-24
33.6132 8.39967e-24
33.6894 8.37631e-24
33.7657 8.35309e-24
33.8423 8.33e-24
33.919 8.30704e-24
33.9959 8.28422e-24
34.0729 8.26152e-24
34.1501 8.23896e-24
34.2276 8.21653e-24
34.3051 8.19422e-24
34.3829 8.17205e-24
34.4608 8.15e-24
34.5389 8.12808e-24
34.6172 8.10629e-24
34.6957 8.08462e-24
34.7743 8.06308e-24
34.8532 8.04167e-24
34.9322 8.02037e-24
35.0113 7.99921e-24
35.0907 7.97816e-24
35.1702 7.95724e-24
35.2499 7.93643e-24
35.3298 7.91575e-24
35.4099 7.89519e-24
35.4902 7.87475e-24
35.5706 7.85442e-24
35.6513 7.83422e-24
35.7321 7.81413e-24
35.8131 7.79416e-24
35.8942 7.7743e-24
35.9756 7.75456e-24
36.0571 7.73494e-24
36.1389 7.71543e-24
36.2208 7.69603e-24
36.3029 7.67675e-24
36.3852 7.65758e-24
36.4676 7.63852e-24
36.5503 7.61958e-24
36.6331 7.60074e-24
36.7162 7.58202e-24
36.7994 7.5634e-24
36.8828 7.54489e-24
36.9664 7.52649e-24
37.0502 7.5082e-24
37.1342 7.49002e-24
37.2184 7.47194e-24
37.3027 7.45397e-24
37.3873 7.4361e-24
37.472 7.41834e-24
37.5569 7.40069e-24
37.6421 7.38313e-24
37.7274 7.36568e-24
37.8129 7.34834e-24
37.8986 7.33109e-24
37.9845 7.31395e-24
38.0706 7.2969e-24
38.1569 7.27996e-24
38.2434 7.26312e-24
38.3301 7.24638e-24
38.417 7.22973e-24
38.504 7.21318e-24
38.5913 7.19673e-24
38.6788 7.18038e-24
38.7665 7.16413e-24
38.8543 7.14797e-24
38.9424 7.1319e-24
39.0307 7.11593e-24
39.1191 7.10005e-24
39.2078 7.08427e-24
39.2967 7.06858e-24
39.3857 7.05299e-24
39.475 7.03749e-24
39.5645 7.02207e-24
39.6542 7.00675e-24
39.7441 6.99152e-24
39.8341 6.97638e-24
39.9244 6.96133e-24
40.0149 6.94637e-24
40.1056 6.9315e-24
40.1965 6.91671e-24
40.2876 6.90202e-24
40.379 6.88741e-24
40.4705 6.87288e-24
40.5622 6.85845e-24
40.6542 6.8441e-24
40.7463 6.82983e-24
40.8387 6.81565e-24
40.9312 6.80155e-24
41.024 6.78754e-24
41.117 6.77361e-24
41.2102 6.75976e-24
41.3036 6.74599e-24
41.3972 6.73231e-24
41.4911 6.71871e-24
41.5851 6.70518e-24
41.6794 6.69174e-24
41.7738 6.67838e-24
41.8685 6.6651e-24
41.9634 6.65189e-24
42.0585 6.63877e-24
42.1539 6.62572e-24
42.2494 6.61275e-24
42.3452 6.59986e-24
42.4412 6.58704e-24
42.5374 6.57431e-24
42.6338 6.56164e-24
42.7304 6.54905e-24
42.8273 6.53654e-24
42.9243 6.5241e-24
43.0216 6.51174e-24
43.1191 6.49944e-24
43.2169 6.48722e-24
43.3148 6.47508e-24
43.413 6.46301e-24
43.5114 6.451e-24
43.61 6.43907e-24
43.7089 6.42721e-24
43.808 6.41542e-24
43.9073 6.40371e-24
44.0068 6.39206e-24
44.1065 6.38048e-24
44.2065 6.36897e-24
44.3067 6.35752e-24
44.4071 6.34615e-24
44.5078 6.33484e-24
44.6087 6.3236e-24
44.7098 6.31243e-24
44.8111 6.30132e-24
44.9127 6.29028e-24
45.0145 6.27931e-24
45.1165 6.2684e-24
45.2188 6.25755e-24
45.3213 6.24677e-24
45.424 6.23606e-24
45.527 6.22541e-24
45.6302 6.21482e-24
45.7336 6.20429e-24
45.8373 6.19383e-24
45.9412 6.18342e-24
46.0453 6.17308e-24
46.1497 6.16281e-24
46.2543 6.15259e-24
46.3591 6.14243e-24
46.4642 6.13233e-24
46.5695 6.1223e-24
46.6751 6.11232e-24
46.7809 6.1024e-24
46.8869 6.09254e-24
46.9932 6.08274e-24
47.0997 6.073e-24
47.2064 6.06331e-24
47.3134 6.05368e-24
47.4207 6.04411e-24
47.5282 6.0346e-24
47.6359 6.02514e-24
47.7439 6.01574e-24
47.8521 6.00639e-24
47.9605 5.9971e-24
48.0693 5.98787e-24
48.1782 5.97868e-24
48.2874 5.96956e-24
48.3969 5.96048e-24
48.5066 5.95146e-24
48.6165 5.9425e-24
48.7267 5.93358e-24
48.8372 5.92472e-24
48.9479 5.91591e-24
49.0588 5.90715e-24
49.17 5.89845e-24
49.2814 5.88979e-24
49.3932 5.88119e-24
49.5051 5.87264e-24
49.6173 5.86413e-24
49.7298 5.85568e-24
49.8425 5.84728e-24
49.9555 5.83892e-24
50.0687 5.83062e-24
50.1822 5.82236e-24
50.2959 5.81416e-24
50.4099 5.806e-24
50.5242 5.79789e-24
50.6387 5.78982e-24
50.7535 5.78181e-24
50.8685 5.77384e-24
50.9838 5.76591e-24
51.0994 5.75804e-24
51.2152 5.7502e-24
51.3313 5.74242e-24
51.4477 5.73468e-24
51.5643 5.72699e-24
51.6812 5.71934e-24
51.7983 5.71173e-24
51.9157 5.70417e-24
52.0334 5.69665e-24
52.1513 5.68918e-24
52.2695 5.68175e-24
52.388 5.67436e-24
52.5068 5.66702e-24
52.6258 5.65972e-24
52.7451 5.65246e-24
52.8646 5.64525e-24
52.9844 5.63807e-24
53.1045 5.63094e-24
53.2249 5.62385e-24
53.3455 5.6168e-24
53.4665 5.60979e-24
53.5877 5.60282e-24
53.7091 5.59589e-24
53.8309 5.589e-24
53.9529 5.58215e-24
54.0752 5.57534e-24
54.1977 5.56857e-24
54.3206 5.56184e-24
54.4437 5.55515e-24
54.5671 5.54849e-24
54.6908 5.54187e-24
54.8148 5.5353e-24
54.939 5.52876e-24
55.0635 5.52225e-24
55.1883 5.51579e-24
55.3134 5.50936e-24
55.4388 5.50297e-24
55.5645 5.49661e-24
55.6904 5.49029e-24
55.8166 5.48401e-24
55.9432 5.47776e-24
56.07 5.47155e-24
56.1971 5.46538e-24
56.3244 5.45923e-24
56.4521 5.45313e-24
56.5801 5.44706e-24
56.7083 5.44102e-24
56.8368 5.43502e-24
56.9657 5.42905e-24
57.0948 5.42312e-24
57.2242 5.41721e-24
57.3539 5.41135e-24
57.4839 5.40551e-24
57.6142 5.39971e-24
57.7448 5.39394e-24
57.8757 5.38821e-24
58.0069 5.3825e-24
58.1383 5.37683e-24
58.2701 5.37119e-24
58.4022 5.36558e-24
58.5346 5.36001e-24
58.6673 5.35446e-24
58.8002 5.34895e-24
58.9335 5.34346e-24
59.0671 5.33801e-24
59.201 5.33259e-24
59.3352 5.3272e-24
59.4697 5.32184e-24
59.6045 5.3165e-24
59.7396 5.3112e-24
59.875 5.30593e-24
60.0107 5.30069e-24
60.1467 5.29547e-24
60.283 5.29029e-24
60.4197 5.28513e-24
60.5566 5.28001e-24
60.6939 5.27491e-24
60.8315 5.26984e-24
60.9693 5.26479e-24
61.1075 5.25978e-24
61.246 5.25479e-24
61.3849 5.24983e-24
61.524 5.2449e-24
61.6635 5.23999e-24
61.8032 5.23512e-24
61.9433 5.23026e-24
62.0837 5.22544e-24
62.2244 5.22064e-24
62.3655 5.21587e-24
62.5068 5.21112e-24
62.6485 5.2064e-24
62.7905 5.20171e-24
62.9328 5.19704e-24
63.0755 5.1924e-24
63.2185 5.18778e-24
63.3618 5.18319e-24
63.5054 5.17862e-24
63.6493 5.17408e-24
63.7936 5.16956e-24
63.9382 5.16507e-24
64.0831 5.1606e-24
64.2284 5.15616e-24
64.3739 5.15174e-24
64.5199 5.14734e-24
64.6661 5.14297e-24
64.8127 5.13862e-24
64.9596 5.1343e-24
65.1068 5.12999e-24
65.2544 5.12571e-24
65.4023 5.12146e-24
65.5506 5.11723e-24
65.6991 5.11302e-24
65.8481 5.10883e-24
65.9973 5.10466e-24
66.1469 5.10052e-24
66.2968 5.0964e-24
66.4471 5.0923e-24
66.5977 5.08822e-24
66.7487 5.08417e-24
66.9 5.08014e-24
67.0516 5.07612e-24
67.2036 5.07213e-24
67.3559 5.06816e-24
67.5086 5.06422e-24
67.6616 5.06029e-24
67.815 5.05638e-24
67.9687 5.0525e-24
68.1227 5.04863e-24
68.2771 5.04479e-24
68.4319 5.04097e-24
68.587 5.03716e-24
68.7425 5.03338e-24
68.8983 5.02961e-24
69.0545 5.02587e-24
69.211 5.02215e-24
69.3679 5.01844e-24
69.5251 5.01476e-24
69.6827 5.01109e-24
69.8406 5.00745e-24
69.9989 5.00382e-24
70.1576 5.00021e-24
70.3166 4.99662e-24
70.476 4.99305e-24
70.6357 4.9895e-24
70.7958 4.98597e-24
70.9563 4.98245e-24
71.1171 4.97895e-24
71.2783 4.97548e-24
71.4399 4.97202e-24
71.6018 4.96857e-24
71.7641 4.96515e-24
71.9268 4.96174e-24
72.0898 4.95836e-24
72.2532 4.95498e-24
72.417 4.95163e-24
72.5811 4.9483e-24
72.7457 4.94498e-24
72.9106 4.94168e-24
73.0758 4.93839e-24
73.2415 4.93512e-24
73.4075 4.93187e-24
73.5739 4.92864e-24
73.7406 4.92542e-24
73.9078 4.92222e-24
74.0753 4.91904e-24
74.2432 4.91587e-24
74.4115 4.91272e-24
74.5801 4.90958e-24
74.7492 4.90647e-24
74.9186 4.90336e-24
75.0884 4.90028e-24
75.2586 4.89721e-24
75.4292 4.89415e-24
75.6002 4.89111e-24
75.7715 4.88809e-24
75.9433 4.88508e-24
76.1154 4.88209e-24
76.2879 4.87911e-24
76.4609 4.87615e-24
76.6342 4.8732e-24
76.8079 4.87027e-24
76.982 4.86735e-24
77.1565 4.86445e-24
77.3313 4.86156e-24
77.5066 4.85869e-24
77.6823 4.85583e-24
77.8584 4.85298e-24
78.0349 4.85016e-24
78.2117 4.84734e-24
78.389 4.84454e-24
78.5667 4.84176e-24
78.7448 4.83898e-24
78.9233 4.83623e-24
79.1022 4.83348e-24
79.2815 4.83075e-24
79.4612 4.82804e-24
79.6413 4.82534e-24
79.8218 4.82265e-24
80.0027 4.81997e-24
80.1841 4.81731e-24
80.3658 4.81466e-24
80.548 4.81203e-24
80.7305 4.80941e-24
80.9135 4.8068e-24
81.0969 4.80421e-24
81.2807 4.80163e-24
81.465 4.79906e-24
81.6496 4.79651e-24
81.8347 4.79396e-24
82.0202 4.79144e-24
82.2061 4.78892e-24
82.3924 4.78642e-24
82.5792 4.78393e-24
82.7664 4.78145e-24
82.954 4.77898e-24
83.142 4.77653e-24
83.3304 4.77409e-24
83.5193 4.77166e-24
83.7086 4.76925e-24
83.8984 4.76685e-24
84.0885 4.76445e-24
84.2791 4.76208e-24
84.4702 4.75971e-24
84.6616 4.75735e-24
84.8535 4.75501e-24
85.0459 4.75268e-24
85.2386 4.75036e-24
85.4318 4.74806e-24
85.6255 4.74576e-24
85.8196 4.74348e-24
86.0141 4.74121e-24
86.2091 4.73895e-24
86.4045 4.7367e-24
86.6003 4.73446e-24
86.7966 4.73223e-24
86.9933 4.73002e-24
87.1905 4.72782e-24
87.3881 4.72563e-24
87.5862 4.72344e-24
87.7848 4.72128e-24
87.9837 4.71912e-24
88.1832 4.71697e-24
88.383 4.71483e-24
88.5834 4.71271e-24
88.7842 4.7106e-24
88.9854 4.70849e-24
89.1871 4.7064e-24
89.3893 4.70432e-24
89.5919 4.70225e-24
89.7949 4.70019e-24
89.9985 4.69814e-24
90.2025 4.6961e-24
90.4069 4.69407e-24
90.6118 4.69205e-24
90.8172 4.69005e-24
91.0231 4.68805e-24
91.2294 4.68606e-24
91.4362 4.68409e-24
91.6434 4.68212e-24
91.8512 4.68017e-24
92.0593 4.67822e-24
92.268 4.67629e-24
92.4772 4.67436e-24
92.6868 4.67245e-24
92.8969 4.67054e-24
93.1074 4.66865e-24
93.3185 4.66676e-24
93.53 4.66489e-24
93.742 4.66302e-24
93.9545 4.66117e-24
94.1674 4.65932e-24
94.3809 4.65749e-24
94.5948 4.65566e-24
94.8092 4.65384e-24
95.0241 4.65204e-24
95.2395 4.65024e-24
95.4554 4.64845e-24
95.6717 4.64668e-24
95.8886 4.64491e-24
96.1059 4.64315e-24
96.3238 4.6414e-24
96.5421 4.63966e-24
96.7609 4.63793e-24
96.9802 4.63621e-24
97.2001 4.6345e-24
97.4204 4.6328e-24
97.6412 4.63111e-24
97.8625 4.62942e-24
98.0843 4.62775e-24
98.3067 4.62609e-24
98.5295 4.62443e-24
98.7528 4.62278e-24
98.9767 4.62115e-24
99.201 4.61952e-24
99.4259 4.6179e-24
99.6512 4.61629e-24
99.8771 4.61469e-24
100.103 4.61309e-24
100.33 4.61151e-24
100.558 4.60994e-24
100.786 4.60837e-24
101.014 4.60681e-24
101.243 4.60527e-24
101.473 4.60373e-24
101.703 4.6022e-24
101.933 4.60068e-24
102.164 4.59916e-24
102.396 4.59766e-24
102.628 4.59616e-24
102.86 4.59468e-24
103.094 4.5932e-24
103.327 4.59173e-24
103.561 4.59027e-24
103.796 4.58882e-24
104.031 4.58737e-24
104.267 4.58594e-24
104.504 4.58451e-24
104.741 4.58309e-24
104.978 4.58168e-24
105.216 4.58028e-24
105.454 4.57889e-24
105.693 4.5775e-24
105.933 4.57613e-24
106.173 4.57476e-24
106.414 4.5734e-24
106.655 4.57205e-24
106.897 4.57071e-24
107.139 4.56937e-24
107.382 4.56804e-24
107.625 4.56673e-24
107.869 4.56542e-24
108.114 4.56411e-24
108.359 4.56282e-24
108.604 4.56154e-24
108.85 4.56026e-24
109.097 4.55899e-24
109.344 4.55773e-24
109.592 4.55648e-24
109.841 4.55523e-24
110.09 4.55399e-24
110.339 4.55277e-24
110.589 4.55154e-24
110.84 4.55033e-24
111.091 4.54913e-24
111.343 4.54793e-24
111.595 4.54674e-24
111.848 4.54556e-24
112.102 4.54439e-24
112.356 4.54322e-24
112.611 4.54207e-24
112.866 4.54092e-24
113.122 4.53978e-24
113.378 4.53864e-24
113.635 4.53752e-24
113.893 4.5364e-24
114.151 4.53529e-24
114.41 4.53419e-24
114.669 4.5331e-24
114.929 4.53201e-24
115.189 4.53093e-24
115.45 4.52986e-24
115.712 4.5288e-24
115.974 4.52774e-24
116.237 4.5267e-24
116.501 4.52566e-24
116.765 4.52463e-24
117.029 4.5236e-24
117.295 4.52259e-24
117.561 4.52158e-24
117.827 4.52058e-24
118.094 4.51958e-24
118.362 4.5186e-24
118.63 4.51762e-24
118.899 4.51665e-24
119.168 4.51569e-24
119.439 4.51473e-24
119.709 4.51379e-24
119.981 4.51285e-24
120.253 4.51191e-24
120.525 4.51099e-24
120.798 4.51007e-24
121.072 4.50916e-24
121.347 4.50826e-24
121.622 4.50737e-24
121.897 4.50648e-24
122.174 4.5056e-24
122.451 4.50473e-24
122.728 4.50387e-24
123.006 4.50301e-24
123.285 4.50217e-24
123.565 4.50133e-24
123.845 4.50049e-24
124.125 4.49967e-24
124.407 4.49885e-24
124.689 4.49804e-24
124.971 4.49724e-24
125.255 4.49644e-24
125.538 4.49565e-24
125.823 4.49487e-24
126.108 4.4941e-24
126.394 4.49333e-24
126.681 4.49258e-24
126.968 4.49183e-24
127.255 4.49108e-24
127.544 4.49035e-24
127.833 4.48962e-24
128.123 4.4889e-24
128.413 4.48819e-24
128.704 4.48748e-24
128.996 4.48678e-24
129.288 4.48609e-24
129.581 4.48541e-24
129.875 4.48474e-24
130.17 4.48407e-24
130.465 4.48341e-24
130.76 4.48275e-24
131.057 4.48211e-24
131.354 4.48147e-24
131.651 4.48084e-24
131.95 4.48022e-24
132.249 4.4796e-24
132.549 4.479e-24
132.849 4.4784e-24
133.15 4.4778e-24
133.452 4.47722e-24
133.755 4.47664e-24
134.058 4.47607e-24
134.362 4.47551e-24
134.666 4.47495e-24
134.971 4.4744e-24
135.277 4.47386e-24
135.584 4.47333e-24
135.891 4.47281e-24
136.199 4.47229e-24
136.508 4.47178e-24
136.817 4.47128e-24
137.128 4.47078e-24
137.438 4.47029e-24
137.75 4.46981e-24
138.062 4.46934e-24
138.375 4.46888e-24
138.689 4.46842e-24
139.003 4.46797e-24
139.318 4.46753e-24
139.634 4.46709e-24
139.95 4.46667e-24
140.268 4.46625e-24
140.586 4.46584e-24
140.904 4.46543e-24
141.224 4.46503e-24
141.544 4.46465e-24
141.865 4.46426e-24
142.186 4.46389e-24
142.508 4.46352e-24
142.831 4.46316e-24
143.155 4.46281e-24
143.48 4.46247e-24
143.805 4.46213e-24
144.131 4.46181e-24
144.457 4.46149e-24
144.785 4.46117e-24
145.113 4.46087e-24
145.442 4.46057e-24
145.772 4.46028e-24
146.102 4.46e-24
146.433 4.45972e-24
146.765 4.45946e-24
147.098 4.4592e-24
147.431 4.45895e-24
147.765 4.4587e-24
148.1 4.45847e-24
148.436 4.45824e-24
148.772 4.45802e-24
149.11 4.45781e-24
149.448 4.4576e-24
149.786 4.4574e-24
150.126 4.45721e-24
150.466 4.45703e-24
150.807 4.45686e-24
151.149 4.45669e-24
151.492 4.45653e-24
151.835 4.45638e-24
152.179 4.45624e-24
152.524 4.45611e-24
152.87 4.45598e-24
153.216 4.45586e-24
153.564 4.45575e-24
153.912 4.45565e-24
154.261 4.45555e-24
154.61 4.45546e-24
154.961 4.45538e-24
155.312 4.45531e-24
155.664 4.45525e-24
156.017 4.45519e-24
156.37 4.45514e-24
156.725 4.4551e-24
157.08 4.45507e-24
157.436 4.45505e-24
157.793 4.45503e-24
158.151 4.45503e-24
158.509 4.45503e-24
158.868 4.45503e-24
159.229 4.45505e-24
159.589 4.45507e-24
159.951 4.45511e-24
160.314 4.45515e-24
160.677 4.4552e-24
161.041 4.45525e-24
161.406 4.45532e-24
161.772 4.45539e-24
162.139 4.45547e-24
162.506 4.45556e-24
162.875 4.45566e-24
163.244 4.45576e-24
163.614 4.45588e-24
163.985 4.456e-24
164.356 4.45613e-24
164.729 4.45627e-24
165.102 4.45642e-24
165.477 4.45657e-24
165.852 4.45673e-24
166.228 4.45691e-24
166.604 4.45709e-24
166.982 4.45728e-24
167.361 4.45747e-24
167.74 4.45768e-24
168.12 4.45789e-24
168.501 4.45811e-24
168.883 4.45834e-24
169.266 4.45858e-24
169.65 4.45883e-24
170.034 4.45908e-24
170.419 4.45935e-24
170.806 4.45962e-24
171.193 4.4599e-24
171.581 4.46019e-24
171.97 4.46049e-24
172.36 4.4608e-24
172.75 4.46111e-24
173.142 4.46144e-24
173.534 4.46177e-24
173.928 4.46211e-24
174.322 4.46246e-24
174.717 4.46282e-24
175.113 4.46319e-24
175.51 4.46356e-24
175.908 4.46395e-24
176.307 4.46434e-24
176.706 4.46474e-24
177.107 4.46515e-24
177.508 4.46557e-24
177.91 4.466e-24
178.314 4.46644e-24
178.718 4.46688e-24
179.123 4.46734e-24
179.529 4.4678e-24
179.936 4.46828e-24
180.344 4.46876e-24
180.753 4.46925e-24
181.162 4.46975e-24
181.573 4.47026e-24
181.984 4.47077e-24
182.397 4.4713e-24
182.81 4.47183e-24
183.225 4.47238e-24
183.64 4.47293e-24
184.056 4.4735e-24
184.473 4.47407e-24
184.892 4.47465e-24
185.311 4.47524e-24
185.731 4.47584e-24
186.152 4.47645e-24
186.574 4.47706e-24
186.997 4.47769e-24
187.42 4.47833e-24
187.845 4.47897e-24
188.271 4.47963e-24
188.698 4.48029e-24
189.125 4.48096e-24
189.554 4.48165e-24
189.984 4.48234e-24
190.414 4.48304e-24
190.846 4.48375e-24
191.279 4.48447e-24
191.712 4.4852e-24
192.147 4.48594e-24
192.582 4.48669e-24
193.019 4.48745e-24
193.456 4.48822e-24
193.895 4.48899e-24
194.334 4.48978e-24
194.775 4.49058e-24
195.216 4.49138e-24
195.659 4.4922e-24
196.102 4.49303e-24
196.547 4.49386e-24
196.992 4.49471e-24
197.439 4.49556e-24
197.886 4.49643e-24
198.335 4.4973e-24
198.784 4.49819e-24
199.235 4.49908e-24
199.686 4.49998e-24
200.139 4.5009e-24
200.593 4.50182e-24
201.047 4.50276e-24
201.503 4.5037e-24
201.96 4.50465e-24
202.418 4.50562e-24
202.876 4.50659e-24
203.336 4.50757e-24
203.797 4.50857e-24
204.259 4.50957e-24
204.722 4.51059e-24
205.186 4.51161e-24
205.651 4.51265e-24
206.117 4.51369e-24
206.585 4.51475e-24
207.053 4.51581e-24
207.522 4.51689e-24
207.992 4.51797e-24
208.464 4.51907e-24
208.936 4.52018e-24
209.41 4.5213e-24
209.885 4.52242e-24
210.36 4.52356e-24
210.837 4.52471e-24
211.315 4.52587e-24
211.794 4.52704e-24
212.274 4.52822e-24
212.755 4.52941e-24
213.238 4.53061e-24
213.721 4.53182e-24
214.205 4.53305e-24
214.691 4.53428e-24
215.177 4.53552e-24
215.665 4.53678e-24
216.154 4.53804e-24
216.644 4.53932e-24
217.135 4.54061e-24
217.627 4.54191e-24
218.12 4.54322e-24
218.615 4.54454e-24
219.11 4.54587e-24
219.607 4.54721e-24
220.105 4.54856e-24
220.604 4.54993e-24
221.104 4.5513e-24
221.605 4.55269e-24
222.107 4.55409e-24
222.611 4.55549e-24
223.115 4.55691e-24
223.621 4.55834e-24
224.128 4.55979e-24
224.636 4.56124e-24
225.145 4.5627e-24
225.655 4.56418e-24
226.167 4.56567e-24
226.679 4.56717e-24
227.193 4.56868e-24
227.708 4.5702e-24
228.224 4.57173e-24
228.742 4.57328e-24
229.26 4.57483e-24
229.78 4.5764e-24
230.301 4.57798e-24
230.823 4.57957e-24
231.346 4.58117e-24
231.87 4.58279e-24
232.396 4.58441e-24
232.923 4.58605e-24
233.45 4.5877e-24
233.98 4.58936e-24
234.51 4.59104e-24
235.042 4.59272e-24
235.574 4.59442e-24
236.108 4.59613e-24
236.643 4.59785e-24
237.18 4.59958e-24
237.717 4.60133e-24
238.256 4.60308e-24
238.796 4.60485e-24
239.338 4.60663e-24
239.88 4.60843e-24
240.424 4.61023e-24
240.969 4.61205e-24
241.515 4.61388e-24
242.062 4.61572e-24
242.611 4.61758e-24
243.161 4.61945e-24
243.712 4.62133e-24
244.264 4.62322e-24
244.818 4.62512e-24
245.373 4.62704e-24
245.929 4.62897e-24
246.487 4.63091e-24
247.045 4.63286e-24
247.605 4.63483e-24
248.167 4.63681e-24
248.729 4.6388e-24
249.293 4.64081e-24
249.858 4.64283e-24
250.424 4.64486e-24
250.992 4.6469e-24
251.561 4.64896e-24
252.131 4.65103e-24
252.702 4.65311e-24
253.275 4.65521e-24
253.849 4.65732e-24
254.425 4.65944e-24
255.001 4.66157e-24
255.579 4.66372e-24
256.159 4.66588e-24
256.739 4.66805e-24
257.321 4.67024e-24
257.904 4.67244e-24
258.489 4.67466e-24
259.075 4.67688e-24
259.662 4.67912e-24
260.251 4.68138e-24
260.841 4.68365e-24
261.432 4.68593e-24
262.024 4.68822e-24
262.618 4.69053e-24
263.214 4.69285e-24
263.81 4.69518e-24
264.408 4.69753e-24
265.008 4.6999e-24
265.608 4.70227e-24
266.21 4.70466e-24
266.814 4.70707e-24
267.418 4.70948e-24
268.025 4.71191e-24
268.632 4.71436e-24
269.241 4.71682e-24
269.851 4.71929e-24
270.463 4.72178e-24
271.076 4.72428e-24
271.69 4.7268e-24
272.306 4.72933e-24
272.923 4.73187e-24
273.542 4.73443e-24
274.162 4.737e-24
274.784 4.73959e-24
275.406 4.74219e-24
276.031 4.7448e-24
276.656 4.74743e-24
277.283 4.75008e-24
277.912 4.75274e-24
278.542 4.75541e-24
279.173 4.7581e-24
279.806 4.7608e-24
280.44 4.76352e-24
281.076 4.76625e-24
281.713 4.76899e-24
282.351 4.77175e-24
282.991 4.77453e-24
283.633 4.77732e-24
284.276 4.78013e-24
284.92 4.78295e-24
285.566 4.78578e-24
286.213 4.78863e-24
286.862 4.7915e-24
287.512 4.79438e-24
288.164 4.79727e-24
288.817 4.80019e-24
289.472 4.80311e-24
290.128 4.80605e-24
290.785 4.80901e-24
291.444 4.81198e-24
292.105 4.81497e-24
292.767 4.81797e-24
293.431 4.82099e-24
294.096 4.82402e-24
294.763 4.82707e-24
295.431 4.83014e-24
296.1 4.83322e-24
296.771 4.83631e-24
297.444 4.83942e-24
298.118 4.84255e-24
298.794 4.84569e-24
299.471 4.84885e-24
300.15 4.85203e-24
300.83 4.85522e-24
301.512 4.85842e-24
302.196 4.86165e-24
302.881 4.86489e-24
303.567 4.86814e-24
304.255 4.87141e-24
304.945 4.8747e-24
305.636 4.878e-24
306.329 4.88132e-24
307.023 4.88466e-24
307.719 4.88801e-24
308.417 4.89138e-24
309.116 4.89476e-24
309.816 4.89816e-24
310.519 4.90158e-24
311.222 4.90501e-24
311.928 4.90846e-24
312.635 4.91193e-24
313.344 4.91541e-24
314.054 4.91892e-24
314.766 4.92243e-24
315.479 4.92597e-24
316.194 4.92952e-24
316.911 4.93309e-24
317.629 4.93667e-24
318.349 4.94027e-24
319.071 4.94389e-24
319.794 4.94753e-24
320.519 4.95118e-24
321.245 4.95485e-24
321.973 4.95854e-24
322.703 4.96224e-24
323.435 4.96596e-24
324.168 4.9697e-24
324.903 4.97346e-24
325.639 4.97723e-24
326.377 4.98102e-24
327.117 4.98483e-24
327.858 4.98866e-24
328.601 4.9925e-24
329.346 4.99637e-24
330.093 5.00024e-24
330.841 5.00414e-24
331.591 5.00806e-24
332.343 5.01199e-24
333.096 5.01594e-24
333.851 5.01991e-24
334.608 5.02389e-24
335.366 5.0279e-24
336.126 5.03192e-24
336.888 5.03596e-24
337.652 5.04002e-24
338.417 5.0441e-24
339.184 5.04819e-24
339.953 5.05231e-24
340.723 5.05644e-24
341.496 5.06059e-24
342.27 5.06476e-24
343.046 5.06894e-24
343.823 5.07315e-24
344.602 5.07737e-24
345.384 5.08162e-24
346.166 5.08588e-24
346.951 5.09016e-24
347.737 5.09446e-24
348.526 5.09877e-24
349.316 5.10311e-24
350.107 5.10746e-24
350.901 5.11184e-24
351.696 5.11623e-24
352.493 5.12064e-24
353.292 5.12508e-24
354.093 5.12953e-24
354.896 5.134e-24
355.7 5.13848e-24
356.507 5.14299e-24
357.315 5.14752e-24
358.125 5.15207e-24
358.936 5.15663e-24
359.75 5.16122e-24
360.565 5.16582e-24
361.383 5.17045e-24
362.202 5.17509e-24
363.023 5.17976e-24
363.845 5.18444e-24
364.67 5.18914e-24
365.497 5.19387e-24
366.325 5.19861e-24
367.156 5.20337e-24
367.988 5.20816e-24
368.822 5.21296e-24
369.658 5.21778e-24
370.496 5.22263e-24
371.336 5.22749e-24
372.177 5.23237e-24
373.021 5.23728e-24
373.866 5.2422e-24
374.714 5.24715e-24
375.563 5.25211e-24
376.414 5.2571e-24
377.268 5.2621e-24
378.123 5.26713e-24
378.98 5.27218e-24
379.839 5.27724e-24
380.7 5.28233e-24
381.563 5.28744e-24
382.427 5.29257e-24
383.294 5.29772e-24
384.163 5.30289e-24
385.034 5.30809e-24
385.907 5.3133e-24
386.781 5.31854e-24
387.658 5.32379e-24
388.537 5.32907e-24
389.417 5.33437e-24
390.3 5.33969e-24
391.185 5.34503e-24
392.071 5.35039e-24
392.96 5.35577e-24
393.851 5.36118e-24
394.743 5.36661e-24
395.638 5.37205e-24
396.535 5.37752e-24
397.434 5.38302e-24
398.335 5.38853e-24
399.238 5.39406e-24
400.142 5.39962e-24
401.049 5.4052e-24
401.958 5.4108e-24
402.87 5.41642e-24
403.783 5.42207e-24
404.698 5.42774e-24
405.615 5.43343e-24
406.535 5.43914e-24
407.456 5.44487e-24
408.38 5.45063e-24
409.305 5.45641e-24
410.233 5.46221e-24
411.163 5.46803e-24
412.095 5.47388e-24
413.029 5.47975e-24
413.965 5.48564e-24
414.903 5.49155e-24
415.844 5.49749e-24
416.786 5.50345e-24
417.731 5.50943e-24
418.678 5.51544e-24
419.627 5.52147e-24
420.578 5.52752e-24
421.531 5.53359e-24
422.487 5.53969e-24
423.445 5.54581e-24
424.404 5.55196e-24
425.366 5.55813e-24
426.33 5.56432e-24
427.297 5.57053e-24
428.265 5.57677e-24
429.236 5.58304e-24
430.209 5.58932e-24
431.184 5.59563e-24
432.161 5.60197e-24
433.141 5.60833e-24
434.123 5.61471e-24
435.107 5.62111e-24
436.093 5.62755e-24
437.082 5.634e-24
438.072 5.64048e-24
439.065 5.64698e-24
440.06 5.65351e-24
441.058 5.66007e-24
442.058 5.66664e-24
443.06 5.67325e-24
444.064 5.67988e-24
445.07 5.68653e-24
446.079 5.69321e-24
447.09 5.69992e-24
448.104 5.70665e-24
449.119 5.7134e-24
450.137 5.72019e-24
451.158 5.727e-24
452.18 5.73384e-24
453.205 5.7407e-24
454.232 5.74759e-24
455.262 5.75451e-24
456.294 5.76147e-24
457.328 5.76845e-24
458.365 5.77546e-24
459.404 5.7825e-24
460.445 5.78958e-24
461.489 5.7967e-24
462.535 5.80385e-24
463.583 5.81105e-24
464.634 5.8183e-24
465.687 5.8256e-24
466.743 5.83296e-24
467.801 5.8404e-24
468.861 5.84793e-24
469.924 5.85559e-24
470.989 5.86343e-24
472.056 5.87152e-24
473.126 5.88002e-24
474.199 5.88919e-24
475.274 5.89966e-24
476.351 5.91292e-24
477.431 5.93368e-24
478.513 5.98353e-24
479.597 6.3075e-24
480.684 8.28994e-24
481.774 6.06119e-24
482.866 5.98155e-24
483.96 5.96846e-24
485.057 5.96815e-24
486.157 5.97194e-24
487.259 5.97746e-24
488.363 5.98384e-24
489.47 5.99069e-24
490.58 5.99784e-24
491.692 6.00518e-24
492.806 6.01266e-24
493.923 6.02024e-24
495.043 6.0279e-24
496.165 6.03563e-24
497.289 6.04341e-24
498.417 6.05125e-24
499.546 6.05913e-24
500.679 6.06704e-24
501.813 6.075e-24
502.951 6.08299e-24
504.091 6.09102e-24
505.234 6.09908e-24
506.379 6.10717e-24
507.526 6.11529e-24
508.677 6.12345e-24
509.83 6.13163e-24
510.985 6.13985e-24
512.144 6.14809e-24
513.305 6.15637e-24
514.468 6.16467e-24
515.634 6.17301e-24
516.803 6.18137e-24
517.974 6.18976e-24
519.148 6.19819e-24
520.325 6.20664e-24
521.504 6.21512e-24
522.687 6.22363e-24
523.871 6.23216e-24
525.059 6.24073e-24
526.249 6.24933e-24
527.442 6.25795e-24
528.637 6.26661e-24
529.835 6.27529e-24
531.036 6.28401e-24
532.24 6.29275e-24
533.446 6.30152e-24
534.656 6.31032e-24
535.867 6.31915e-24
537.082 6.32801e-24
538.299 6.3369e-24
539.52 6.34582e-24
540.742 6.35477e-24
541.968 6.36374e-24
543.197 6.37275e-24
544.428 6.38179e-24
545.662 6.39086e-24
546.899 6.39995e-24
548.138 6.40908e-24
549.381 6.41824e-24
550.626 6.42742e-24
551.874 6.43664e-24
553.125 6.44588e-24
554.379 6.45516e-24
555.635 6.46447e-24
556.895 6.47381e-24
558.157 6.48317e-24
559.422 6.49257e-24
560.69 6.502e-24
561.961 6.51146e-24
563.235 6.52095e-24
564.511 6.53047e-24
565.791 6.54002e-24
567.073 6.5496e-24
568.359 6.55921e-24
569.647 6.56886e-24
570.938 6.57853e-24
572.232 6.58824e-24
573.529 6.59797e-24
574.829 6.60774e-24
576.132 6.61754e-24
577.438 6.62737e-24
578.747 6.63723e-24
580.059 6.64712e-24
581.374 6.65705e-24
582.691 6.66701e-24
584.012 6.67699e-24
585.336 6.68701e-24
586.663 6.69706e-24
587.992 6.70715e-24
589.325 6.71726e-24
590.661 6.72741e-24
592 6.73758e-24
593.342 6.7478e-24
594.687 6.75804e-24
596.034 6.76831e-24
597.385 6.77862e-24
598.74 6.78896e-24
600.097 6.79933e-24
601.457 6.80974e-24
602.82 6.82017e-24
604.187 6.83064e-24
605.556 6.84114e-24
606.929 6.85168e-24
608.304 6.86225e-24
609.683 6.87285e-24
611.065 6.88348e-24
612.45 6.89415e-24
613.838 6.90485e-24
615.23 6.91558e-24
616.624 6.92634e-24
618.022 6.93714e-24
619.423 6.94798e-24
620.827 6.95884e-24
622.234 6.96974e-24
623.644 6.98067e-24
625.058 6.99164e-24
626.475 7.00264e-24
627.895 7.01367e-24
629.318 7.02474e-24
630.744 7.03584e-24
632.174 7.04698e-24
633.607 7.05815e-24
635.043 7.06935e-24
636.482 7.08059e-24
637.925 7.09186e-24
639.371 7.10317e-24
640.82 7.11451e-24
642.273 7.12588e-24
643.729 7.13729e-24
645.188 7.14874e-24
646.65 7.16022e-24
648.116 7.17173e-24
649.585 7.18328e-24
651.057 7.19486e-24
652.533 7.20648e-24
654.012 7.21813e-24
655.494 7.22982e-24
656.98 7.24154e-24
658.469 7.2533e-24
659.962 7.2651e-24
661.458 7.27693e-24
662.957 7.28879e-24
664.46 7.30069e-24
665.966 7.31263e-24
667.475 7.3246e-24
668.988 7.33661e-24
670.505 7.34865e-24
672.024 7.36073e-24
673.548 7.37284e-24
675.074 7.385e-24
676.604 7.39718e-24
678.138 7.40941e-24
679.675 7.42167e-24
681.216 7.43396e-24
682.76 7.44629e-24
684.307 7.45866e-24
685.859 7.47107e-24
687.413 7.48351e-24
688.971 7.49599e-24
690.533 7.50851e-24
692.098 7.52106e-24
693.667 7.53365e-24
695.239 7.54627e-24
696.815 7.55894e-24
698.394 7.57164e-24
699.977 7.58437e-24
701.564 7.59715e-24
703.154 7.60996e-24
704.748 7.62281e-24
706.345 7.6357e-24
707.946 7.64862e-24
709.551 7.66159e-24
711.159 7.67459e-24
712.771 7.68762e-24
714.387 7.7007e-24
716.006 7.71382e-24
717.629 7.72697e-24
719.256 7.74016e-24
720.886 7.75339e-24
722.52 7.76665e-24
724.158 7.77996e-24
725.799 7.7933e-24
727.444 7.80668e-24
729.093 7.8201e-24
730.746 7.83356e-24
732.402 7.84706e-24
734.062 7.8606e-24
735.726 7.87417e-24
737.394 7.88779e-24
739.065 7.90144e-24
740.74 7.91514e-24
742.419 7.92887e-24
744.102 7.94264e-24
745.789 7.95645e-24
747.479 7.9703e-24
749.173 7.98419e-24
750.871 7.99812e-24
752.573 8.01209e-24
754.279 8.0261e-24
755.989 8.04015e-24
757.702 8.05424e-24
759.42 8.06837e-24
761.141 8.08254e-24
762.866 8.09675e-24
764.596 8.111e-24
766.329 8.12529e-24
768.066 8.13962e-24
769.807 8.15399e-24
771.552 8.1684e-24
773.3 8.18285e-24
775.053 8.19735e-24
776.81 8.21188e-24
778.571 8.22646e-24
780.335 8.24107e-24
782.104 8.25573e-24
783.877 8.27043e-24
785.654 8.28517e-24
787.434 8.29995e-24
789.219 8.31477e-24
791.008 8.32963e-24
792.801 8.34454e-24
794.598 8.35949e-24
796.399 8.37447e-24
798.204 8.3895e-24
800.014 8.40458e-24
801.827 8.41969e-24
803.644 8.43485e-24
805.466 8.45005e-24
807.292 8.46529e-24
809.122 8.48057e-24
810.956 8.4959e-24
812.794 8.51127e-24
814.636 8.52668e-24
816.482 8.54213e-24
818.333 8.55763e-24
820.188 8.57317e-24
822.047 8.58875e-24
823.91 8.60438e-24
825.778 8.62005e-24
827.65 8.63576e-24
829.526 8.65151e-24
831.406 8.66731e-24
833.29 8.68315e-24
835.179 8.69904e-24
837.072 8.71497e-24
838.97 8.73094e-24
840.871 8.74696e-24
842.777 8.76302e-24
844.687 8.77913e-24
846.602 8.79528e-24
848.521 8.81147e-24
850.444 8.82771e-24
852.372 8.84399e-24
854.304 8.86032e-24
856.24 8.87669e-24
858.181 8.8931e-24
860.126 8.90956e-24
862.076 8.92607e-24
864.03 8.94262e-24
865.988 8.95921e-24
867.951 8.97585e-24
869.919 8.99254e-24
871.89 9.00927e-24
873.867 9.02605e-24
875.847 9.04287e-24
877.833 9.05974e-24
879.822 9.07665e-24
881.817 9.09361e-24
883.815 9.11061e-24
885.819 9.12766e-24
887.826 9.14476e-24
889.839 9.1619e-24
891.856 9.17909e-24
893.877 9.19633e-24
895.903 9.21361e-24
897.934 9.23094e-24
899.969 9.24831e-24
902.009 9.26573e-24
904.054 9.2832e-24
906.103 9.30072e-24
908.157 9.31828e-24
910.215 9.33589e-24
912.278 9.35355e-24
914.346 9.37125e-24
916.419 9.389e-24
918.496 9.4068e-24
920.578 9.42465e-24
922.664 9.44254e-24
924.756 9.46048e-24
926.852 9.47847e-24
928.953 9.49651e-24
931.058 9.5146e-24
933.169 9.53273e-24
935.284 9.55092e-24
937.404 9.56915e-24
939.529 9.58743e-24
941.658 9.60576e-24
943.793 9.62415e-24
945.932 9.64258e-24
948.076 9.66107e-24
950.225 9.67963e-24
952.379 9.69825e-24
954.537 9.717e-24
956.701 9.73604e-24
958.87 9.75706e-24
961.043 9.91868e-24
963.221 9.79344e-24
965.405 9.81104e-24
967.593 9.82969e-24
969.786 9.84857e-24
971.984 9.86754e-24
974.187 9.88658e-24
976.395 9.90568e-24
978.609 9.92484e-24
980.827 9.94405e-24
983.05 9.96331e-24
985.278 9.98263e-24
987.511 1.0002e-23
989.75 1.00214e-23
991.993 1.00409e-23
994.242 1.00604e-23
996.495 1.008e-23
998.754 1.00996e-23
1001.02 1.01193e-23
1003.29 1.0139e-23
1005.56 1.01588e-23
1007.84 1.01786e-23
1010.12 1.01985e-23
1012.41 1.02184e-23
1014.71 1.02384e-23
1017.01 1.02584e-23
1019.31 1.02785e-23
1021.62 1.02987e-23
1023.94 1.03189e-23
1026.26 1.03391e-23
1028.59 1.03594e-23
1030.92 1.03798e-23
1033.26 1.04002e-23
1035.6 1.04206e-23
1037.94 1.04411e-23
1040.3 1.04617e-23
1042.66 1.04823e-23
1045.02 1.0503e-23
1047.39 1.05237e-23
1049.76 1.05445e-23
1052.14 1.05653e-23
1054.53 1.05862e-23
1056.92 1.06071e-23
1059.31 1.06281e-23
1061.71 1.06492e-23
1064.12 1.06703e-23
1066.53 1.06914e-23
1068.95 1.07126e-23
1071.37 1.07339e-23
1073.8 1.07552e-23
1076.23 1.07766e-23
1078.67 1.0798e-23
1081.12 1.08195e-23
1083.57 1.0841e-23
1086.02 1.08626e-23
1088.49 1.08843e-23
1090.95 1.0906e-23
1093.43 1.09277e-23
1095.9 1.09495e-23
1098.39 1.09714e-23
1100.88 1.09933e-23
1103.37 1.10153e-23
1105.87 1.10374e-23
1108.38 1.10595e-23
1110.89 1.10816e-23
1113.41 1.11038e-23
1115.94 1.11261e-23
1118.46 1.11484e-23
1121 1.11708e-23
1123.54 1.11932e-23
1126.09 1.12157e-23
1128.64 1.12382e-23
1131.2 1.12609e-23
1133.76 1.12835e-23
1136.33 1.13062e-23
1138.91 1.1329e-23
1141.49 1.13519e-23
1144.08 1.13747e-23
1146.67 1.13977e-23
1149.27 1.14207e-23
1151.87 1.14438e-23
1154.48 1.14669e-23
1157.1 1.14901e-23
1159.72 1.15133e-23
1162.35 1.15366e-23
1164.99 1.156e-23
1167.63 1.15834e-23
1170.27 1.16069e-23
1172.93 1.16304e-23
1175.59 1.1654e-23
1178.25 1.16777e-23
1180.92 1.17014e-23
1183.6 1.17252e-23
1186.28 1.1749e-23
1188.97 1.17729e-23
1191.66 1.17969e-23
1194.37 1.18209e-23
1197.07 1.1845e-23
1199.79 1.18691e-23
1202.51 1.18933e-23
1205.23 1.19176e-23
1207.96 1.19419e-23
1210.7 1.19663e-23
1213.45 1.19907e-23
1216.2 1.20152e-23
1218.95 1.20398e-23
1221.72 1.20644e-23
1224.48 1.20891e-23
1227.26 1.21139e-23
1230.04 1.21387e-23
1232.83 1.21635e-23
1235.62 1.21885e-23
1238.43 1.22135e-23
1241.23 1.22385e-23
1244.05 1.22637e-23
1246.87 1.22888e-23
1249.69 1.23141e-23
1252.52 1.23394e-23
1255.36 1.23648e-23
1258.21 1.23902e-23
1261.06 1.24157e-23
1263.92 1.24413e-23
1266.78 1.24669e-23
1269.66 1.24926e-23
1272.53 1.25184e-23
1275.42 1.25442e-23
1278.31 1.25701e-23
1281.21 1.2596e-23
1284.11 1.2622e-23
1287.02 1.26481e-23
1289.94 1.26742e-23
1292.86 1.27005e-23
1295.79 1.27267e-23
1298.73 1.27531e-23
1301.67 1.27795e-23
1304.62 1.28059e-23
1307.58 1.28325e-23
1310.54 1.28591e-23
1313.51 1.28857e-23
1316.49 1.29125e-23
1319.48 1.29393e-23
1322.47 1.29661e-23
1325.46 1.2993e-23
1328.47 1.302e-23
1331.48 1.30471e-23
1334.5 1.30742e-23
1337.52 1.31014e-23
1340.55 1.31287e-23
1343.59 1.3156e-23
1346.64 1.31834e-23
1349.69 1.32109e-23
1352.75 1.32384e-23
1355.82 1.3266e-23
1358.89 1.32937e-23
1361.97 1.33214e-23
1365.06 1.33492e-23
1368.15 1.33771e-23
1371.25 1.3405e-23
1374.36 1.3433e-23
1377.48 1.34611e-23
1380.6 1.34893e-23
1383.73 1.35175e-23
1386.86 1.35458e-23
1390.01 1.35741e-23
1393.16 1.36025e-23
1396.32 1.3631e-23
1399.48 1.36596e-23
1402.65 1.36882e-23
1405.83 1.37169e-23
1409.02 1.37457e-23
1412.21 1.37745e-23
1415.41 1.38035e-23
1418.62 1.38324e-23
1421.84 1.38615e-23
1425.06 1.38906e-23
1428.29 1.39198e-23
1431.53 1.39491e-23
1434.77 1.39785e-23
1438.02 1.4008e-23
1441.28 1.41428e-23
1444.55 1.4067e-23
1447.82 1.40965e-23
1451.11 1.41262e-23
1454.4 1.4156e-23
1457.69 1.41858e-23
1461 1.42157e-23
1464.31 1.42457e-23
1467.63 1.42758e-23
1470.95 1.43059e-23
1474.29 1.43361e-23
1477.63 1.43664e-23
1480.98 1.43968e-23
1484.34 1.44272e-23
1487.7 1.44577e-23
1491.07 1.44883e-23
1494.45 1.45189e-23
1497.84 1.45497e-23
1501.23 1.45805e-23
1504.64 1.46113e-23
1508.05 1.46423e-23
1511.47 1.46733e-23
1514.89 1.47044e-23
1518.33 1.47356e-23
1521.77 1.47668e-23
1525.22 1.47982e-23
1528.67 1.48296e-23
1532.14 1.4861e-23
1535.61 1.48926e-23
1539.09 1.49242e-23
1542.58 1.49559e-23
1546.08 1.49877e-23
1549.58 1.50196e-23
1553.09 1.50515e-23
1556.61 1.50835e-23
1560.14 1.51156e-23
1563.68 1.51478e-23
1567.22 1.518e-23
1570.77 1.52124e-23
1574.34 1.52448e-23
1577.9 1.52772e-23
1581.48 1.53098e-23
1585.06 1.53424e-23
1588.66 1.53752e-23
1592.26 1.54079e-23
1595.87 1.54408e-23
1599.48 1.54738e-23
1603.11 1.55068e-23
1606.74 1.55399e-23
1610.39 1.55731e-23
1614.04 1.56064e-23
1617.69 1.56397e-23
1621.36 1.56732e-23
1625.04 1.57067e-23
1628.72 1.57403e-23
1632.41 1.57739e-23
1636.11 1.58077e-23
1639.82 1.58415e-23
1643.54 1.58754e-23
1647.26 1.59094e-23
1651 1.59435e-23
1654.74 1.59777e-23
1658.49 1.60119e-23
1662.25 1.60462e-23
1666.02 1.60806e-23
1669.79 1.61151e-23
1673.58 1.61497e-23
1677.37 1.61843e-23
1681.17 1.62191e-23
1684.98 1.62539e-23
1688.8 1.62888e-23
1692.63 1.63238e-23
1696.47 1.63589e-23
1700.31 1.6394e-23
1704.17 1.64293e-23
1708.03 1.64646e-23
1711.9 1.65e-23
1715.78 1.65355e-23
1719.67 1.6571e-23
1723.57 1.66067e-23
1727.47 1.66425e-23
1731.39 1.66783e-23
1735.31 1.67142e-23
1739.25 1.67502e-23
1743.19 1.67863e-23
1747.14 1.68225e-23
1751.1 1.68587e-23
1755.07 1.68951e-23
1759.05 1.69315e-23
1763.04 1.6968e-23
1767.03 1.70046e-23
1771.04 1.70413e-23
1775.05 1.70781e-23
1779.07 1.7115e-23
1783.11 1.71519e-23
1787.15 1.7189e-23
1791.2 1.72261e-23
1795.26 1.72633e-23
1799.33 1.73006e-23
1803.41 1.7338e-23
1807.49 1.73755e-23
1811.59 1.74131e-23
1815.7 1.74508e-23
1819.81 1.74885e-23
1823.94 1.75264e-23
1828.07 1.75643e-23
1832.22 1.76023e-23
1836.37 1.76404e-23
1840.53 1.76786e-23
1844.7 1.77169e-23
1848.88 1.77553e-23
1853.08 1.77938e-23
1857.28 1.78324e-23
1861.49 1.7871e-23
1865.7 1.79098e-23
1869.93 1.79486e-23
1874.17 1.79876e-23
1878.42 1.80266e-23
1882.68 1.80657e-23
1886.95 1.81049e-23
1891.22 1.81442e-23
1895.51 1.81836e-23
1899.81 1.82231e-23
1904.11 1.82627e-23
1908.43 1.83024e-23
1912.75 1.83421e-23
1917.09 1.8382e-23
1921.43 1.84545e-23
1925.79 1.8462e-23
1930.15 1.85022e-23
1934.53 1.85424e-23
1938.91 1.85828e-23
1943.31 1.86232e-23
1947.71 1.86637e-23
1952.13 1.87043e-23
1956.55 1.87451e-23
1960.99 1.87859e-23
1965.43 1.88268e-23
1969.89 1.88678e-23
1974.35 1.89089e-23
1978.83 1.89501e-23
1983.31 1.89914e-23
1987.81 1.90328e-23
1992.31 1.90743e-23
1996.83 1.91159e-23
2001.36 1.91576e-23
2005.89 1.91994e-23
2010.44 1.92413e-23
2015 1.92833e-23
2019.56 1.93254e-23
2024.14 1.93675e-23
2028.73 1.94098e-23
2033.33 1.94522e-23
2037.94 1.94947e-23
2042.56 1.95373e-23
2047.19 1.958e-23
2051.83 1.96227e-23
2056.48 1.96656e-23
2061.14 1.97086e-23
2065.81 1.97517e-23
2070.49 1.97949e-23
2075.19 1.98382e-23
2079.89 1.98816e-23
2084.6 1.99251e-23
2089.33 1.99687e-23
2094.06 2.00124e-23
2098.81 2.00562e-23
2103.57 2.01001e-23
2108.34 2.01441e-23
2113.12 2.01882e-23
2117.9 2.02324e-23
2122.71 2.02767e-23
2127.52 2.03211e-23
2132.34 2.03657e-23
2137.17 2.04103e-23
2142.02 2.0455e-23
2146.87 2.04999e-23
2151.74 2.05448e-23
2156.62 2.05898e-23
2161.5 2.0635e-23
2166.4 2.06803e-23
2171.31 2.07256e-23
2176.23 2.07711e-23
2181.17 2.08167e-23
2186.11 2.08624e-23
2191.07 2.09082e-23
2196.03 2.09541e-23
2201.01 2.10001e-23
2206 2.10462e-23
2211 2.10924e-23
2216.01 2.11387e-23
2221.03 2.11852e-23
2226.07 2.12317e-23
2231.11 2.12784e-23
2236.17 2.13251e-23
2241.24 2.1372e-23
2246.32 2.1419e-23
2251.41 2.14661e-23
2256.51 2.15133e-23
2261.63 2.15606e-23
2266.76 2.1608e-23
2271.89 2.16556e-23
2277.04 2.17032e-23
2282.2 2.1751e-23
2287.38 2.17989e-23
2292.56 2.18468e-23
2297.76 2.18949e-23
2302.97 2.19431e-23
2308.19 2.19915e-23
2313.42 2.20399e-23
2318.66 2.20884e-23
2323.92 2.21371e-23
2329.19 2.21859e-23
2334.46 2.22347e-23
2339.76 2.22837e-23
2345.06 2.23329e-23
2350.38 2.23821e-23
2355.7 2.24314e-23
2361.04 2.24809e-23
2366.39 2.25305e-23
2371.76 2.25802e-23
2377.13 2.263e-23
2382.52 2.26799e-23
2387.92 2.27299e-23
2393.33 2.27801e-23
2398.76 2.28303e-23
2404.2 2.28807e-23
2409.65 2.29312e-23
2415.11 2.29818e-23
2420.58 2.30326e-23
2426.07 2.30834e-23
2431.57 2.31344e-23
2437.08 2.31855e-23
2442.6 2.32367e-23
2448.14 2.32881e-23
2453.69 2.33395e-23
2459.25 2.33911e-23
2464.82 2.34428e-23
2470.41 2.34946e-23
2476.01 2.35465e-23
2481.62 2.35986e-23
2487.25 2.36507e-23
2492.89 2.3703e-23
2498.54 2.37555e-23
2504.2 2.3808e-23
2509.88 2.38607e-23
2515.56 2.39134e-23
2521.27 2.39663e-23
2526.98 2.40194e-23
2532.71 2.40725e-23
2538.45 2.41258e-23
2544.2 2.41792e-23
2549.97 2.42327e-23
2555.75 2.42864e-23
2561.54 2.43401e-23
2567.35 2.4394e-23
2573.17 2.44481e-23
2579 2.45022e-23
2584.85 2.45565e-23
2590.71 2.46109e-23
2596.58 2.46654e-23
2602.46 2.472e-23
2608.36 2.47748e-23
2614.27 2.48297e-23
2620.2 2.48848e-23
2626.14 2.49399e-23
2632.09 2.49952e-23
2638.06 2.50506e-23
2644.04 2.51062e-23
2650.03 2.51618e-23
2656.04 2.52176e-23
2662.06 2.52736e-23
2668.09 2.53296e-23
2674.14 2.53858e-23
2680.2 2.54421e-23
2686.28 2.54986e-23
2692.36 2.55552e-23
2698.47 2.56119e-23
2704.58 2.56687e-23
2710.71 2.57257e-23
2716.86 2.57828e-23
2723.02 2.58401e-23
2729.19 2.58974e-23
2735.37 2.59549e-23
2741.57 2.60126e-23
2747.79 2.60703e-23
2754.02 2.61282e-23
2760.26 2.61863e-23
2766.52 2.62445e-23
2772.79 2.63028e-23
2779.07 2.63612e-23
2785.37 2.64198e-23
2791.68 2.64785e-23
2798.01 2.65373e-23
2804.35 2.65963e-23
2810.71 2.66555e-23
2817.08 2.67147e-23
2823.47 2.67741e-23
2829.87 2.68336e-23
2836.28 2.68933e-23
2842.71 2.69531e-23
2849.15 2.70131e-23
2855.61 2.70731e-23
2862.08 2.71334e-23
2868.57 2.71937e-23
2875.07 2.72542e-23
2881.59 2.7315e-23
2888.12 2.73757e-23
2894.67 2.74366e-23
2901.23 2.74976e-23
2907.8 2.75588e-23
2914.4 2.76202e-23
2921 2.76817e-23
2927.62 2.77433e-23
2934.26 2.78051e-23
2940.91 2.7867e-23
2947.57 2.7929e-23
2954.26 2.79912e-23
2960.95 2.80536e-23
2967.66 2.81161e-23
2974.39 2.81787e-23
2981.13 2.82415e-23
2987.89 2.83044e-23
2994.66 2.83675e-23
3001.45 2.84307e-23
3008.25 2.8494e-23
3015.07 2.85575e-23
3021.91 2.86212e-23
3028.76 2.8685e-23
3035.62 2.87489e-23
3042.5 2.8813e-23
3049.4 2.88773e-23
3056.31 2.89416e-23
3063.24 2.90062e-23
3070.18 2.90709e-23
3077.14 2.91357e-23
3084.11 2.92007e-23
3091.1 2.92658e-23
3098.11 2.93311e-23
3105.13 2.93965e-23
3112.17 2.94621e-23
3119.23 2.95278e-23
3126.3 2.95937e-23
3133.38 2.96597e-23
3140.48 2.97259e-23
3147.6 2.97923e-23
3154.74 2.98588e-23
3161.89 2.99254e-23
3169.05 2.99922e-23
3176.24 3.00592e-23
3183.44 3.01263e-23
3190.65 3.01935e-23
3197.89 3.0261e-23
3205.13 3.03285e-23
3212.4 3.03963e-23
3219.68 3.04641e-23
3226.98 3.05322e-23
3234.29 3.06004e-23
3241.62 3.06687e-23
3248.97 3.07372e-23
3256.33 3.08059e-23
3263.72 3.08747e-23
3271.11 3.09437e-23
3278.53 3.10129e-23
3285.96 3.10822e-23
3293.41 3.11516e-23
3300.87 3.12213e-23
3308.35 3.1291e-23
3315.85 3.1361e-23
3323.37 3.14311e-23
3330.9 3.15013e-23
3338.45 3.15718e-23
3346.02 3.16424e-23
3353.6 3.17131e-23
3361.2 3.1784e-23
3368.82 3.18551e-23
3376.46 3.19263e-23
3384.11 3.19977e-23
3391.78 3.20693e-23
3399.47 3.2141e-23
3407.18 3.22129e-23
3414.9 3.2285e-23
3422.64 3.23572e-23
3430.4 3.24296e-23
3438.17 3.25022e-23
3445.97 3.25749e-23
3453.78 3.26478e-23
3461.61 3.27208e-23
3469.45 3.27941e-23
3477.32 3.28674e-23
3485.2 3.2941e-23
3493.1 3.30147e-23
3501.01 3.30886e-23
3508.95 3.31627e-23
3516.9 3.3237e-23
3524.88 3.33114e-23
3532.86 3.3386e-23
3540.87 3.34607e-23
3548.9 3.35356e-23
3556.94 3.36107e-23
3565 3.3686e-23
3573.09 3.37614e-23
3581.18 3.38371e-23
3589.3 3.39128e-23
3597.44 3.39888e-23
3605.59 3.40649e-23
3613.76 3.41413e-23
3621.96 3.42177e-23
3630.16 3.42944e-23
3638.39 3.43712e-23
3646.64 3.44483e-23
3654.91 3.45254e-23
3663.19 3.46028e-23
3671.49 3.46804e-23
3679.82 3.47581e-23
3688.16 3.4836e-23
3696.52 3.49141e-23
3704.89 3.49923e-23
3713.29 3.50708e-23
3721.71 3.51494e-23
3730.14 3.52282e-23
3738.6 3.53071e-23
3747.07 3.53863e-23
3755.57 3.54656e-23
3764.08 3.55452e-23
3772.61 3.56249e-23
3781.16 3.57048e-23
3789.73 3.57848e-23
3798.32 3.58651e-23
3806.93 3.59455e-23
3815.56 3.60261e-23
3824.21 3.6107e-23
3832.88 3.61879e-23
3841.57 3.62691e-23
3850.27 3.63505e-23
3859 3.6432e-23
3867.75 3.65138e-23
3876.51 3.65957e-23
3885.3 3.66778e-23
3894.11 3.67601e-23
3902.93 3.68426e-23
3911.78 3.69253e-23
3920.65 3.70081e-23
3929.53 3.70912e-23
3938.44 3.71744e-23
3947.37 3.72579e-23
3956.32 3.73415e-23
3965.28 3.74253e-23
3974.27 3.75093e-23
3983.28 3.75935e-23
3992.31 3.76779e-23
4001.36 3.77625e-23
4010.43 3.78473e-23
4019.52 3.79323e-23
4028.63 3.80174e-23
4037.76 3.81028e-23
4046.91 3.81884e-23
4056.08 3.82741e-23
4065.28 3.83601e-23
4074.49 3.84462e-23
4083.73 3.85326e-23
4092.98 3.86191e-23
4102.26 3.87059e-23
4111.56 3.87928e-23
4120.88 3.88799e-23
4130.22 3.89673e-23
4139.58 3.90548e-23
4148.96 3.91426e-23
4158.37 3.92305e-23
4167.79 3.93186e-23
4177.24 3.9407e-23
4186.71 3.94955e-23
4196.2 3.95843e-23
4205.71 3.96732e-23
4215.24 3.97624e-23
4224.8 3.98517e-23
4234.37 3.99413e-23
4243.97 4.00311e-23
4253.59 4.0121e-23
4263.23 4.02112e-23
4272.9 4.03016e-23
4282.58 4.03922e-23
4292.29 4.0483e-23
4302.02 4.0574e-23
4311.77 4.06652e-23
4321.54 4.07566e-23
4331.34 4.08483e-23
4341.15 4.09401e-23
4350.99 4.10321e-23
4360.86 4.11244e-23
4370.74 4.12169e-23
4380.65 4.13096e-23
4390.58 4.14024e-23
4400.53 4.14956e-23
4410.5 4.15889e-23
4420.5 4.16824e-23
4430.52 4.17762e-23
4440.56 4.18701e-23
4450.63 4.19643e-23
4460.72 4.20587e-23
4470.83 4.21533e-23
4480.96 4.22481e-23
4491.12 4.23431e-23
4501.3 4.24384e-23
4511.5 4.25339e-23
4521.73 4.26296e-23
4531.97 4.27255e-23
4542.25 4.28216e-23
4552.54 4.29179e-23
4562.86 4.30145e-23
4573.2 4.31113e-23
4583.57 4.32083e-23
4593.96 4.33055e-23
4604.37 4.3403e-23
4614.81 4.35007e-23
4625.27 4.35986e-23
4635.75 4.36967e-23
4646.26 4.3795e-23
4656.79 4.38936e-23
4667.35 4.39924e-23
4677.93 4.40914e-23
4688.53 4.41907e-23
4699.16 4.42901e-23
4709.81 4.43898e-23
4720.48 4.44898e-23
4731.18 4.45899e-23
4741.91 4.46903e-23
4752.66 4.47909e-23
4763.43 4.48918e-23
4774.22 4.49928e-23
4785.05 4.50941e-23
4795.89 4.51957e-23
4806.76 4.52974e-23
4817.66 4.53994e-23
4828.58 4.55017e-23
4839.52 4.56041e-23
4850.49 4.57068e-23
4861.49 4.58098e-23
4872.51 4.59129e-23
4883.55 4.60163e-23
4894.62 4.612e-23
4905.71 4.62239e-23
4916.83 4.6328e-23
4927.98 4.64323e-23
4939.15 4.65369e-23
4950.34 4.66417e-23
4961.56 4.67468e-23
4972.81 4.68521e-23
4984.08 4.69576e-23
4995.38 4.70634e-23
5006.7 4.71695e-23
5018.05 4.72757e-23
5029.42 4.73822e-23
5040.82 4.7489e-23
5052.25 4.7596e-23
5063.7 4.77032e-23
5075.18 4.78107e-23
5086.68 4.79185e-23
5098.21 4.80264e-23
5109.77 4.81347e-23
5121.35 4.82431e-23
5132.96 4.83518e-23
5144.59 4.84608e-23
5156.25 4.857e-23
5167.94 4.86795e-23
5179.65 4.87892e-23
5191.4 4.88992e-23
5203.16 4.90094e-23
5214.96 4.91198e-23
5226.78 4.92306e-23
5238.62 4.93415e-23
5250.5 4.94527e-23
5262.4 4.95642e-23
5274.33 4.9676e-23
5286.28 4.97879e-23
5298.26 4.99002e-23
5310.27 5.00127e-23
5322.31 5.01254e-23
5334.37 5.02384e-23
5346.46 5.03517e-23
5358.58 5.04652e-23
5370.73 5.0579e-23
5382.9 5.0693e-23
5395.1 5.08073e-23
5407.33 5.09219e-23
5419.59 5.10367e-23
5431.87 5.11518e-23
5444.19 5.12672e-23
5456.53 5.13828e-23
5468.89 5.14987e-23
5481.29 5.16148e-23
5493.71 5.17312e-23
5506.17 5.18479e-23
5518.65 5.19648e-23
5531.16 5.2082e-23
5543.69 5.21995e-23
5556.26 5.23172e-23
5568.85 5.24352e-23
5581.47 5.25535e-23
5594.13 5.2672e-23
5606.81 5.27908e-23
5619.51 5.29099e-23
5632.25 5.30293e-23
5645.02 5.31489e-23
5657.81 5.32688e-23
5670.64 5.33889e-23
5683.49 5.35094e-23
5696.37 5.36301e-23
5709.28 5.37511e-23
5722.23 5.38724e-23
5735.2 5.39939e-23
5748.2 5.41157e-23
5761.23 5.42378e-23
5774.28 5.43602e-23
5787.37 5.44829e-23
5800.49 5.46058e-23
5813.64 5.4729e-23
5826.81 5.48525e-23
5840.02 5.49763e-23
5853.26 5.51003e-23
5866.53 5.52247e-23
5879.82 5.53493e-23
5893.15 5.54742e-23
5906.51 5.55994e-23
5919.9 5.57249e-23
5933.32 5.58506e-23
5946.76 5.59767e-23
5960.24 5.6103e-23
5973.75 5.62297e-23
5987.29 5.63566e-23
6000.86 5.64838e-23
6014.47 5.66113e-23
6028.1 5.6739e-23
6041.76 5.68671e-23
6055.46 5.69955e-23
6069.18 5.71241e-23
6082.94 5.72531e-23
6096.73 5.73823e-23
6110.55 5.75118e-23
6124.4 5.76417e-23
6138.28 5.77718e-23
6152.19 5.79022e-23
6166.14 5.80329e-23
6180.11 5.8164e-23
6194.12 5.82953e-23
6208.16 5.84269e-23
6222.23 5.85588e-23
6236.34 5.8691e-23
6250.47 5.88235e-23
6264.64 5.89563e-23
6278.84 5.90895e-23
6293.07 5.92229e-23
6307.34 5.93566e-23
6321.63 5.94906e-23
6335.96 5.9625e-23
6350.32 5.97596e-23
6364.72 5.98946e-23
6379.14 6.00298e-23
6393.6 6.01654e-23
6408.09 6.03012e-23
6422.62 6.04374e-23
6437.18 6.05739e-23
6451.77 6.07107e-23
6466.39 6.08478e-23
6481.05 6.09852e-23
6495.74 6.1123e-23
6510.46 6.1261e-23
6525.22 6.13994e-23
6540.01 6.1538e-23
6554.83 6.1677e-23
6569.69 6.18163e-23
6584.58 6.1956e-23
6599.51 6.20959e-23
6614.47 6.22362e-23
6629.46 6.23767e-23
6644.48 6.25176e-23
6659.55 6.26589e-23
6674.64 6.28004e-23
6689.77 6.29423e-23
6704.93 6.30845e-23
6720.13 6.3227e-23
6735.36 6.33698e-23
6750.63 6.3513e-23
6765.93 6.36564e-23
6781.27 6.38002e-23
6796.64 6.39444e-23
6812.04 6.40888e-23
6827.48 6.42336e-23
6842.96 6.43788e-23
6858.47 6.45242e-23
6874.01 6.467e-23
6889.6 6.48161e-23
6905.21 6.49626e-23
6920.86 6.51093e-23
6936.55 6.52565e-23
6952.27 6.54039e-23
6968.03 6.55517e-23
6983.83 6.56998e-23
6999.66 6.58483e-23
7015.52 6.59971e-23
7031.42 6.61462e-23
7047.36 6.62957e-23
7063.33 6.64455e-23
7079.34 6.65956e-23
7095.39 6.67461e-23
7111.47 6.6897e-23
7127.59 6.70481e-23
7143.75 6.71997e-23
7159.94 6.73515e-23
7176.17 6.75037e-23
7192.44 6.76563e-23
7208.74 6.78092e-23
7225.08 6.79624e-23
7241.45 6.8116e-23
7257.87 6.827e-23
7274.32 6.84243e-23
7290.81 6.85789e-23
7307.33 6.87339e-23
7323.9 6.88893e-23
7340.5 6.9045e-23
7357.14 6.92011e-23
7373.81 6.93575e-23
7390.53 6.95143e-23
7407.28 6.96714e-23
7424.07 6.98289e-23
7440.89 6.99867e-23
7457.76 7.01449e-23
7474.66 7.03035e-23
7491.61 7.04624e-23
7508.59 7.06217e-23
7525.61 7.07813e-23
7542.66 7.09413e-23
7559.76 7.11017e-23
7576.9 7.12624e-23
7594.07 7.14235e-23
7611.28 7.1585e-23
7628.54 7.17468e-23
7645.83 7.1909e-23
7663.16 7.20716e-23
7680.53 7.22346e-23
7697.94 7.23979e-23
7715.38 7.25615e-23
7732.87 7.27256e-23
7750.4 7.289e-23
7767.97 7.30548e-23
7785.57 7.322e-23
7803.22 7.33856e-23
7820.91 7.35515e-23
7838.64 7.37178e-23
7856.4 7.38845e-23
7874.21 7.40515e-23
7892.06 7.4219e-23
7909.95 7.43868e-23
7927.88 7.4555e-23
7945.85 7.47236e-23
7963.86 7.48925e-23
7981.91 7.50619e-23
8000 7.52316e-23
