9 1.78384e-21
9.0204 2.20885e-21
9.04085 2.94426e-21
9.06134 4.50555e-21
9.08188 9.96162e-21
9.10246 4.13646e-20
9.12309 6.63296e-21
9.14377 3.59265e-21
9.1645 2.46381e-21
9.18527 1.87856e-21
9.20609 1.52271e-21
9.22696 1.28499e-21
9.24787 1.11601e-21
9.26883 9.90454e-22
9.28984 8.94043e-22
9.3109 8.18083e-22
9.332 7.56989e-22
9.35316 7.07008e-22
9.37436 6.65529e-22
9.39561 6.30677e-22
9.4169 6.01074e-22
9.43825 5.75687e-22
9.45964 5.53725e-22
9.48108 5.34577e-22
9.50257 5.1776e-22
9.52411 5.02891e-22
9.5457 4.89661e-22
9.56734 4.77821e-22
9.58902 4.67166e-22
9.61076 4.57526e-22
9.63254 4.48763e-22
9.65437 4.40758e-22
9.67626 4.33414e-22
9.69819 4.26647e-22
9.72017 4.20386e-22
9.7422 4.14572e-22
9.76429 4.09152e-22
9.78642 4.04082e-22
9.8086 3.99324e-22
9.83083 3.94844e-22
9.85312 3.90613e-22
9.87545 3.86606e-22
9.89783 3.82801e-22
9.92027 3.79177e-22
9.94275 3.75719e-22
9.96529 3.7241e-22
9.98788 3.69238e-22
10.0105 3.66189e-22
10.0332 3.63255e-22
10.0559 3.60424e-22
10.0787 3.57689e-22
10.1016 3.55042e-22
10.1245 3.52476e-22
10.1474 3.49985e-22
10.1704 3.47563e-22
10.1935 3.45206e-22
10.2166 3.42908e-22
10.2397 3.40666e-22
10.263 3.38476e-22
10.2862 3.36335e-22
10.3095 3.34238e-22
10.3329 3.32184e-22
10.3563 3.30171e-22
10.3798 3.28194e-22
10.4033 3.26253e-22
10.4269 3.24346e-22
10.4505 3.22469e-22
10.4742 3.20623e-22
10.498 3.18805e-22
10.5218 3.17014e-22
10.5456 3.15248e-22
10.5695 3.13506e-22
10.5935 3.11788e-22
10.6175 3.10091e-22
10.6416 3.08416e-22
10.6657 3.06761e-22
10.6898 3.05125e-22
10.7141 3.03507e-22
10.7384 3.01908e-22
10.7627 3.00325e-22
10.7871 2.98759e-22
10.8115 2.97209e-22
10.8361 2.95674e-22
10.8606 2.94154e-22
10.8852 2.92648e-22
10.9099 2.91156e-22
10.9346 2.89677e-22
10.9594 2.88212e-22
10.9843 2.86758e-22
11.0092 2.85318e-22
11.0341 2.83889e-22
11.0591 2.82471e-22
11.0842 2.81065e-22
11.1093 2.7967e-22
11.1345 2.78285e-22
11.1597 2.76911e-22
11.185 2.75547e-22
11.2104 2.74193e-22
11.2358 2.72849e-22
11.2613 2.71515e-22
11.2868 2.70189e-22
11.3124 2.68873e-22
11.338 2.67566e-22
11.3637 2.66268e-22
11.3895 2.64978e-22
11.4153 2.63697e-22
11.4412 2.62424e-22
11.4671 2.61159e-22
11.4931 2.59903e-22
11.5191 2.58654e-22
11.5452 2.57413e-22
11.5714 2.5618e-22
11.5976 2.54955e-22
11.6239 2.53737e-22
11.6503 2.52526e-22
11.6767 2.51322e-22
11.7031 2.50126e-22
11.7297 2.48937e-22
11.7563 2.47754e-22
11.7829 2.46579e-22
11.8096 2.4541e-22
11.8364 2.44248e-22
11.8632 2.43093e-22
11.8901 2.41944e-22
11.9171 2.40802e-22
11.9441 2.39666e-22
11.9711 2.38537e-22
11.9983 2.37414e-22
12.0255 2.36297e-22
12.0527 2.35186e-22
12.08 2.34081e-22
12.1074 2.32983e-22
12.1349 2.3189e-22
12.1624 2.30803e-22
12.1899 2.29722e-22
12.2176 2.28647e-22
12.2453 2.27578e-22
12.273 2.26514e-22
12.3008 2.25456e-22
12.3287 2.24404e-22
12.3567 2.23357e-22
12.3847 2.22315e-22
12.4127 2.21279e-22
12.4409 2.20249e-22
12.4691 2.19224e-22
12.4973 2.18204e-22
12.5257 2.17189e-22
12.5541 2.1618e-22
12.5825 2.15176e-22
12.611 2.14177e-22
12.6396 2.13183e-22
12.6683 2.12194e-22
12.697 2.11211e-22
12.7258 2.10232e-22
12.7546 2.09258e-22
12.7835 2.0829e-22
12.8125 2.07326e-22
12.8415 2.06367e-22
12.8706 2.05412e-22
12.8998 2.04463e-22
12.9291 2.03518e-22
12.9584 2.02579e-22
12.9877 2.01643e-22
13.0172 2.00713e-22
13.0467 1.99787e-22
13.0762 1.98866e-22
13.1059 1.97949e-22
13.1356 1.97037e-22
13.1654 1.96129e-22
13.1952 1.95226e-22
13.2251 1.94327e-22
13.2551 1.93433e-22
13.2851 1.92543e-22
13.3153 1.91657e-22
13.3454 1.90776e-22
13.3757 1.89899e-22
13.406 1.89027e-22
13.4364 1.88158e-22
13.4668 1.87294e-22
13.4974 1.86434e-22
13.528 1.85578e-22
13.5586 1.84727e-22
13.5894 1.8388e-22
13.6202 1.83036e-22
13.651 1.82197e-22
13.682 1.81362e-22
13.713 1.80531e-22
13.7441 1.79704e-22
13.7752 1.7888e-22
13.8064 1.78061e-22
13.8377 1.77246e-22
13.8691 1.76435e-22
13.9005 1.75627e-22
13.932 1.74824e-22
13.9636 1.74024e-22
13.9953 1.73228e-22
14.027 1.72436e-22
14.0588 1.71648e-22
14.0907 1.70864e-22
14.1226 1.70083e-22
14.1546 1.69306e-22
14.1867 1.68532e-22
14.2188 1.67763e-22
14.2511 1.66997e-22
14.2834 1.66235e-22
14.3158 1.65476e-22
14.3482 1.64721e-22
14.3807 1.63969e-22
14.4133 1.63221e-22
14.446 1.62477e-22
14.4787 1.61736e-22
14.5116 1.60999e-22
14.5444 1.60265e-22
14.5774 1.59534e-22
14.6105 1.58807e-22
14.6436 1.58084e-22
14.6768 1.57364e-22
14.71 1.56647e-22
14.7434 1.55934e-22
14.7768 1.55224e-22
14.8103 1.54517e-22
14.8439 1.53813e-22
14.8775 1.53113e-22
14.9112 1.52417e-22
14.945 1.51723e-22
14.9789 1.51033e-22
15.0128 1.50346e-22
15.0469 1.49662e-22
15.081 1.48982e-22
15.1152 1.48304e-22
15.1494 1.4763e-22
15.1838 1.46959e-22
15.2182 1.46291e-22
15.2527 1.45626e-22
15.2872 1.44965e-22
15.3219 1.44306e-22
15.3566 1.43651e-22
15.3914 1.42998e-22
15.4263 1.42349e-22
15.4613 1.41702e-22
15.4963 1.41059e-22
15.5315 1.40419e-22
15.5667 1.39781e-22
15.6019 1.39147e-22
15.6373 1.38515e-22
15.6728 1.37887e-22
15.7083 1.37261e-22
15.7439 1.36639e-22
15.7796 1.36019e-22
15.8153 1.35402e-22
15.8512 1.34788e-22
15.8871 1.34177e-22
15.9231 1.33568e-22
15.9592 1.32963e-22
15.9954 1.3236e-22
16.0316 1.3176e-22
16.068 1.31163e-22
16.1044 1.30569e-22
16.1409 1.29977e-22
16.1775 1.29388e-22
16.2142 1.28802e-22
16.2509 1.28218e-22
16.2877 1.27638e-22
16.3247 1.2706e-22
16.3617 1.26484e-22
16.3988 1.25912e-22
16.4359 1.25341e-22
16.4732 1.24774e-22
16.5105 1.24209e-22
16.5479 1.23647e-22
16.5855 1.23087e-22
16.623 1.2253e-22
16.6607 1.21976e-22
16.6985 1.21424e-22
16.7363 1.20875e-22
16.7743 1.20328e-22
16.8123 1.19784e-22
16.8504 1.19242e-22
16.8886 1.18703e-22
16.9269 1.18166e-22
16.9652 1.17632e-22
17.0037 1.171e-22
17.0422 1.1657e-22
17.0809 1.16043e-22
17.1196 1.15519e-22
17.1584 1.14997e-22
17.1973 1.14477e-22
17.2363 1.1396e-22
17.2753 1.13445e-22
17.3145 1.12932e-22
17.3537 1.12422e-22
17.3931 1.11914e-22
17.4325 1.11409e-22
17.472 1.10906e-22
17.5116 1.10405e-22
17.5513 1.09906e-22
17.5911 1.0941e-22
17.631 1.08916e-22
17.6709 1.08424e-22
17.711 1.07935e-22
17.7511 1.07448e-22
17.7913 1.06963e-22
17.8317 1.0648e-22
17.8721 1.05999e-22
17.9126 1.05521e-22
17.9532 1.05045e-22
17.9939 1.04571e-22
18.0347 1.04099e-22
18.0756 1.0363e-22
18.1165 1.03163e-22
18.1576 1.02697e-22
18.1988 1.02234e-22
18.24 1.01773e-22
18.2813 1.01314e-22
18.3228 1.00858e-22
18.3643 1.00403e-22
18.4059 9.99502e-23
18.4477 9.94997e-23
18.4895 9.90513e-23
18.5314 9.86049e-23
18.5734 9.81606e-23
18.6155 9.77183e-23
18.6577 9.7278e-23
18.7 9.68398e-23
18.7424 9.64036e-23
18.7848 9.59693e-23
18.8274 9.55371e-23
18.8701 9.51068e-23
18.9129 9.46786e-23
18.9557 9.42523e-23
18.9987 9.38279e-23
19.0418 9.34055e-23
19.0849 9.2985e-23
19.1282 9.25665e-23
19.1715 9.21498e-23
19.215 9.17351e-23
19.2585 9.13223e-23
19.3022 9.09114e-23
19.346 9.05023e-23
19.3898 9.00952e-23
19.4338 8.96899e-23
19.4778 8.92864e-23
19.522 8.88848e-23
19.5662 8.84851e-23
19.6105 8.80872e-23
19.655 8.76911e-23
19.6996 8.72968e-23
19.7442 8.69043e-23
19.789 8.65137e-23
19.8338 8.61248e-23
19.8788 8.57377e-23
19.9238 8.53524e-23
19.969 8.49688e-23
20.0142 8.4587e-23
20.0596 8.4207e-23
20.1051 8.38286e-23
20.1507 8.34521e-23
20.1963 8.30772e-23
20.2421 8.27041e-23
20.288 8.23327e-23
20.334 8.19629e-23
20.3801 8.15949e-23
20.4263 8.12286e-23
20.4726 8.08639e-23
20.519 8.05009e-23
20.5655 8.01396e-23
20.6121 7.97799e-23
20.6588 7.94219e-23
20.7056 7.90655e-23
20.7526 7.87108e-23
20.7996 7.83577e-23
20.8467 7.80062e-23
20.894 7.76563e-23
20.9414 7.7308e-23
20.9888 7.69613e-23
21.0364 7.66162e-23
21.0841 7.62726e-23
21.1319 7.59307e-23
21.1798 7.55903e-23
21.2278 7.52515e-23
21.2759 7.49142e-23
21.3241 7.45785e-23
21.3724 7.42443e-23
21.4209 7.39116e-23
21.4694 7.35805e-23
21.5181 7.32509e-23
21.5669 7.29228e-23
21.6158 7.25962e-23
21.6648 7.22711e-23
21.7139 7.19475e-23
21.7631 7.16254e-23
21.8124 7.13047e-23
21.8619 7.09855e-23
21.9114 7.06678e-23
21.9611 7.03515e-23
22.0109 7.00367e-23
22.0607 6.97234e-23
22.1107 6.94114e-23
22.1609 6.91009e-23
22.2111 6.87918e-23
22.2614 6.84842e-23
22.3119 6.81779e-23
22.3625 6.78731e-23
22.4132 6.75696e-23
22.464 6.72676e-23
22.5149 6.69669e-23
22.5659 6.66676e-23
22.6171 6.63697e-23
22.6683 6.60731e-23
22.7197 6.57779e-23
22.7712 6.54841e-23
22.8228 6.51916e-23
22.8746 6.49005e-23
22.9264 6.46106e-23
22.9784 6.43222e-23
23.0304 6.4035e-23
23.0827 6.37491e-23
23.135 6.34646e-23
23.1874 6.31814e-23
23.24 6.28995e-23
23.2926 6.26188e-23
23.3454 6.23395e-23
23.3984 6.20614e-23
23.4514 6.17846e-23
23.5045 6.15091e-23
23.5578 6.12349e-23
23.6112 6.09619e-23
23.6647 6.06901e-23
23.7184 6.04196e-23
23.7721 6.01504e-23
23.826 5.98824e-23
23.88 5.96156e-23
23.9342 5.935e-23
23.9884 5.90857e-23
24.0428 5.88226e-23
24.0973 5.85607e-23
24.1519 5.83e-23
24.2066 5.80405e-23
24.2615 5.77821e-23
24.3165 5.7525e-23
24.3716 5.72691e-23
24.4269 5.70143e-23
24.4822 5.67607e-23
24.5377 5.65083e-23
24.5933 5.6257e-23
24.6491 5.60069e-23
24.705 5.57579e-23
24.7609 5.55101e-23
24.8171 5.52634e-23
24.8733 5.50178e-23
24.9297 5.47734e-23
24.9862 5.45301e-23
25.0428 5.42879e-23
25.0996 5.40469e-23
25.1565 5.38069e-23
25.2135 5.35681e-23
25.2707 5.33303e-23
25.328 5.30937e-23
25.3854 5.28581e-23
25.4429 5.26236e-23
25.5006 5.23902e-23
25.5584 5.21579e-23
25.6163 5.19267e-23
25.6744 5.16965e-23
25.7326 5.14673e-23
25.7909 5.12393e-23
25.8493 5.10122e-23
25.9079 5.07863e-23
25.9667 5.05613e-23
26.0255 5.03374e-23
26.0845 5.01146e-23
26.1436 4.98927e-23
26.2029 4.96719e-23
26.2623 4.94521e-23
26.3218 4.92333e-23
26.3815 4.90156e-23
26.4413 4.87988e-23
26.5012 4.8583e-23
26.5613 4.83683e-23
26.6215 4.81545e-23
26.6818 4.79417e-23
26.7423 4.77299e-23
26.8029 4.75191e-23
26.8637 4.73092e-23
26.9246 4.71003e-23
26.9856 4.68924e-23
27.0467 4.66854e-23
27.1081 4.64794e-23
27.1695 4.62744e-23
27.2311 4.60703e-23
27.2928 4.58671e-23
27.3547 4.56649e-23
27.4167 4.54636e-23
27.4788 4.52632e-23
27.5411 4.50638e-23
27.6035 4.48653e-23
27.6661 4.46677e-23
27.7288 4.4471e-23
27.7917 4.42753e-23
27.8546 4.40804e-23
27.9178 4.38865e-23
27.9811 4.36934e-23
28.0445 4.35013e-23
28.1081 4.331e-23
28.1718 4.31196e-23
28.2356 4.29301e-23
28.2996 4.27415e-23
28.3638 4.25537e-23
28.4281 4.23668e-23
28.4925 4.21808e-23
28.5571 4.19957e-23
28.6218 4.18114e-23
28.6867 4.1628e-23
28.7517 4.14454e-23
28.8169 4.12637e-23
28.8822 4.10828e-23
28.9477 4.09027e-23
29.0133 4.07235e-23
29.079 4.05451e-23
29.1449 4.03676e-23
29.211 4.01908e-23
29.2772 4.00149e-23
29.3436 3.98399e-23
29.4101 3.96656e-23
29.4768 3.94921e-23
29.5436 3.93195e-23
29.6105 3.91476e-23
29.6776 3.89766e-23
29.7449 3.88063e-23
29.8123 3.86369e-23
29.8799 3.84682e-23
29.9476 3.83003e-23
30.0155 3.81332e-23
30.0836 3.79669e-23
30.1517 3.78013e-23
30.2201 3.76365e-23
30.2886 3.74725e-23
30.3572 3.73093e-23
30.426 3.71468e-23
30.495 3.69851e-23
30.5641 3.68241e-23
30.6334 3.66639e-23
30.7028 3.65044e-23
30.7724 3.63457e-23
30.8422 3.61877e-23
30.9121 3.60305e-23
30.9822 3.5874e-23
31.0524 3.57182e-23
31.1228 3.55632e-23
31.1933 3.54089e-23
31.264 3.52553e-23
31.3349 3.51024e-23
31.4059 3.49502e-23
31.4771 3.47988e-23
31.5484 3.46481e-23
31.62 3.4498e-23
31.6916 3.43487e-23
31.7635 3.42001e-23
31.8355 3.40521e-23
31.9076 3.39049e-23
31.9799 3.37584e-23
32.0524 3.36125e-23
32.1251 3.34673e-23
32.1979 3.33229e-23
32.2709 3.3179e-23
32.344 3.30359e-23
32.4173 3.28935e-23
32.4908 3.27517e-23
32.5645 3.26105e-23
32.6383 3.24701e-23
32.7122 3.23303e-23
32.7864 3.21912e-23
32.8607 3.20527e-23
32.9352 3.19148e-23
33.0098 3.17777e-23
33.0847 3.16411e-23
33.1597 3.15053e-23
33.2348 3.137e-23
33.3101 3.12354e-23
33.3857 3.11014e-23
33.4613 3.09681e-23
33.5372 3.08354e-23
33.6132 3.07033e-23
33.6894 3.05718e-23
33.7657 3.0441e-23
33.8423 3.03108e-23
33.919 3.01812e-23
33.9959 3.00522e-23
34.0729 2.99238e-23
34.1501 2.97961e-23
34.2276 2.96689e-23
34.3051 2.95424e-23
34.3829 2.94164e-23
34.4608 2.9291e-23
34.5389 2.91663e-23
34.6172 2.90421e-23
34.6957 2.89185e-23
34.7743 2.87955e-23
34.8532 2.86731e-23
34.9322 2.85513e-23
35.0113 2.84301e-23
35.0907 2.83094e-23
35.1702 2.81893e-23
35.2499 2.80698e-23
35.3298 2.79508e-23
35.4099 2.78325e-23
35.4902 2.77146e-23
35.5706 2.75974e-23
35.6513 2.74807e-23
35.7321 2.73646e-23
35.8131 2.7249e-23
35.8942 2.71339e-23
35.9756 2.70195e-23
36.0571 2.69055e-23
36.1389 2.67922e-23
36.2208 2.66793e-23
36.3029 2.6567e-23
36.3852 2.64552e-23
36.4676 2.6344e-23
36.5503 2.62333e-23
36.6331 2.61232e-23
36.7162 2.60135e-23
36.7994 2.59044e-23
36.8828 2.57958e-23
36.9664 2.56878e-23
37.0502 2.55803e-23
37.1342 2.54732e-23
37.2184 2.53667e-23
37.3027 2.52607e-23
37.3873 2.51553e-23
37.472 2.50503e-23
37.5569 2.49458e-23
37.6421 2.48419e-23
37.7274 2.47384e-23
37.8129 2.46354e-23
37.8986 2.4533e-23
37.9845 2.4431e-23
38.0706 2.43296e-23
38.1569 2.42286e-23
38.2434 2.41281e-23
38.3301 2.40281e-23
38.417 2.39286e-23
38.504 2.38295e-23
38.5913 2.3731e-23
38.6788 2.36329e-23
38.7665 2.35353e-23
38.8543 2.34382e-23
38.9424 2.33415e-23
39.0307 2.32454e-23
39.1191 2.31497e-23
39.2078 2.30544e-23
39.2967 2.29596e-23
39.3857 2.28653e-23
39.475 2.27715e-23
39.5645 2.26781e-23
39.6542 2.25851e-23
39.7441 2.24927e-23
39.8341 2.24006e-23
39.9244 2.23091e-23
40.0149 2.22179e-23
40.1056 2.21272e-23
40.1965 2.2037e-23
40.2876 2.19472e-23
40.379 2.18579e-23
40.4705 2.17689e-23
40.5622 2.16805e-23
40.6542 2.15924e-23
40.7463 2.15048e-23
40.8387 2.14176e-23
40.9312 2.13309e-23
41.024 2.12446e-23
41.117 2.11587e-23
41.2102 2.10732e-23
41.3036 2.09882e-23
41.3972 2.09036e-23
41.4911 2.08194e-23
41.5851 2.07356e-23
41.6794 2.06522e-23
41.7738 2.05693e-23
41.8685 2.04867e-23
41.9634 2.04046e-23
42.0585 2.03229e-23
42.1539 2.02415e-23
42.2494 2.01606e-23
42.3452 2.00801e-23
42.4412 2e-23
42.5374 1.99203e-23
42.6338 1.9841e-23
42.7304 1.97621e-23
42.8273 1.96836e-23
42.9243 1.96055e-23
43.0216 1.95277e-23
43.1191 1.94504e-23
43.2169 1.93734e-23
43.3148 1.92969e-23
43.413 1.92207e-23
43.5114 1.91449e-23
43.61 1.90695e-23
43.7089 1.89944e-23
43.808 1.89198e-23
43.9073 1.88455e-23
44.0068 1.87716e-23
44.1065 1.8698e-23
44.2065 1.86249e-23
44.3067 1.85521e-23
44.4071 1.84796e-23
44.5078 1.84076e-23
44.6087 1.83359e-23
44.7098 1.82646e-23
44.8111 1.81936e-23
44.9127 1.8123e-23
45.0145 1.80528e-23
45.1165 1.79829e-23
45.2188 1.79133e-23
45.3213 1.78442e-23
45.424 1.77753e-23
45.527 1.77069e-23
45.6302 1.76388e-23
45.7336 1.7571e-23
45.8373 1.75036e-23
45.9412 1.74365e-23
46.0453 1.73698e-23
46.1497 1.73034e-23
46.2543 1.72373e-23
46.3591 1.71716e-23
46.4642 1.71062e-23
46.5695 1.70412e-23
46.6751 1.69765e-23
46.7809 1.69122e-23
46.8869 1.68481e-23
46.9932 1.67844e-23
47.0997 1.67211e-23
47.2064 1.6658e-23
47.3134 1.65953e-23
47.4207 1.65329e-23
47.5282 1.64709e-23
47.6359 1.64091e-23
47.7439 1.63477e-23
47.8521 1.62866e-23
47.9605 1.62258e-23
48.0693 1.61654e-23
48.1782 1.61052e-23
48.2874 1.60454e-23
48.3969 1.59859e-23
48.5066 1.59267e-23
48.6165 1.58678e-23
48.7267 1.58092e-23
48.8372 1.5751e-23
48.9479 1.5693e-23
49.0588 1.56353e-23
49.17 1.5578e-23
49.2814 1.55209e-23
49.3932 1.54642e-23
49.5051 1.54077e-23
49.6173 1.53516e-23
49.7298 1.52957e-23
49.8425 1.52402e-23
49.9555 1.51849e-23
50.0687 1.51299e-23
50.1822 1.50753e-23
50.2959 1.50209e-23
50.4099 1.49668e-23
50.5242 1.4913e-23
50.6387 1.48595e-23
50.7535 1.48063e-23
50.8685 1.47533e-23
50.9838 1.47007e-23
51.0994 1.46483e-23
51.2152 1.45962e-23
51.3313 1.45444e-23
51.4477 1.44929e-23
51.5643 1.44416e-23
51.6812 1.43906e-23
51.7983 1.43399e-23
51.9157 1.42895e-23
52.0334 1.42393e-23
52.1513 1.41895e-23
52.2695 1.41399e-23
52.388 1.40905e-23
52.5068 1.40415e-23
52.6258 1.39927e-23
52.7451 1.39441e-23
52.8646 1.38959e-23
52.9844 1.38478e-23
53.1045 1.38001e-23
53.2249 1.37526e-23
53.3455 1.37054e-23
53.4665 1.36584e-23
53.5877 1.36117e-23
53.7091 1.35653e-23
53.8309 1.35191e-23
53.9529 1.34732e-23
54.0752 1.34275e-23
54.1977 1.33821e-23
54.3206 1.33369e-23
54.4437 1.3292e-23
54.5671 1.32473e-23
54.6908 1.32029e-23
54.8148 1.31587e-23
54.939 1.31148e-23
55.0635 1.30711e-23
55.1883 1.30277e-23
55.3134 1.29845e-23
55.4388 1.29415e-23
55.5645 1.28988e-23
55.6904 1.28564e-23
55.8166 1.28141e-23
55.9432 1.27721e-23
56.07 1.27304e-23
56.1971 1.26889e-23
56.3244 1.26476e-23
56.4521 1.26065e-23
56.5801 1.25657e-23
56.7083 1.25251e-23
56.8368 1.24848e-23
56.9657 1.24446e-23
57.0948 1.24048e-23
57.2242 1.23651e-23
57.3539 1.23256e-23
57.4839 1.22864e-23
57.6142 1.22474e-23
57.7448 1.22087e-23
57.8757 1.21701e-23
58.0069 1.21318e-23
58.1383 1.20937e-23
58.2701 1.20558e-23
58.4022 1.20182e-23
58.5346 1.19807e-23
58.6673 1.19435e-23
58.8002 1.19065e-23
58.9335 1.18697e-23
59.0671 1.18331e-23
59.201 1.17968e-23
59.3352 1.17606e-23
59.4697 1.17247e-23
59.6045 1.16889e-23
59.7396 1.16534e-23
59.875 1.16181e-23
60.0107 1.1583e-23
60.1467 1.15481e-23
60.283 1.15134e-23
60.4197 1.14789e-23
60.5566 1.14446e-23
60.6939 1.14105e-23
60.8315 1.13766e-23
60.9693 1.1343e-23
61.1075 1.13095e-23
61.246 1.12762e-23
61.3849 1.12431e-23
61.524 1.12102e-23
61.6635 1.11775e-23
61.8032 1.11451e-23
61.9433 1.11128e-23
62.0837 1.10807e-23
62.2244 1.10487e-23
62.3655 1.1017e-23
62.5068 1.09855e-23
62.6485 1.09542e-23
62.7905 1.0923e-23
62.9328 1.08921e-23
63.0755 1.08613e-23
63.2185 1.08307e-23
63.3618 1.08003e-23
63.5054 1.07701e-23
63.6493 1.07401e-23
63.7936 1.07102e-23
63.9382 1.06805e-23
64.0831 1.06511e-23
64.2284 1.06218e-23
64.3739 1.05926e-23
64.5199 1.05637e-23
64.6661 1.05349e-23
64.8127 1.05064e-23
64.9596 1.04779e-23
65.1068 1.04497e-23
65.2544 1.04217e-23
65.4023 1.03938e-23
65.5506 1.03661e-23
65.6991 1.03385e-23
65.8481 1.03112e-23
65.9973 1.0284e-23
66.1469 1.02569e-23
66.2968 1.02301e-23
66.4471 1.02034e-23
66.5977 1.01769e-23
66.7487 1.01505e-23
66.9 1.01243e-23
67.0516 1.00983e-23
67.2036 1.00724e-23
67.3559 1.00468e-23
67.5086 1.00212e-23
67.6616 9.99585e-24
67.815 9.97064e-24
67.9687 9.94559e-24
68.1227 9.9207e-24
68.2771 9.89598e-24
68.4319 9.8714e-24
68.587 9.84699e-24
68.7425 9.82273e-24
68.8983 9.79863e-24
69.0545 9.77468e-24
69.211 9.75089e-24
69.3679 9.72725e-24
69.5251 9.70377e-24
69.6827 9.68043e-24
69.8406 9.65725e-24
69.9989 9.63422e-24
70.1576 9.61133e-24
70.3166 9.5886e-24
70.476 9.56601e-24
70.6357 9.54358e-24
70.7958 9.52128e-24
70.9563 9.49914e-24
71.1171 9.47714e-24
71.2783 9.45528e-24
71.4399 9.43357e-24
71.6018 9.412e-24
71.7641 9.39057e-24
71.9268 9.36929e-24
72.0898 9.34815e-24
72.2532 9.32714e-24
72.417 9.30628e-24
72.5811 9.28555e-24
72.7457 9.26496e-24
72.9106 9.24451e-24
73.0758 9.2242e-24
73.2415 9.20402e-24
73.4075 9.18398e-24
73.5739 9.16407e-24
73.7406 9.1443e-24
73.9078 9.12465e-24
74.0753 9.10515e-24
74.2432 9.08577e-24
74.4115 9.06652e-24
74.5801 9.04741e-24
74.7492 9.02842e-24
74.9186 9.00956e-24
75.0884 8.99083e-24
75.2586 8.97223e-24
75.4292 8.95376e-24
75.6002 8.93541e-24
75.7715 8.91719e-24
75.9433 8.89909e-24
76.1154 8.88111e-24
76.2879 8.86326e-24
76.4609 8.84554e-24
76.6342 8.82793e-24
76.8079 8.81045e-24
76.982 8.79309e-24
77.1565 8.77585e-24
77.3313 8.75872e-24
77.5066 8.74172e-24
77.6823 8.72484e-24
77.8584 8.70807e-24
78.0349 8.69142e-24
78.2117 8.67488e-24
78.389 8.65847e-24
78.5667 8.64216e-24
78.7448 8.62598e-24
78.9233 8.6099e-24
79.1022 8.59394e-24
79.2815 8.57809e-24
79.4612 8.56236e-24
79.6413 8.54673e-24
79.8218 8.53122e-24
80.0027 8.51581e-24
80.1841 8.50052e-24
80.3658 8.48533e-24
80.548 8.47026e-24
80.7305 8.45529e-24
80.9135 8.44043e-24
81.0969 8.42567e-24
81.2807 8.41102e-24
81.465 8.39648e-24
81.6496 8.38204e-24
81.8347 8.3677e-24
82.0202 8.35347e-24
82.2061 8.33934e-24
82.3924 8.32532e-24
82.5792 8.31139e-24
82.7664 8.29757e-24
82.954 8.28385e-24
83.142 8.27023e-24
83.3304 8.2567e-24
83.5193 8.24328e-24
83.7086 8.22995e-24
83.8984 8.21673e-24
84.0885 8.2036e-24
84.2791 8.19056e-24
84.4702 8.17762e-24
84.6616 8.16478e-24
84.8535 8.15204e-24
85.0459 8.13938e-24
85.2386 8.12683e-24
85.4318 8.11436e-24
85.6255 8.10199e-24
85.8196 8.08971e-24
86.0141 8.07752e-24
86.2091 8.06542e-24
86.4045 8.05342e-24
86.6003 8.0415e-24
86.7966 8.02968e-24
86.9933 8.01794e-24
87.1905 8.00629e-24
87.3881 7.99473e-24
87.5862 7.98326e-24
87.7848 7.97187e-24
87.9837 7.96057e-24
88.1832 7.94936e-24
88.383 7.93823e-24
88.5834 7.92719e-24
88.7842 7.91623e-24
88.9854 7.90535e-24
89.1871 7.89456e-24
89.3893 7.88385e-24
89.5919 7.87323e-24
89.7949 7.86269e-24
89.9985 7.85222e-24
90.2025 7.84184e-24
90.4069 7.83154e-24
90.6118 7.82132e-24
90.8172 7.81118e-24
91.0231 7.80112e-24
91.2294 7.79114e-24
91.4362 7.78123e-24
91.6434 7.7714e-24
91.8512 7.76165e-24
92.0593 7.75198e-24
92.268 7.74238e-24
92.4772 7.73286e-24
92.6868 7.72341e-24
92.8969 7.71404e-24
93.1074 7.70474e-24
93.3185 7.69552e-24
93.53 7.68637e-24
93.742 7.6773e-24
93.9545 7.66829e-24
94.1674 7.65936e-24
94.3809 7.6505e-24
94.5948 7.64171e-24
94.8092 7.63299e-24
95.0241 7.62435e-24
95.2395 7.61577e-24
95.4554 7.60726e-24
95.6717 7.59882e-24
95.8886 7.59045e-24
96.1059 7.58215e-24
96.3238 7.57391e-24
96.5421 7.56575e-24
96.7609 7.55765e-24
96.9802 7.54962e-24
97.2001 7.54165e-24
97.4204 7.53375e-24
97.6412 7.52591e-24
97.8625 7.51814e-24
98.0843 7.51043e-24
98.3067 7.50279e-24
98.5295 7.49521e-24
98.7528 7.4877e-24
98.9767 7.48025e-24
99.201 7.47286e-24
99.4259 7.46553e-24
99.6512 7.45827e-24
99.8771 7.45106e-24
100.103 7.44392e-24
100.33 7.43684e-24
100.558 7.42981e-24
100.786 7.42285e-24
101.014 7.41595e-24
101.243 7.40911e-24
101.473 7.40232e-24
101.703 7.3956e-24
101.933 7.38893e-24
102.164 7.38232e-24
102.396 7.37576e-24
102.628 7.36927e-24
102.86 7.36283e-24
103.094 7.35645e-24
103.327 7.35012e-24
103.561 7.34385e-24
103.796 7.33763e-24
104.031 7.33147e-24
104.267 7.32536e-24
104.504 7.31931e-24
104.741 7.31331e-24
104.978 7.30737e-24
105.216 7.30147e-24
105.454 7.29563e-24
105.693 7.28985e-24
105.933 7.28411e-24
106.173 7.27843e-24
106.414 7.2728e-24
106.655 7.26722e-24
106.897 7.26169e-24
107.139 7.25621e-24
107.382 7.25078e-24
107.625 7.2454e-24
107.869 7.24008e-24
108.114 7.2348e-24
108.359 7.22957e-24
108.604 7.22439e-24
108.85 7.21925e-24
109.097 7.21417e-24
109.344 7.20913e-24
109.592 7.20414e-24
109.841 7.1992e-24
110.09 7.1943e-24
110.339 7.18946e-24
110.589 7.18465e-24
110.84 7.1799e-24
111.091 7.17519e-24
111.343 7.17052e-24
111.595 7.1659e-24
111.848 7.16133e-24
112.102 7.1568e-24
112.356 7.15231e-24
112.611 7.14787e-24
112.866 7.14348e-24
113.122 7.13912e-24
113.378 7.13481e-24
113.635 7.13054e-24
113.893 7.12632e-24
114.151 7.12214e-24
114.41 7.118e-24
114.669 7.1139e-24
114.929 7.10985e-24
115.189 7.10583e-24
115.45 7.10186e-24
115.712 7.09793e-24
115.974 7.09404e-24
116.237 7.09019e-24
116.501 7.08637e-24
116.765 7.0826e-24
117.029 7.07887e-24
117.295 7.07518e-24
117.561 7.07153e-24
117.827 7.06792e-24
118.094 7.06435e-24
118.362 7.06081e-24
118.63 7.05732e-24
118.899 7.05386e-24
119.168 7.05044e-24
119.439 7.04705e-24
119.709 7.04371e-24
119.981 7.0404e-24
120.253 7.03713e-24
120.525 7.0339e-24
120.798 7.0307e-24
121.072 7.02754e-24
121.347 7.02441e-24
121.622 7.02133e-24
121.897 7.01827e-24
122.174 7.01526e-24
122.451 7.01227e-24
122.728 7.00933e-24
123.006 7.00642e-24
123.285 7.00354e-24
123.565 7.0007e-24
123.845 6.99789e-24
124.125 6.99512e-24
124.407 6.99238e-24
124.689 6.98967e-24
124.971 6.987e-24
125.255 6.98436e-24
125.538 6.98175e-24
125.823 6.97918e-24
126.108 6.97664e-24
126.394 6.97413e-24
126.681 6.97166e-24
126.968 6.96922e-24
127.255 6.96681e-24
127.544 6.96443e-24
127.833 6.96208e-24
128.123 6.95977e-24
128.413 6.95749e-24
128.704 6.95523e-24
128.996 6.95301e-24
129.288 6.95082e-24
129.581 6.94866e-24
129.875 6.94654e-24
130.17 6.94444e-24
130.465 6.94237e-24
130.76 6.94033e-24
131.057 6.93832e-24
131.354 6.93635e-24
131.651 6.9344e-24
131.95 6.93248e-24
132.249 6.93059e-24
132.549 6.92873e-24
132.849 6.9269e-24
133.15 6.9251e-24
133.452 6.92332e-24
133.755 6.92158e-24
134.058 6.91986e-24
134.362 6.91818e-24
134.666 6.91652e-24
134.971 6.91488e-24
135.277 6.91328e-24
135.584 6.9117e-24
135.891 6.91016e-24
136.199 6.90863e-24
136.508 6.90714e-24
136.817 6.90567e-24
137.128 6.90424e-24
137.438 6.90282e-24
137.75 6.90144e-24
138.062 6.90008e-24
138.375 6.89875e-24
138.689 6.89744e-24
139.003 6.89616e-24
139.318 6.89491e-24
139.634 6.89368e-24
139.95 6.89248e-24
140.268 6.8913e-24
140.586 6.89015e-24
140.904 6.88903e-24
141.224 6.88793e-24
141.544 6.88686e-24
141.865 6.88581e-24
142.186 6.88479e-24
142.508 6.88379e-24
142.831 6.88282e-24
143.155 6.88187e-24
143.48 6.88095e-24
143.805 6.88005e-24
144.131 6.87918e-24
144.457 6.87833e-24
144.785 6.8775e-24
145.113 6.8767e-24
145.442 6.87592e-24
145.772 6.87517e-24
146.102 6.87444e-24
146.433 6.87374e-24
146.765 6.87305e-24
147.098 6.8724e-24
147.431 6.87176e-24
147.765 6.87115e-24
148.1 6.87056e-24
148.436 6.87e-24
148.772 6.86946e-24
149.11 6.86894e-24
149.448 6.86845e-24
149.786 6.86797e-24
150.126 6.86753e-24
150.466 6.8671e-24
150.807 6.86669e-24
151.149 6.86631e-24
151.492 6.86595e-24
151.835 6.86562e-24
152.179 6.8653e-24
152.524 6.86501e-24
152.87 6.86474e-24
153.216 6.8645e-24
153.564 6.86427e-24
153.912 6.86407e-24
154.261 6.86389e-24
154.61 6.86373e-24
154.961 6.86359e-24
155.312 6.86347e-24
155.664 6.86338e-24
156.017 6.8633e-24
156.37 6.86325e-24
156.725 6.86322e-24
157.08 6.86321e-24
157.436 6.86322e-24
157.793 6.86326e-24
158.151 6.86331e-24
158.509 6.86339e-24
158.868 6.86348e-24
159.229 6.8636e-24
159.589 6.86374e-24
159.951 6.8639e-24
160.314 6.86408e-24
160.677 6.86428e-24
161.041 6.8645e-24
161.406 6.86474e-24
161.772 6.86501e-24
162.139 6.86529e-24
162.506 6.86559e-24
162.875 6.86592e-24
163.244 6.86626e-24
163.614 6.86663e-24
163.985 6.86701e-24
164.356 6.86742e-24
164.729 6.86784e-24
165.102 6.86829e-24
165.477 6.86875e-24
165.852 6.86924e-24
166.228 6.86974e-24
166.604 6.87027e-24
166.982 6.87081e-24
167.361 6.87138e-24
167.74 6.87196e-24
168.12 6.87257e-24
168.501 6.87319e-24
168.883 6.87384e-24
169.266 6.8745e-24
169.65 6.87518e-24
170.034 6.87589e-24
170.419 6.87661e-24
170.806 6.87735e-24
171.193 6.87811e-24
171.581 6.87889e-24
171.97 6.87969e-24
172.36 6.88051e-24
172.75 6.88135e-24
173.142 6.88221e-24
173.534 6.88308e-24
173.928 6.88398e-24
174.322 6.8849e-24
174.717 6.88583e-24
175.113 6.88678e-24
175.51 6.88776e-24
175.908 6.88875e-24
176.307 6.88976e-24
176.706 6.89079e-24
177.107 6.89184e-24
177.508 6.89291e-24
177.91 6.894e-24
178.314 6.8951e-24
178.718 6.89623e-24
179.123 6.89737e-24
179.529 6.89853e-24
179.936 6.89971e-24
180.344 6.90091e-24
180.753 6.90213e-24
181.162 6.90337e-24
181.573 6.90463e-24
181.984 6.9059e-24
182.397 6.9072e-24
182.81 6.90851e-24
183.225 6.90984e-24
183.64 6.91119e-24
184.056 6.91256e-24
184.473 6.91395e-24
184.892 6.91536e-24
185.311 6.91678e-24
185.731 6.91823e-24
186.152 6.91969e-24
186.574 6.92117e-24
186.997 6.92267e-24
187.42 6.92419e-24
187.845 6.92572e-24
188.271 6.92728e-24
188.698 6.92885e-24
189.125 6.93044e-24
189.554 6.93206e-24
189.984 6.93369e-24
190.414 6.93533e-24
190.846 6.937e-24
191.279 6.93868e-24
191.712 6.94039e-24
192.147 6.94211e-24
192.582 6.94385e-24
193.019 6.94561e-24
193.456 6.94739e-24
193.895 6.94918e-24
194.334 6.951e-24
194.775 6.95283e-24
195.216 6.95468e-24
195.659 6.95655e-24
196.102 6.95844e-24
196.547 6.96035e-24
196.992 6.96228e-24
197.439 6.96422e-24
197.886 6.96618e-24
198.335 6.96816e-24
198.784 6.97016e-24
199.235 6.97218e-24
199.686 6.97422e-24
200.139 6.97628e-24
200.593 6.97835e-24
201.047 6.98044e-24
201.503 6.98255e-24
201.96 6.98468e-24
202.418 6.98683e-24
202.876 6.989e-24
203.336 6.99118e-24
203.797 6.99339e-24
204.259 6.99561e-24
204.722 6.99785e-24
205.186 7.00011e-24
205.651 7.00239e-24
206.117 7.00469e-24
206.585 7.007e-24
207.053 7.00934e-24
207.522 7.01169e-24
207.992 7.01406e-24
208.464 7.01645e-24
208.936 7.01886e-24
209.41 7.02129e-24
209.885 7.02374e-24
210.36 7.0262e-24
210.837 7.02869e-24
211.315 7.03119e-24
211.794 7.03371e-24
212.274 7.03626e-24
212.755 7.03882e-24
213.238 7.04139e-24
213.721 7.04399e-24
214.205 7.04661e-24
214.691 7.04924e-24
215.177 7.0519e-24
215.665 7.05457e-24
216.154 7.05727e-24
216.644 7.05998e-24
217.135 7.06271e-24
217.627 7.06546e-24
218.12 7.06823e-24
218.615 7.07101e-24
219.11 7.07382e-24
219.607 7.07665e-24
220.105 7.07949e-24
220.604 7.08236e-24
221.104 7.08524e-24
221.605 7.08814e-24
222.107 7.09107e-24
222.611 7.09401e-24
223.115 7.09697e-24
223.621 7.09995e-24
224.128 7.10295e-24
224.636 7.10597e-24
225.145 7.109e-24
225.655 7.11206e-24
226.167 7.11514e-24
226.679 7.11824e-24
227.193 7.12135e-24
227.708 7.12449e-24
228.224 7.12764e-24
228.742 7.13082e-24
229.26 7.13401e-24
229.78 7.13723e-24
230.301 7.14046e-24
230.823 7.14372e-24
231.346 7.14699e-24
231.87 7.15029e-24
232.396 7.1536e-24
232.923 7.15693e-24
233.45 7.16029e-24
233.98 7.16366e-24
234.51 7.16705e-24
235.042 7.17046e-24
235.574 7.1739e-24
236.108 7.17735e-24
236.643 7.18082e-24
237.18 7.18432e-24
237.717 7.18783e-24
238.256 7.19137e-24
238.796 7.19492e-24
239.338 7.19849e-24
239.88 7.20209e-24
240.424 7.2057e-24
240.969 7.20934e-24
241.515 7.213e-24
242.062 7.21667e-24
242.611 7.22037e-24
243.161 7.22409e-24
243.712 7.22783e-24
244.264 7.23158e-24
244.818 7.23536e-24
245.373 7.23916e-24
245.929 7.24299e-24
246.487 7.24683e-24
247.045 7.25069e-24
247.605 7.25457e-24
248.167 7.25848e-24
248.729 7.2624e-24
249.293 7.26635e-24
249.858 7.27032e-24
250.424 7.27431e-24
250.992 7.27831e-24
251.561 7.28235e-24
252.131 7.2864e-24
252.702 7.29047e-24
253.275 7.29457e-24
253.849 7.29868e-24
254.425 7.30282e-24
255.001 7.30698e-24
255.579 7.31116e-24
256.159 7.31536e-24
256.739 7.31958e-24
257.321 7.32383e-24
257.904 7.32809e-24
258.489 7.33238e-24
259.075 7.33669e-24
259.662 7.34102e-24
260.251 7.34538e-24
260.841 7.34975e-24
261.432 7.35415e-24
262.024 7.35857e-24
262.618 7.36301e-24
263.214 7.36747e-24
263.81 7.37196e-24
264.408 7.37647e-24
265.008 7.381e-24
265.608 7.38555e-24
266.21 7.39012e-24
266.814 7.39472e-24
267.418 7.39934e-24
268.025 7.40398e-24
268.632 7.40865e-24
269.241 7.41333e-24
269.851 7.41804e-24
270.463 7.42278e-24
271.076 7.42753e-24
271.69 7.43231e-24
272.306 7.43711e-24
272.923 7.44193e-24
273.542 7.44678e-24
274.162 7.45165e-24
274.784 7.45654e-24
275.406 7.46146e-24
276.031 7.4664e-24
276.656 7.47136e-24
277.283 7.47634e-24
277.912 7.48135e-24
278.542 7.48638e-24
279.173 7.49144e-24
279.806 7.49652e-24
280.44 7.50162e-24
281.076 7.50675e-24
281.713 7.5119e-24
282.351 7.51707e-24
282.991 7.52227e-24
283.633 7.52749e-24
284.276 7.53273e-24
284.92 7.538e-24
285.566 7.54329e-24
286.213 7.54861e-24
286.862 7.55395e-24
287.512 7.55931e-24
288.164 7.5647e-24
288.817 7.57012e-24
289.472 7.57556e-24
290.128 7.58102e-24
290.785 7.5865e-24
291.444 7.59201e-24
292.105 7.59755e-24
292.767 7.60311e-24
293.431 7.6087e-24
294.096 7.61431e-24
294.763 7.61994e-24
295.431 7.6256e-24
296.1 7.63128e-24
296.771 7.63699e-24
297.444 7.64273e-24
298.118 7.64849e-24
298.794 7.65427e-24
299.471 7.66008e-24
300.15 7.66592e-24
300.83 7.67178e-24
301.512 7.67766e-24
302.196 7.68357e-24
302.881 7.68951e-24
303.567 7.69547e-24
304.255 7.70146e-24
304.945 7.70748e-24
305.636 7.71352e-24
306.329 7.71958e-24
307.023 7.72567e-24
307.719 7.73179e-24
308.417 7.73793e-24
309.116 7.7441e-24
309.816 7.7503e-24
310.519 7.75652e-24
311.222 7.76277e-24
311.928 7.76904e-24
312.635 7.77535e-24
313.344 7.78167e-24
314.054 7.78803e-24
314.766 7.79441e-24
315.479 7.80082e-24
316.194 7.80725e-24
316.911 7.81371e-24
317.629 7.8202e-24
318.349 7.82671e-24
319.071 7.83326e-24
319.794 7.83983e-24
320.519 7.84642e-24
321.245 7.85305e-24
321.973 7.8597e-24
322.703 7.86637e-24
323.435 7.87308e-24
324.168 7.87981e-24
324.903 7.88657e-24
325.639 7.89336e-24
326.377 7.90018e-24
327.117 7.90702e-24
327.858 7.91389e-24
328.601 7.92079e-24
329.346 7.92772e-24
330.093 7.93468e-24
330.841 7.94166e-24
331.591 7.94867e-24
332.343 7.95571e-24
333.096 7.96278e-24
333.851 7.96988e-24
334.608 7.97701e-24
335.366 7.98416e-24
336.126 7.99134e-24
336.888 7.99855e-24
337.652 8.00579e-24
338.417 8.01306e-24
339.184 8.02036e-24
339.953 8.02769e-24
340.723 8.03504e-24
341.496 8.04243e-24
342.27 8.04984e-24
343.046 8.05729e-24
343.823 8.06476e-24
344.602 8.07226e-24
345.384 8.07979e-24
346.166 8.08736e-24
346.951 8.09495e-24
347.737 8.10257e-24
348.526 8.11022e-24
349.316 8.1179e-24
350.107 8.12561e-24
350.901 8.13335e-24
351.696 8.14112e-24
352.493 8.14892e-24
353.292 8.15675e-24
354.093 8.16461e-24
354.896 8.1725e-24
355.7 8.18043e-24
356.507 8.18838e-24
357.315 8.19636e-24
358.125 8.20438e-24
358.936 8.21242e-24
359.75 8.2205e-24
360.565 8.2286e-24
361.383 8.23674e-24
362.202 8.24491e-24
363.023 8.25311e-24
363.845 8.26134e-24
364.67 8.2696e-24
365.497 8.27789e-24
366.325 8.28622e-24
367.156 8.29458e-24
367.988 8.30296e-24
368.822 8.31138e-24
369.658 8.31984e-24
370.496 8.32832e-24
371.336 8.33683e-24
372.177 8.34538e-24
373.021 8.35396e-24
373.866 8.36257e-24
374.714 8.37122e-24
375.563 8.37989e-24
376.414 8.3886e-24
377.268 8.39734e-24
378.123 8.40612e-24
378.98 8.41492e-24
379.839 8.42376e-24
380.7 8.43263e-24
381.563 8.44154e-24
382.427 8.45048e-24
383.294 8.45945e-24
384.163 8.46845e-24
385.034 8.47749e-24
385.907 8.48656e-24
386.781 8.49566e-24
387.658 8.5048e-24
388.537 8.51397e-24
389.417 8.52317e-24
390.3 8.53241e-24
391.185 8.54168e-24
392.071 8.55099e-24
392.96 8.56033e-24
393.851 8.5697e-24
394.743 8.57911e-24
395.638 8.58855e-24
396.535 8.59803e-24
397.434 8.60754e-24
398.335 8.61708e-24
399.238 8.62666e-24
400.142 8.63628e-24
401.049 8.64592e-24
401.958 8.65561e-24
402.87 8.66533e-24
403.783 8.67508e-24
404.698 8.68487e-24
405.615 8.69469e-24
406.535 8.70455e-24
407.456 8.71444e-24
408.38 8.72437e-24
409.305 8.73434e-24
410.233 8.74434e-24
411.163 8.75438e-24
412.095 8.76445e-24
413.029 8.77455e-24
413.965 8.7847e-24
414.903 8.79488e-24
415.844 8.80509e-24
416.786 8.81535e-24
417.731 8.82563e-24
418.678 8.83596e-24
419.627 8.84632e-24
420.578 8.85672e-24
421.531 8.86715e-24
422.487 8.87762e-24
423.445 8.88813e-24
424.404 8.89867e-24
425.366 8.90925e-24
426.33 8.91987e-24
427.297 8.93053e-24
428.265 8.94122e-24
429.236 8.95195e-24
430.209 8.96272e-24
431.184 8.97353e-24
432.161 8.98437e-24
433.141 8.99525e-24
434.123 9.00617e-24
435.107 9.01713e-24
436.093 9.02812e-24
437.082 9.03915e-24
438.072 9.05022e-24
439.065 9.06133e-24
440.06 9.07248e-24
441.058 9.08367e-24
442.058 9.0949e-24
443.06 9.10616e-24
444.064 9.11747e-24
445.07 9.12881e-24
446.079 9.14019e-24
447.09 9.15162e-24
448.104 9.16308e-24
449.119 9.17458e-24
450.137 9.18612e-24
451.158 9.19771e-24
452.18 9.20933e-24
453.205 9.221e-24
454.232 9.2327e-24
455.262 9.24445e-24
456.294 9.25624e-24
457.328 9.26808e-24
458.365 9.27995e-24
459.404 9.29188e-24
460.445 9.30384e-24
461.489 9.31586e-24
462.535 9.32792e-24
463.583 9.34004e-24
464.634 9.3522e-24
465.687 9.36443e-24
466.743 9.37672e-24
467.801 9.38909e-24
468.861 9.40154e-24
469.924 9.41409e-24
470.989 9.42677e-24
472.056 9.43964e-24
473.126 9.45279e-24
474.199 9.46638e-24
475.274 9.4808e-24
476.351 9.49699e-24
477.431 9.51788e-24
478.513 9.55699e-24
479.597 9.7709e-24
480.684 1.11608e-23
481.774 9.62971e-24
482.866 9.58786e-24
483.96 9.58781e-24
485.057 9.59575e-24
486.157 9.60628e-24
487.259 9.6179e-24
488.363 9.63009e-24
489.47 9.64259e-24
490.58 9.65531e-24
491.692 9.66817e-24
492.806 9.68115e-24
493.923 9.69421e-24
495.043 9.70735e-24
496.165 9.72056e-24
497.289 9.73383e-24
498.417 9.74716e-24
499.546 9.76054e-24
500.679 9.77397e-24
501.813 9.78746e-24
502.951 9.80099e-24
504.091 9.81457e-24
505.234 9.82819e-24
506.379 9.84187e-24
507.526 9.85559e-24
508.677 9.86936e-24
509.83 9.88317e-24
510.985 9.89703e-24
512.144 9.91093e-24
513.305 9.92488e-24
514.468 9.93888e-24
515.634 9.95292e-24
516.803 9.96701e-24
517.974 9.98114e-24
519.148 9.99532e-24
520.325 1.00095e-23
521.504 1.00238e-23
522.687 1.00381e-23
523.871 1.00525e-23
525.059 1.00669e-23
526.249 1.00814e-23
527.442 1.00959e-23
528.637 1.01104e-23
529.835 1.0125e-23
531.036 1.01396e-23
532.24 1.01543e-23
533.446 1.01691e-23
534.656 1.01838e-23
535.867 1.01987e-23
537.082 1.02135e-23
538.299 1.02284e-23
539.52 1.02434e-23
540.742 1.02584e-23
541.968 1.02735e-23
543.197 1.02886e-23
544.428 1.03037e-23
545.662 1.03189e-23
546.899 1.03342e-23
548.138 1.03495e-23
549.381 1.03648e-23
550.626 1.03802e-23
551.874 1.03957e-23
553.125 1.04112e-23
554.379 1.04267e-23
555.635 1.04423e-23
556.895 1.04579e-23
558.157 1.04736e-23
559.422 1.04893e-23
560.69 1.05051e-23
561.961 1.05209e-23
563.235 1.05368e-23
564.511 1.05527e-23
565.791 1.05687e-23
567.073 1.05847e-23
568.359 1.06008e-23
569.647 1.06169e-23
570.938 1.06331e-23
572.232 1.06493e-23
573.529 1.06656e-23
574.829 1.06819e-23
576.132 1.06983e-23
577.438 1.07147e-23
578.747 1.07312e-23
580.059 1.07477e-23
581.374 1.07643e-23
582.691 1.07809e-23
584.012 1.07976e-23
585.336 1.08143e-23
586.663 1.08311e-23
587.992 1.08479e-23
589.325 1.08648e-23
590.661 1.08817e-23
592 1.08987e-23
593.342 1.09157e-23
594.687 1.09328e-23
596.034 1.09499e-23
597.385 1.09671e-23
598.74 1.09843e-23
600.097 1.10016e-23
601.457 1.1019e-23
602.82 1.10364e-23
604.187 1.10538e-23
605.556 1.10713e-23
606.929 1.10889e-23
608.304 1.11065e-23
609.683 1.11241e-23
611.065 1.11418e-23
612.45 1.11596e-23
613.838 1.11774e-23
615.23 1.11953e-23
616.624 1.12132e-23
618.022 1.12311e-23
619.423 1.12492e-23
620.827 1.12673e-23
622.234 1.12854e-23
623.644 1.13036e-23
625.058 1.13218e-23
626.475 1.13401e-23
627.895 1.13585e-23
629.318 1.13769e-23
630.744 1.13953e-23
632.174 1.14138e-23
633.607 1.14324e-23
635.043 1.1451e-23
636.482 1.14697e-23
637.925 1.14884e-23
639.371 1.15072e-23
640.82 1.15261e-23
642.273 1.1545e-23
643.729 1.15639e-23
645.188 1.15829e-23
646.65 1.1602e-23
648.116 1.16211e-23
649.585 1.16403e-23
651.057 1.16595e-23
652.533 1.16788e-23
654.012 1.16981e-23
655.494 1.17175e-23
656.98 1.1737e-23
658.469 1.17565e-23
659.962 1.17761e-23
661.458 1.17957e-23
662.957 1.18154e-23
664.46 1.18351e-23
665.966 1.18549e-23
667.475 1.18748e-23
668.988 1.18947e-23
670.505 1.19147e-23
672.024 1.19347e-23
673.548 1.19548e-23
675.074 1.19749e-23
676.604 1.19951e-23
678.138 1.20154e-23
679.675 1.20357e-23
681.216 1.20561e-23
682.76 1.20765e-23
684.307 1.2097e-23
685.859 1.21176e-23
687.413 1.21382e-23
688.971 1.21588e-23
690.533 1.21796e-23
692.098 1.22004e-23
693.667 1.22212e-23
695.239 1.22421e-23
696.815 1.22631e-23
698.394 1.22841e-23
699.977 1.23052e-23
701.564 1.23264e-23
703.154 1.23476e-23
704.748 1.23688e-23
706.345 1.23902e-23
707.946 1.24115e-23
709.551 1.2433e-23
711.159 1.24545e-23
712.771 1.24761e-23
714.387 1.24977e-23
716.006 1.25194e-23
717.629 1.25412e-23
719.256 1.2563e-23
720.886 1.25848e-23
722.52 1.26068e-23
724.158 1.26288e-23
725.799 1.26508e-23
727.444 1.2673e-23
729.093 1.26952e-23
730.746 1.27174e-23
732.402 1.27397e-23
734.062 1.27621e-23
735.726 1.27845e-23
737.394 1.2807e-23
739.065 1.28296e-23
740.74 1.28522e-23
742.419 1.28749e-23
744.102 1.28977e-23
745.789 1.29205e-23
747.479 1.29434e-23
749.173 1.29663e-23
750.871 1.29893e-23
752.573 1.30124e-23
754.279 1.30355e-23
755.989 1.30587e-23
757.702 1.3082e-23
759.42 1.31053e-23
761.141 1.31287e-23
762.866 1.31522e-23
764.596 1.31757e-23
766.329 1.31993e-23
768.066 1.32229e-23
769.807 1.32466e-23
771.552 1.32704e-23
773.3 1.32943e-23
775.053 1.33182e-23
776.81 1.33422e-23
778.571 1.33662e-23
780.335 1.33903e-23
782.104 1.34145e-23
783.877 1.34388e-23
785.654 1.34631e-23
787.434 1.34874e-23
789.219 1.35119e-23
791.008 1.35364e-23
792.801 1.3561e-23
794.598 1.35856e-23
796.399 1.36103e-23
798.204 1.36351e-23
800.014 1.366e-23
801.827 1.36849e-23
803.644 1.37099e-23
805.466 1.37349e-23
807.292 1.37601e-23
809.122 1.37853e-23
810.956 1.38105e-23
812.794 1.38358e-23
814.636 1.38612e-23
816.482 1.38867e-23
818.333 1.39122e-23
820.188 1.39378e-23
822.047 1.39635e-23
823.91 1.39893e-23
825.778 1.40151e-23
827.65 1.4041e-23
829.526 1.40669e-23
831.406 1.40929e-23
833.29 1.4119e-23
835.179 1.41452e-23
837.072 1.41714e-23
838.97 1.41977e-23
840.871 1.42241e-23
842.777 1.42506e-23
844.687 1.42771e-23
846.602 1.43037e-23
848.521 1.43303e-23
850.444 1.43571e-23
852.372 1.43839e-23
854.304 1.44107e-23
856.24 1.44377e-23
858.181 1.44647e-23
860.126 1.44918e-23
862.076 1.4519e-23
864.03 1.45462e-23
865.988 1.45735e-23
867.951 1.46009e-23
869.919 1.46284e-23
871.89 1.46559e-23
873.867 1.46835e-23
875.847 1.47112e-23
877.833 1.47389e-23
879.822 1.47667e-23
881.817 1.47946e-23
883.815 1.48226e-23
885.819 1.48507e-23
887.826 1.48788e-23
889.839 1.4907e-23
891.856 1.49352e-23
893.877 1.49636e-23
895.903 1.4992e-23
897.934 1.50205e-23
899.969 1.50491e-23
902.009 1.50777e-23
904.054 1.51065e-23
906.103 1.51352e-23
908.157 1.51641e-23
910.215 1.51931e-23
912.278 1.52221e-23
914.346 1.52512e-23
916.419 1.52804e-23
918.496 1.53096e-23
920.578 1.5339e-23
922.664 1.53684e-23
924.756 1.53979e-23
926.852 1.54274e-23
928.953 1.54571e-23
931.058 1.54868e-23
933.169 1.55166e-23
935.284 1.55465e-23
937.404 1.55765e-23
939.529 1.56065e-23
941.658 1.56366e-23
943.793 1.56668e-23
945.932 1.56971e-23
948.076 1.57274e-23
950.225 1.57579e-23
952.379 1.57884e-23
954.537 1.58191e-23
956.701 1.585e-23
958.87 1.58822e-23
961.043 1.60011e-23
963.221 1.59431e-23
965.405 1.59734e-23
967.593 1.60043e-23
969.786 1.60354e-23
971.984 1.60666e-23
974.187 1.60979e-23
976.395 1.61292e-23
978.609 1.61607e-23
980.827 1.61923e-23
983.05 1.62239e-23
985.278 1.62556e-23
987.511 1.62874e-23
989.75 1.63193e-23
991.993 1.63513e-23
994.242 1.63833e-23
996.495 1.64154e-23
998.754 1.64477e-23
1001.02 1.64799e-23
1003.29 1.65123e-23
1005.56 1.65448e-23
1007.84 1.65773e-23
1010.12 1.661e-23
1012.41 1.66427e-23
1014.71 1.66755e-23
1017.01 1.67084e-23
1019.31 1.67413e-23
1021.62 1.67744e-23
1023.94 1.68075e-23
1026.26 1.68408e-23
1028.59 1.68741e-23
1030.92 1.69075e-23
1033.26 1.69409e-23
1035.6 1.69745e-23
1037.94 1.70082e-23
1040.3 1.70419e-23
1042.66 1.70757e-23
1045.02 1.71096e-23
1047.39 1.71436e-23
1049.76 1.71777e-23
1052.14 1.72119e-23
1054.53 1.72461e-23
1056.92 1.72805e-23
1059.31 1.73149e-23
1061.71 1.73494e-23
1064.12 1.7384e-23
1066.53 1.74187e-23
1068.95 1.74535e-23
1071.37 1.74884e-23
1073.8 1.75234e-23
1076.23 1.75584e-23
1078.67 1.75936e-23
1081.12 1.76288e-23
1083.57 1.76641e-23
1086.02 1.76995e-23
1088.49 1.7735e-23
1090.95 1.77706e-23
1093.43 1.78063e-23
1095.9 1.78421e-23
1098.39 1.78779e-23
1100.88 1.79139e-23
1103.37 1.79499e-23
1105.87 1.7986e-23
1108.38 1.80223e-23
1110.89 1.80586e-23
1113.41 1.8095e-23
1115.94 1.81315e-23
1118.46 1.81681e-23
1121 1.82048e-23
1123.54 1.82415e-23
1126.09 1.82784e-23
1128.64 1.83154e-23
1131.2 1.83524e-23
1133.76 1.83896e-23
1136.33 1.84268e-23
1138.91 1.84641e-23
1141.49 1.85016e-23
1144.08 1.85391e-23
1146.67 1.85767e-23
1149.27 1.86144e-23
1151.87 1.86522e-23
1154.48 1.86901e-23
1157.1 1.87281e-23
1159.72 1.87662e-23
1162.35 1.88044e-23
1164.99 1.88427e-23
1167.63 1.88811e-23
1170.27 1.89195e-23
1172.93 1.89581e-23
1175.59 1.89968e-23
1178.25 1.90355e-23
1180.92 1.90744e-23
1183.6 1.91134e-23
1186.28 1.91524e-23
1188.97 1.91916e-23
1191.66 1.92308e-23
1194.37 1.92702e-23
1197.07 1.93096e-23
1199.79 1.93491e-23
1202.51 1.93888e-23
1205.23 1.94285e-23
1207.96 1.94684e-23
1210.7 1.95083e-23
1213.45 1.95484e-23
1216.2 1.95885e-23
1218.95 1.96287e-23
1221.72 1.96691e-23
1224.48 1.97095e-23
1227.26 1.975e-23
1230.04 1.97907e-23
1232.83 1.98314e-23
1235.62 1.98723e-23
1238.43 1.99132e-23
1241.23 1.99542e-23
1244.05 1.99954e-23
1246.87 2.00366e-23
1249.69 2.0078e-23
1252.52 2.01194e-23
1255.36 2.0161e-23
1258.21 2.02026e-23
1261.06 2.02444e-23
1263.92 2.02863e-23
1266.78 2.03282e-23
1269.66 2.03703e-23
1272.53 2.04125e-23
1275.42 2.04548e-23
1278.31 2.04971e-23
1281.21 2.05396e-23
1284.11 2.05822e-23
1287.02 2.06249e-23
1289.94 2.06677e-23
1292.86 2.07106e-23
1295.79 2.07536e-23
1298.73 2.07968e-23
1301.67 2.084e-23
1304.62 2.08833e-23
1307.58 2.09268e-23
1310.54 2.09703e-23
1313.51 2.10139e-23
1316.49 2.10577e-23
1319.48 2.11016e-23
1322.47 2.11455e-23
1325.46 2.11896e-23
1328.47 2.12338e-23
1331.48 2.12781e-23
1334.5 2.13225e-23
1337.52 2.1367e-23
1340.55 2.14117e-23
1343.59 2.14564e-23
1346.64 2.15012e-23
1349.69 2.15462e-23
1352.75 2.15912e-23
1355.82 2.16364e-23
1358.89 2.16817e-23
1361.97 2.17271e-23
1365.06 2.17726e-23
1368.15 2.18182e-23
1371.25 2.18639e-23
1374.36 2.19098e-23
1377.48 2.19557e-23
1380.6 2.20018e-23
1383.73 2.2048e-23
1386.86 2.20943e-23
1390.01 2.21407e-23
1393.16 2.21872e-23
1396.32 2.22338e-23
1399.48 2.22805e-23
1402.65 2.23274e-23
1405.83 2.23744e-23
1409.02 2.24214e-23
1412.21 2.24686e-23
1415.41 2.2516e-23
1418.62 2.25634e-23
1421.84 2.26109e-23
1425.06 2.26586e-23
1428.29 2.27064e-23
1431.53 2.27543e-23
1434.77 2.28023e-23
1438.02 2.28505e-23
1441.28 2.29634e-23
1444.55 2.29471e-23
1447.82 2.29955e-23
1451.11 2.3044e-23
1454.4 2.30927e-23
1457.69 2.31416e-23
1461 2.31905e-23
1464.31 2.32396e-23
1467.63 2.32888e-23
1470.95 2.33381e-23
1474.29 2.33875e-23
1477.63 2.3437e-23
1480.98 2.34867e-23
1484.34 2.35365e-23
1487.7 2.35864e-23
1491.07 2.36364e-23
1494.45 2.36865e-23
1497.84 2.37368e-23
1501.23 2.37872e-23
1504.64 2.38377e-23
1508.05 2.38883e-23
1511.47 2.3939e-23
1514.89 2.39899e-23
1518.33 2.40409e-23
1521.77 2.4092e-23
1525.22 2.41433e-23
1528.67 2.41946e-23
1532.14 2.42461e-23
1535.61 2.42977e-23
1539.09 2.43495e-23
1542.58 2.44013e-23
1546.08 2.44533e-23
1549.58 2.45054e-23
1553.09 2.45577e-23
1556.61 2.461e-23
1560.14 2.46625e-23
1563.68 2.47151e-23
1567.22 2.47679e-23
1570.77 2.48207e-23
1574.34 2.48737e-23
1577.9 2.49268e-23
1581.48 2.49801e-23
1585.06 2.50335e-23
1588.66 2.5087e-23
1592.26 2.51406e-23
1595.87 2.51944e-23
1599.48 2.52483e-23
1603.11 2.53023e-23
1606.74 2.53564e-23
1610.39 2.54107e-23
1614.04 2.54651e-23
1617.69 2.55196e-23
1621.36 2.55743e-23
1625.04 2.56291e-23
1628.72 2.5684e-23
1632.41 2.57391e-23
1636.11 2.57943e-23
1639.82 2.58496e-23
1643.54 2.59051e-23
1647.26 2.59607e-23
1651 2.60164e-23
1654.74 2.60722e-23
1658.49 2.61282e-23
1662.25 2.61844e-23
1666.02 2.62406e-23
1669.79 2.6297e-23
1673.58 2.63535e-23
1677.37 2.64102e-23
1681.17 2.6467e-23
1684.98 2.65239e-23
1688.8 2.6581e-23
1692.63 2.66382e-23
1696.47 2.66955e-23
1700.31 2.6753e-23
1704.17 2.68106e-23
1708.03 2.68684e-23
1711.9 2.69263e-23
1715.78 2.69843e-23
1719.67 2.70424e-23
1723.57 2.71008e-23
1727.47 2.71592e-23
1731.39 2.72178e-23
1735.31 2.72765e-23
1739.25 2.73354e-23
1743.19 2.73943e-23
1747.14 2.74535e-23
1751.1 2.75128e-23
1755.07 2.75722e-23
1759.05 2.76317e-23
1763.04 2.76915e-23
1767.03 2.77513e-23
1771.04 2.78113e-23
1775.05 2.78714e-23
1779.07 2.79317e-23
1783.11 2.79921e-23
1787.15 2.80527e-23
1791.2 2.81134e-23
1795.26 2.81742e-23
1799.33 2.82352e-23
1803.41 2.82963e-23
1807.49 2.83576e-23
1811.59 2.8419e-23
1815.7 2.84806e-23
1819.81 2.85423e-23
1823.94 2.86042e-23
1828.07 2.86662e-23
1832.22 2.87283e-23
1836.37 2.87906e-23
1840.53 2.88531e-23
1844.7 2.89157e-23
1848.88 2.89784e-23
1853.08 2.90413e-23
1857.28 2.91044e-23
1861.49 2.91676e-23
1865.7 2.92309e-23
1869.93 2.92944e-23
1874.17 2.9358e-23
1878.42 2.94218e-23
1882.68 2.94858e-23
1886.95 2.95499e-23
1891.22 2.96141e-23
1895.51 2.96785e-23
1899.81 2.97431e-23
1904.11 2.98078e-23
1908.43 2.98726e-23
1912.75 2.99376e-23
1917.09 3.00028e-23
1921.43 3.0088e-23
1925.79 3.01336e-23
1930.15 3.01992e-23
1934.53 3.02649e-23
1938.91 3.03309e-23
1943.31 3.0397e-23
1947.71 3.04632e-23
1952.13 3.05296e-23
1956.55 3.05962e-23
1960.99 3.06629e-23
1965.43 3.07297e-23
1969.89 3.07968e-23
1974.35 3.08639e-23
1978.83 3.09313e-23
1983.31 3.09988e-23
1987.81 3.10664e-23
1992.31 3.11343e-23
1996.83 3.12022e-23
2001.36 3.12704e-23
2005.89 3.13387e-23
2010.44 3.14071e-23
2015 3.14757e-23
2019.56 3.15445e-23
2024.14 3.16135e-23
2028.73 3.16826e-23
2033.33 3.17518e-23
2037.94 3.18213e-23
2042.56 3.18908e-23
2047.19 3.19606e-23
2051.83 3.20305e-23
2056.48 3.21006e-23
2061.14 3.21708e-23
2065.81 3.22413e-23
2070.49 3.23118e-23
2075.19 3.23826e-23
2079.89 3.24535e-23
2084.6 3.25246e-23
2089.33 3.25958e-23
2094.06 3.26672e-23
2098.81 3.27388e-23
2103.57 3.28105e-23
2108.34 3.28824e-23
2113.12 3.29545e-23
2117.9 3.30268e-23
2122.71 3.30992e-23
2127.52 3.31718e-23
2132.34 3.32445e-23
2137.17 3.33174e-23
2142.02 3.33905e-23
2146.87 3.34638e-23
2151.74 3.35372e-23
2156.62 3.36109e-23
2161.5 3.36846e-23
2166.4 3.37586e-23
2171.31 3.38327e-23
2176.23 3.3907e-23
2181.17 3.39815e-23
2186.11 3.40562e-23
2191.07 3.4131e-23
2196.03 3.4206e-23
2201.01 3.42812e-23
2206 3.43565e-23
2211 3.4432e-23
2216.01 3.45077e-23
2221.03 3.45836e-23
2226.07 3.46597e-23
2231.11 3.47359e-23
2236.17 3.48123e-23
2241.24 3.48889e-23
2246.32 3.49657e-23
2251.41 3.50426e-23
2256.51 3.51198e-23
2261.63 3.51971e-23
2266.76 3.52746e-23
2271.89 3.53522e-23
2277.04 3.54301e-23
2282.2 3.55081e-23
2287.38 3.55863e-23
2292.56 3.56647e-23
2297.76 3.57433e-23
2302.97 3.58221e-23
2308.19 3.5901e-23
2313.42 3.59801e-23
2318.66 3.60595e-23
2323.92 3.6139e-23
2329.19 3.62186e-23
2334.46 3.62985e-23
2339.76 3.63786e-23
2345.06 3.64588e-23
2350.38 3.65392e-23
2355.7 3.66199e-23
2361.04 3.67007e-23
2366.39 3.67817e-23
2371.76 3.68628e-23
2377.13 3.69442e-23
2382.52 3.70258e-23
2387.92 3.71075e-23
2393.33 3.71895e-23
2398.76 3.72716e-23
2404.2 3.73539e-23
2409.65 3.74364e-23
2415.11 3.75191e-23
2420.58 3.7602e-23
2426.07 3.76851e-23
2431.57 3.77684e-23
2437.08 3.78519e-23
2442.6 3.79355e-23
2448.14 3.80194e-23
2453.69 3.81035e-23
2459.25 3.81877e-23
2464.82 3.82722e-23
2470.41 3.83568e-23
2476.01 3.84416e-23
2481.62 3.85267e-23
2487.25 3.86119e-23
2492.89 3.86974e-23
2498.54 3.8783e-23
2504.2 3.88688e-23
2509.88 3.89549e-23
2515.56 3.90411e-23
2521.27 3.91275e-23
2526.98 3.92141e-23
2532.71 3.9301e-23
2538.45 3.9388e-23
2544.2 3.94752e-23
2549.97 3.95627e-23
2555.75 3.96503e-23
2561.54 3.97382e-23
2567.35 3.98262e-23
2573.17 3.99145e-23
2579 4.00029e-23
2584.85 4.00916e-23
2590.71 4.01804e-23
2596.58 4.02695e-23
2602.46 4.03588e-23
2608.36 4.04483e-23
2614.27 4.0538e-23
2620.2 4.06279e-23
2626.14 4.0718e-23
2632.09 4.08083e-23
2638.06 4.08988e-23
2644.04 4.09896e-23
2650.03 4.10805e-23
2656.04 4.11717e-23
2662.06 4.1263e-23
2668.09 4.13546e-23
2674.14 4.14464e-23
2680.2 4.15384e-23
2686.28 4.16306e-23
2692.36 4.17231e-23
2698.47 4.18157e-23
2704.58 4.19086e-23
2710.71 4.20016e-23
2716.86 4.20949e-23
2723.02 4.21884e-23
2729.19 4.22821e-23
2735.37 4.23761e-23
2741.57 4.24702e-23
2747.79 4.25646e-23
2754.02 4.26592e-23
2760.26 4.2754e-23
2766.52 4.2849e-23
2772.79 4.29443e-23
2779.07 4.30397e-23
2785.37 4.31354e-23
2791.68 4.32313e-23
2798.01 4.33275e-23
2804.35 4.34238e-23
2810.71 4.35204e-23
2817.08 4.36172e-23
2823.47 4.37142e-23
2829.87 4.38115e-23
2836.28 4.39089e-23
2842.71 4.40066e-23
2849.15 4.41046e-23
2855.61 4.42027e-23
2862.08 4.43011e-23
2868.57 4.43997e-23
2875.07 4.44985e-23
2881.59 4.45976e-23
2888.12 4.46968e-23
2894.67 4.47964e-23
2901.23 4.48961e-23
2907.8 4.49961e-23
2914.4 4.50963e-23
2921 4.51967e-23
2927.62 4.52974e-23
2934.26 4.53983e-23
2940.91 4.54994e-23
2947.57 4.56008e-23
2954.26 4.57024e-23
2960.95 4.58042e-23
2967.66 4.59063e-23
2974.39 4.60086e-23
2981.13 4.61111e-23
2987.89 4.62139e-23
2994.66 4.63169e-23
3001.45 4.64202e-23
3008.25 4.65236e-23
3015.07 4.66274e-23
3021.91 4.67313e-23
3028.76 4.68355e-23
3035.62 4.694e-23
3042.5 4.70447e-23
3049.4 4.71496e-23
3056.31 4.72548e-23
3063.24 4.73602e-23
3070.18 4.74658e-23
3077.14 4.75717e-23
3084.11 4.76779e-23
3091.1 4.77842e-23
3098.11 4.78909e-23
3105.13 4.79978e-23
3112.17 4.81049e-23
3119.23 4.82122e-23
3126.3 4.83199e-23
3133.38 4.84277e-23
3140.48 4.85358e-23
3147.6 4.86442e-23
3154.74 4.87528e-23
3161.89 4.88617e-23
3169.05 4.89708e-23
3176.24 4.90801e-23
3183.44 4.91897e-23
3190.65 4.92996e-23
3197.89 4.94097e-23
3205.13 4.95201e-23
3212.4 4.96307e-23
3219.68 4.97416e-23
3226.98 4.98527e-23
3234.29 4.99641e-23
3241.62 5.00757e-23
3248.97 5.01877e-23
3256.33 5.02998e-23
3263.72 5.04122e-23
3271.11 5.05249e-23
3278.53 5.06378e-23
3285.96 5.0751e-23
3293.41 5.08645e-23
3300.87 5.09782e-23
3308.35 5.10922e-23
3315.85 5.12064e-23
3323.37 5.13209e-23
3330.9 5.14357e-23
3338.45 5.15507e-23
3346.02 5.1666e-23
3353.6 5.17815e-23
3361.2 5.18974e-23
3368.82 5.20134e-23
3376.46 5.21298e-23
3384.11 5.22464e-23
3391.78 5.23633e-23
3399.47 5.24805e-23
3407.18 5.25979e-23
3414.9 5.27156e-23
3422.64 5.28336e-23
3430.4 5.29518e-23
3438.17 5.30703e-23
3445.97 5.31891e-23
3453.78 5.33081e-23
3461.61 5.34275e-23
3469.45 5.35471e-23
3477.32 5.36669e-23
3485.2 5.37871e-23
3493.1 5.39075e-23
3501.01 5.40282e-23
3508.95 5.41492e-23
3516.9 5.42704e-23
3524.88 5.4392e-23
3532.86 5.45138e-23
3540.87 5.46359e-23
3548.9 5.47583e-23
3556.94 5.48809e-23
3565 5.50038e-23
3573.09 5.51271e-23
3581.18 5.52506e-23
3589.3 5.53743e-23
3597.44 5.54984e-23
3605.59 5.56228e-23
3613.76 5.57474e-23
3621.96 5.58723e-23
3630.16 5.59975e-23
3638.39 5.6123e-23
3646.64 5.62488e-23
3654.91 5.63749e-23
3663.19 5.65012e-23
3671.49 5.66279e-23
3679.82 5.67548e-23
3688.16 5.6882e-23
3696.52 5.70096e-23
3704.89 5.71374e-23
3713.29 5.72655e-23
3721.71 5.73939e-23
3730.14 5.75226e-23
3738.6 5.76516e-23
3747.07 5.77809e-23
3755.57 5.79104e-23
3764.08 5.80403e-23
3772.61 5.81705e-23
3781.16 5.8301e-23
3789.73 5.84317e-23
3798.32 5.85628e-23
3806.93 5.86942e-23
3815.56 5.88259e-23
3824.21 5.89578e-23
3832.88 5.90901e-23
3841.57 5.92227e-23
3850.27 5.93556e-23
3859 5.94888e-23
3867.75 5.96223e-23
3876.51 5.97561e-23
3885.3 5.98902e-23
3894.11 6.00246e-23
3902.93 6.01593e-23
3911.78 6.02943e-23
3920.65 6.04297e-23
3929.53 6.05653e-23
3938.44 6.07013e-23
3947.37 6.08375e-23
3956.32 6.09741e-23
3965.28 6.1111e-23
3974.27 6.12482e-23
3983.28 6.13857e-23
3992.31 6.15236e-23
4001.36 6.16617e-23
4010.43 6.18002e-23
4019.52 6.1939e-23
4028.63 6.20781e-23
4037.76 6.22175e-23
4046.91 6.23572e-23
4056.08 6.24973e-23
4065.28 6.26376e-23
4074.49 6.27783e-23
4083.73 6.29194e-23
4092.98 6.30607e-23
4102.26 6.32024e-23
4111.56 6.33444e-23
4120.88 6.34867e-23
4130.22 6.36293e-23
4139.58 6.37723e-23
4148.96 6.39156e-23
4158.37 6.40592e-23
4167.79 6.42031e-23
4177.24 6.43474e-23
4186.71 6.4492e-23
4196.2 6.4637e-23
4205.71 6.47822e-23
4215.24 6.49278e-23
4224.8 6.50738e-23
4234.37 6.522e-23
4243.97 6.53667e-23
4253.59 6.55136e-23
4263.23 6.56609e-23
4272.9 6.58085e-23
4282.58 6.59564e-23
4292.29 6.61047e-23
4302.02 6.62533e-23
4311.77 6.64023e-23
4321.54 6.65516e-23
4331.34 6.67012e-23
4341.15 6.68512e-23
4350.99 6.70016e-23
4360.86 6.71522e-23
4370.74 6.73033e-23
4380.65 6.74546e-23
4390.58 6.76063e-23
4400.53 6.77584e-23
4410.5 6.79108e-23
4420.5 6.80635e-23
4430.52 6.82166e-23
4440.56 6.83701e-23
4450.63 6.85239e-23
4460.72 6.8678e-23
4470.83 6.88325e-23
4480.96 6.89874e-23
4491.12 6.91426e-23
4501.3 6.92982e-23
4511.5 6.94541e-23
4521.73 6.96104e-23
4531.97 6.9767e-23
4542.25 6.9924e-23
4552.54 7.00813e-23
4562.86 7.0239e-23
4573.2 7.03971e-23
4583.57 7.05555e-23
4593.96 7.07143e-23
4604.37 7.08735e-23
4614.81 7.1033e-23
4625.27 7.11929e-23
4635.75 7.13531e-23
4646.26 7.15137e-23
4656.79 7.16747e-23
4667.35 7.18361e-23
4677.93 7.19978e-23
4688.53 7.21599e-23
4699.16 7.23223e-23
4709.81 7.24851e-23
4720.48 7.26483e-23
4731.18 7.28119e-23
4741.91 7.29758e-23
4752.66 7.31401e-23
4763.43 7.33048e-23
4774.22 7.34699e-23
4785.05 7.36353e-23
4795.89 7.38012e-23
4806.76 7.39674e-23
4817.66 7.41339e-23
4828.58 7.43009e-23
4839.52 7.44682e-23
4850.49 7.46359e-23
4861.49 7.4804e-23
4872.51 7.49725e-23
4883.55 7.51414e-23
4894.62 7.53107e-23
4905.71 7.54803e-23
4916.83 7.56503e-23
4927.98 7.58207e-23
4939.15 7.59915e-23
4950.34 7.61627e-23
4961.56 7.63343e-23
4972.81 7.65063e-23
4984.08 7.66787e-23
4995.38 7.68514e-23
5006.7 7.70246e-23
5018.05 7.71981e-23
5029.42 7.73721e-23
5040.82 7.75464e-23
5052.25 7.77211e-23
5063.7 7.78963e-23
5075.18 7.80718e-23
5086.68 7.82478e-23
5098.21 7.84241e-23
5109.77 7.86008e-23
5121.35 7.8778e-23
5132.96 7.89555e-23
5144.59 7.91335e-23
5156.25 7.93118e-23
5167.94 7.94906e-23
5179.65 7.96698e-23
5191.4 7.98493e-23
5203.16 8.00293e-23
5214.96 8.02097e-23
5226.78 8.03905e-23
5238.62 8.05718e-23
5250.5 8.07534e-23
5262.4 8.09355e-23
5274.33 8.11179e-23
5286.28 8.13008e-23
5298.26 8.14841e-23
5310.27 8.16678e-23
5322.31 8.18519e-23
5334.37 8.20365e-23
5346.46 8.22215e-23
5358.58 8.24069e-23
5370.73 8.25927e-23
5382.9 8.27789e-23
5395.1 8.29656e-23
5407.33 8.31527e-23
5419.59 8.33402e-23
5431.87 8.35281e-23
5444.19 8.37165e-23
5456.53 8.39053e-23
5468.89 8.40945e-23
5481.29 8.42842e-23
5493.71 8.44743e-23
5506.17 8.46648e-23
5518.65 8.48558e-23
5531.16 8.50472e-23
5543.69 8.5239e-23
5556.26 8.54313e-23
5568.85 8.5624e-23
5581.47 8.58171e-23
5594.13 8.60107e-23
5606.81 8.62047e-23
5619.51 8.63992e-23
5632.25 8.65941e-23
5645.02 8.67895e-23
5657.81 8.69853e-23
5670.64 8.71815e-23
5683.49 8.73782e-23
5696.37 8.75754e-23
5709.28 8.77729e-23
5722.23 8.7971e-23
5735.2 8.81695e-23
5748.2 8.83684e-23
5761.23 8.85678e-23
5774.28 8.87677e-23
5787.37 8.8968e-23
5800.49 8.91687e-23
5813.64 8.93699e-23
5826.81 8.95716e-23
5840.02 8.97738e-23
5853.26 8.99764e-23
5866.53 9.01794e-23
5879.82 9.03829e-23
5893.15 9.05869e-23
5906.51 9.07914e-23
5919.9 9.09963e-23
5933.32 9.12017e-23
5946.76 9.14075e-23
5960.24 9.16138e-23
5973.75 9.18206e-23
5987.29 9.20278e-23
6000.86 9.22356e-23
6014.47 9.24438e-23
6028.1 9.26524e-23
6041.76 9.28616e-23
6055.46 9.30712e-23
6069.18 9.32813e-23
6082.94 9.34919e-23
6096.73 9.3703e-23
6110.55 9.39145e-23
6124.4 9.41265e-23
6138.28 9.4339e-23
6152.19 9.4552e-23
6166.14 9.47655e-23
6180.11 9.49794e-23
6194.12 9.51939e-23
6208.16 9.54088e-23
6222.23 9.56242e-23
6236.34 9.58401e-23
6250.47 9.60565e-23
6264.64 9.62734e-23
6278.84 9.64908e-23
6293.07 9.67087e-23
6307.34 9.69271e-23
6321.63 9.7146e-23
6335.96 9.73653e-23
6350.32 9.75852e-23
6364.72 9.78056e-23
6379.14 9.80265e-23
6393.6 9.82478e-23
6408.09 9.84697e-23
6422.62 9.86921e-23
6437.18 9.8915e-23
6451.77 9.91384e-23
6466.39 9.93623e-23
6481.05 9.95867e-23
6495.74 9.98116e-23
6510.46 1.00037e-22
6525.22 1.00263e-22
6540.01 1.00489e-22
6554.83 1.00716e-22
6569.69 1.00944e-22
6584.58 1.01172e-22
6599.51 1.01401e-22
6614.47 1.0163e-22
6629.46 1.01859e-22
6644.48 1.02089e-22
6659.55 1.0232e-22
6674.64 1.02551e-22
6689.77 1.02783e-22
6704.93 1.03015e-22
6720.13 1.03248e-22
6735.36 1.03481e-22
6750.63 1.03715e-22
6765.93 1.03949e-22
6781.27 1.04184e-22
6796.64 1.04419e-22
6812.04 1.04655e-22
6827.48 1.04892e-22
6842.96 1.05129e-22
6858.47 1.05366e-22
6874.01 1.05604e-22
6889.6 1.05843e-22
6905.21 1.06082e-22
6920.86 1.06322e-22
6936.55 1.06562e-22
6952.27 1.06803e-22
6968.03 1.07044e-22
6983.83 1.07286e-22
6999.66 1.07528e-22
7015.52 1.07771e-22
7031.42 1.08015e-22
7047.36 1.08259e-22
7063.33 1.08504e-22
7079.34 1.08749e-22
7095.39 1.08994e-22
7111.47 1.09241e-22
7127.59 1.09488e-22
7143.75 1.09735e-22
7159.94 1.09983e-22
7176.17 1.10232e-22
7192.44 1.10481e-22
7208.74 1.10731e-22
7225.08 1.10981e-22
7241.45 1.11232e-22
7257.87 1.11483e-22
7274.32 1.11735e-22
7290.81 1.11988e-22
7307.33 1.12241e-22
7323.9 1.12494e-22
7340.5 1.12749e-22
7357.14 1.13004e-22
7373.81 1.13259e-22
7390.53 1.13515e-22
7407.28 1.13772e-22
7424.07 1.14029e-22
7440.89 1.14286e-22
7457.76 1.14545e-22
7474.66 1.14804e-22
7491.61 1.15063e-22
7508.59 1.15323e-22
7525.61 1.15584e-22
7542.66 1.15845e-22
7559.76 1.16107e-22
7576.9 1.1637e-22
7594.07 1.16633e-22
7611.28 1.16897e-22
7628.54 1.17161e-22
7645.83 1.17426e-22
7663.16 1.17691e-22
7680.53 1.17957e-22
7697.94 1.18224e-22
7715.38 1.18491e-22
7732.87 1.18759e-22
7750.4 1.19028e-22
7767.97 1.19297e-22
7785.57 1.19567e-22
7803.22 1.19837e-22
7820.91 1.20108e-22
7838.64 1.20379e-22
7856.4 1.20652e-22
7874.21 1.20924e-22
7892.06 1.21198e-22
7909.95 1.21472e-22
7927.88 1.21747e-22
7945.85 1.22022e-22
7963.86 1.22298e-22
7981.91 1.22574e-22
8000 1.22852e-22
