9 1.73707e-21
9.0204 2.1716e-21
9.04085 2.91667e-21
9.06134 4.48773e-21
9.08188 9.95364e-21
9.10246 4.13627e-20
9.12309 6.62119e-21
9.14377 3.57108e-21
9.1645 2.43253e-21
9.18527 1.83772e-21
9.20609 1.47249e-21
9.22696 1.22562e-21
9.24787 1.04774e-21
9.26883 9.13571e-22
9.28984 8.08853e-22
9.3109 7.24912e-22
9.332 6.56174e-22
9.35316 5.98897e-22
9.37436 5.5047e-22
9.39561 5.0902e-22
9.4169 4.73167e-22
9.43825 4.41872e-22
9.45964 4.14335e-22
9.48108 3.89936e-22
9.50257 3.68181e-22
9.52411 3.48675e-22
9.5457 3.31099e-22
9.56734 3.15188e-22
9.58902 3.00726e-22
9.61076 2.87531e-22
9.63254 2.7545e-22
9.65437 2.64354e-22
9.67626 2.54132e-22
9.69819 2.4469e-22
9.72017 2.35946e-22
9.7422 2.27829e-22
9.76429 2.20278e-22
9.78642 2.13237e-22
9.8086 2.0666e-22
9.83083 2.00504e-22
9.85312 1.94733e-22
9.87545 1.89312e-22
9.89783 1.84214e-22
9.92027 1.7941e-22
9.94275 1.74878e-22
9.96529 1.70595e-22
9.98788 1.66544e-22
10.0105 1.62706e-22
10.0332 1.59065e-22
10.0559 1.55608e-22
10.0787 1.52321e-22
10.1016 1.49193e-22
10.1245 1.46212e-22
10.1474 1.43368e-22
10.1704 1.40653e-22
10.1935 1.38058e-22
10.2166 1.35575e-22
10.2397 1.33197e-22
10.263 1.30917e-22
10.2862 1.28731e-22
10.3095 1.26631e-22
10.3329 1.24613e-22
10.3563 1.22672e-22
10.3798 1.20803e-22
10.4033 1.19003e-22
10.4269 1.17267e-22
10.4505 1.15592e-22
10.4742 1.13975e-22
10.498 1.12412e-22
10.5218 1.10901e-22
10.5456 1.09439e-22
10.5695 1.08023e-22
10.5935 1.06651e-22
10.6175 1.0532e-22
10.6416 1.0403e-22
10.6657 1.02777e-22
10.6898 1.01559e-22
10.7141 1.00376e-22
10.7384 9.92257e-23
10.7627 9.81061e-23
10.7871 9.70161e-23
10.8115 9.59543e-23
10.8361 9.49195e-23
10.8606 9.39104e-23
10.8852 9.29259e-23
10.9099 9.19651e-23
10.9346 9.10268e-23
10.9594 9.01101e-23
10.9843 8.92141e-23
11.0092 8.8338e-23
11.0341 8.74811e-23
11.0591 8.66424e-23
11.0842 8.58213e-23
11.1093 8.50172e-23
11.1345 8.42294e-23
11.1597 8.34572e-23
11.185 8.27002e-23
11.2104 8.19577e-23
11.2358 8.12292e-23
11.2613 8.05143e-23
11.2868 7.98124e-23
11.3124 7.91232e-23
11.338 7.84461e-23
11.3637 7.77808e-23
11.3895 7.71269e-23
11.4153 7.64841e-23
11.4412 7.58519e-23
11.4671 7.52301e-23
11.4931 7.46183e-23
11.5191 7.40162e-23
11.5452 7.34236e-23
11.5714 7.28401e-23
11.5976 7.22655e-23
11.6239 7.16996e-23
11.6503 7.1142e-23
11.6767 7.05926e-23
11.7031 7.00511e-23
11.7297 6.95174e-23
11.7563 6.89912e-23
11.7829 6.84723e-23
11.8096 6.79605e-23
11.8364 6.74557e-23
11.8632 6.69577e-23
11.8901 6.64662e-23
11.9171 6.59813e-23
11.9441 6.55026e-23
11.9711 6.50301e-23
11.9983 6.45636e-23
12.0255 6.4103e-23
12.0527 6.36481e-23
12.08 6.31988e-23
12.1074 6.2755e-23
12.1349 6.23166e-23
12.1624 6.18834e-23
12.1899 6.14553e-23
12.2176 6.10323e-23
12.2453 6.06142e-23
12.273 6.0201e-23
12.3008 5.97925e-23
12.3287 5.93886e-23
12.3567 5.89892e-23
12.3847 5.85943e-23
12.4127 5.82038e-23
12.4409 5.78176e-23
12.4691 5.74356e-23
12.4973 5.70577e-23
12.5257 5.66838e-23
12.5541 5.6314e-23
12.5825 5.5948e-23
12.611 5.55859e-23
12.6396 5.52275e-23
12.6683 5.48729e-23
12.697 5.45219e-23
12.7258 5.41744e-23
12.7546 5.38305e-23
12.7835 5.349e-23
12.8125 5.31529e-23
12.8415 5.28192e-23
12.8706 5.24887e-23
12.8998 5.21615e-23
12.9291 5.18375e-23
12.9584 5.15165e-23
12.9877 5.11987e-23
13.0172 5.08839e-23
13.0467 5.05721e-23
13.0762 5.02632e-23
13.1059 4.99572e-23
13.1356 4.9654e-23
13.1654 4.93536e-23
13.1952 4.9056e-23
13.2251 4.87611e-23
13.2551 4.84689e-23
13.2851 4.81793e-23
13.3153 4.78924e-23
13.3454 4.76079e-23
13.3757 4.73261e-23
13.406 4.70466e-23
13.4364 4.67697e-23
13.4668 4.64951e-23
13.4974 4.6223e-23
13.528 4.59531e-23
13.5586 4.56856e-23
13.5894 4.54204e-23
13.6202 4.51574e-23
13.651 4.48967e-23
13.682 4.46381e-23
13.713 4.43817e-23
13.7441 4.41274e-23
13.7752 4.38753e-23
13.8064 4.36252e-23
13.8377 4.33771e-23
13.8691 4.31311e-23
13.9005 4.2887e-23
13.932 4.2645e-23
13.9636 4.24048e-23
13.9953 4.21666e-23
14.027 4.19303e-23
14.0588 4.16958e-23
14.0907 4.14632e-23
14.1226 4.12324e-23
14.1546 4.10034e-23
14.1867 4.07762e-23
14.2188 4.05507e-23
14.2511 4.0327e-23
14.2834 4.01049e-23
14.3158 3.98846e-23
14.3482 3.96659e-23
14.3807 3.94489e-23
14.4133 3.92335e-23
14.446 3.90197e-23
14.4787 3.88075e-23
14.5116 3.85969e-23
14.5444 3.83879e-23
14.5774 3.81803e-23
14.6105 3.79743e-23
14.6436 3.77698e-23
14.6768 3.75668e-23
14.71 3.73652e-23
14.7434 3.71651e-23
14.7768 3.69665e-23
14.8103 3.67692e-23
14.8439 3.65734e-23
14.8775 3.63789e-23
14.9112 3.61858e-23
14.945 3.59941e-23
14.9789 3.58037e-23
15.0128 3.56146e-23
15.0469 3.54269e-23
15.081 3.52404e-23
15.1152 3.50553e-23
15.1494 3.48714e-23
15.1838 3.46887e-23
15.2182 3.45073e-23
15.2527 3.43272e-23
15.2872 3.41483e-23
15.3219 3.39705e-23
15.3566 3.3794e-23
15.3914 3.36187e-23
15.4263 3.34445e-23
15.4613 3.32715e-23
15.4963 3.30996e-23
15.5315 3.29289e-23
15.5667 3.27593e-23
15.6019 3.25908e-23
15.6373 3.24234e-23
15.6728 3.22571e-23
15.7083 3.20919e-23
15.7439 3.19278e-23
15.7796 3.17647e-23
15.8153 3.16027e-23
15.8512 3.14417e-23
15.8871 3.12818e-23
15.9231 3.11229e-23
15.9592 3.0965e-23
15.9954 3.08081e-23
16.0316 3.06522e-23
16.068 3.04973e-23
16.1044 3.03433e-23
16.1409 3.01904e-23
16.1775 3.00384e-23
16.2142 2.98873e-23
16.2509 2.97372e-23
16.2877 2.9588e-23
16.3247 2.94398e-23
16.3617 2.92924e-23
16.3988 2.9146e-23
16.4359 2.90005e-23
16.4732 2.88559e-23
16.5105 2.87121e-23
16.5479 2.85693e-23
16.5855 2.84273e-23
16.623 2.82862e-23
16.6607 2.81459e-23
16.6985 2.80065e-23
16.7363 2.78679e-23
16.7743 2.77302e-23
16.8123 2.75933e-23
16.8504 2.74572e-23
16.8886 2.7322e-23
16.9269 2.71875e-23
16.9652 2.70539e-23
17.0037 2.6921e-23
17.0422 2.6789e-23
17.0809 2.66577e-23
17.1196 2.65272e-23
17.1584 2.63975e-23
17.1973 2.62685e-23
17.2363 2.61403e-23
17.2753 2.60129e-23
17.3145 2.58862e-23
17.3537 2.57603e-23
17.3931 2.56351e-23
17.4325 2.55106e-23
17.472 2.53868e-23
17.5116 2.52638e-23
17.5513 2.51415e-23
17.5911 2.50199e-23
17.631 2.4899e-23
17.6709 2.47788e-23
17.711 2.46593e-23
17.7511 2.45405e-23
17.7913 2.44223e-23
17.8317 2.43049e-23
17.8721 2.41881e-23
17.9126 2.4072e-23
17.9532 2.39566e-23
17.9939 2.38418e-23
18.0347 2.37277e-23
18.0756 2.36142e-23
18.1165 2.35014e-23
18.1576 2.33892e-23
18.1988 2.32776e-23
18.24 2.31667e-23
18.2813 2.30564e-23
18.3228 2.29467e-23
18.3643 2.28377e-23
18.4059 2.27293e-23
18.4477 2.26215e-23
18.4895 2.25142e-23
18.5314 2.24076e-23
18.5734 2.23016e-23
18.6155 2.21962e-23
18.6577 2.20914e-23
18.7 2.19872e-23
18.7424 2.18835e-23
18.7848 2.17804e-23
18.8274 2.16779e-23
18.8701 2.1576e-23
18.9129 2.14746e-23
18.9557 2.13738e-23
18.9987 2.12736e-23
19.0418 2.11739e-23
19.0849 2.10748e-23
19.1282 2.09762e-23
19.1715 2.08782e-23
19.215 2.07807e-23
19.2585 2.06838e-23
19.3022 2.05873e-23
19.346 2.04915e-23
19.3898 2.03961e-23
19.4338 2.03013e-23
19.4778 2.0207e-23
19.522 2.01132e-23
19.5662 2.00199e-23
19.6105 1.99272e-23
19.655 1.98349e-23
19.6996 1.97432e-23
19.7442 1.96519e-23
19.789 1.95612e-23
19.8338 1.94709e-23
19.8788 1.93812e-23
19.9238 1.92919e-23
19.969 1.92032e-23
20.0142 1.91149e-23
20.0596 1.90271e-23
20.1051 1.89397e-23
20.1507 1.88529e-23
20.1963 1.87665e-23
20.2421 1.86806e-23
20.288 1.85952e-23
20.334 1.85102e-23
20.3801 1.84257e-23
20.4263 1.83416e-23
20.4726 1.8258e-23
20.519 1.81749e-23
20.5655 1.80922e-23
20.6121 1.80099e-23
20.6588 1.79281e-23
20.7056 1.78468e-23
20.7526 1.77659e-23
20.7996 1.76854e-23
20.8467 1.76053e-23
20.894 1.75257e-23
20.9414 1.74465e-23
20.9888 1.73678e-23
21.0364 1.72895e-23
21.0841 1.72116e-23
21.1319 1.71341e-23
21.1798 1.7057e-23
21.2278 1.69804e-23
21.2759 1.69041e-23
21.3241 1.68283e-23
21.3724 1.67529e-23
21.4209 1.66779e-23
21.4694 1.66033e-23
21.5181 1.65291e-23
21.5669 1.64553e-23
21.6158 1.63819e-23
21.6648 1.63088e-23
21.7139 1.62362e-23
21.7631 1.6164e-23
21.8124 1.60922e-23
21.8619 1.60207e-23
21.9114 1.59496e-23
21.9611 1.5879e-23
22.0109 1.58086e-23
22.0607 1.57387e-23
22.1107 1.56692e-23
22.1609 1.56e-23
22.2111 1.55312e-23
22.2614 1.54627e-23
22.3119 1.53947e-23
22.3625 1.5327e-23
22.4132 1.52596e-23
22.464 1.51927e-23
22.5149 1.5126e-23
22.5659 1.50598e-23
22.6171 1.49939e-23
22.6683 1.49283e-23
22.7197 1.48631e-23
22.7712 1.47983e-23
22.8228 1.47338e-23
22.8746 1.46696e-23
22.9264 1.46058e-23
22.9784 1.45424e-23
23.0304 1.44792e-23
23.0827 1.44165e-23
23.135 1.4354e-23
23.1874 1.42919e-23
23.24 1.42301e-23
23.2926 1.41687e-23
23.3454 1.41076e-23
23.3984 1.40468e-23
23.4514 1.39863e-23
23.5045 1.39262e-23
23.5578 1.38664e-23
23.6112 1.38069e-23
23.6647 1.37477e-23
23.7184 1.36889e-23
23.7721 1.36304e-23
23.826 1.35721e-23
23.88 1.35142e-23
23.9342 1.34567e-23
23.9884 1.33994e-23
24.0428 1.33424e-23
24.0973 1.32857e-23
24.1519 1.32294e-23
24.2066 1.31733e-23
24.2615 1.31176e-23
24.3165 1.30621e-23
24.3716 1.3007e-23
24.4269 1.29521e-23
24.4822 1.28976e-23
24.5377 1.28433e-23
24.5933 1.27894e-23
24.6491 1.27357e-23
24.705 1.26823e-23
24.7609 1.26292e-23
24.8171 1.25764e-23
24.8733 1.25239e-23
24.9297 1.24717e-23
24.9862 1.24197e-23
25.0428 1.2368e-23
25.0996 1.23166e-23
25.1565 1.22655e-23
25.2135 1.22147e-23
25.2707 1.21641e-23
25.328 1.21139e-23
25.3854 1.20639e-23
25.4429 1.20141e-23
25.5006 1.19647e-23
25.5584 1.19155e-23
25.6163 1.18665e-23
25.6744 1.18179e-23
25.7326 1.17695e-23
25.7909 1.17214e-23
25.8493 1.16735e-23
25.9079 1.16259e-23
25.9667 1.15785e-23
26.0255 1.15315e-23
26.0845 1.14846e-23
26.1436 1.1438e-23
26.2029 1.13917e-23
26.2623 1.13457e-23
26.3218 1.12999e-23
26.3815 1.12543e-23
26.4413 1.1209e-23
26.5012 1.11639e-23
26.5613 1.11191e-23
26.6215 1.10746e-23
26.6818 1.10302e-23
26.7423 1.09862e-23
26.8029 1.09423e-23
26.8637 1.08987e-23
26.9246 1.08554e-23
26.9856 1.08123e-23
27.0467 1.07694e-23
27.1081 1.07268e-23
27.1695 1.06844e-23
27.2311 1.06422e-23
27.2928 1.06003e-23
27.3547 1.05586e-23
27.4167 1.05171e-23
27.4788 1.04759e-23
27.5411 1.04349e-23
27.6035 1.03941e-23
27.6661 1.03536e-23
27.7288 1.03132e-23
27.7917 1.02731e-23
27.8546 1.02333e-23
27.9178 1.01936e-23
27.9811 1.01542e-23
28.0445 1.0115e-23
28.1081 1.0076e-23
28.1718 1.00372e-23
28.2356 9.99865e-24
28.2996 9.96031e-24
28.3638 9.92219e-24
28.4281 9.88428e-24
28.4925 9.84659e-24
28.5571 9.8091e-24
28.6218 9.77183e-24
28.6867 9.73477e-24
28.7517 9.69792e-24
28.8169 9.66127e-24
28.8822 9.62483e-24
28.9477 9.5886e-24
29.0133 9.55258e-24
29.079 9.51676e-24
29.1449 9.48114e-24
29.211 9.44572e-24
29.2772 9.41051e-24
29.3436 9.3755e-24
29.4101 9.34068e-24
29.4768 9.30607e-24
29.5436 9.27165e-24
29.6105 9.23743e-24
29.6776 9.2034e-24
29.7449 9.16957e-24
29.8123 9.13593e-24
29.8799 9.10248e-24
29.9476 9.06923e-24
30.0155 9.03617e-24
30.0836 9.0033e-24
30.1517 8.97062e-24
30.2201 8.93812e-24
30.2886 8.90581e-24
30.3572 8.87369e-24
30.426 8.84176e-24
30.495 8.81001e-24
30.5641 8.77844e-24
30.6334 8.74706e-24
30.7028 8.71586e-24
30.7724 8.68483e-24
30.8422 8.65399e-24
30.9121 8.62333e-24
30.9822 8.59285e-24
31.0524 8.56255e-24
31.1228 8.53242e-24
31.1933 8.50247e-24
31.264 8.47269e-24
31.3349 8.44309e-24
31.4059 8.41366e-24
31.4771 8.3844e-24
31.5484 8.35532e-24
31.62 8.32641e-24
31.6916 8.29766e-24
31.7635 8.26909e-24
31.8355 8.24068e-24
31.9076 8.21245e-24
31.9799 8.18437e-24
32.0524 8.15647e-24
32.1251 8.12873e-24
32.1979 8.10116e-24
32.2709 8.07374e-24
32.344 8.04649e-24
32.4173 8.01941e-24
32.4908 7.99248e-24
32.5645 7.96572e-24
32.6383 7.93911e-24
32.7122 7.91267e-24
32.7864 7.88638e-24
32.8607 7.86025e-24
32.9352 7.83427e-24
33.0098 7.80846e-24
33.0847 7.78279e-24
33.1597 7.75728e-24
33.2348 7.73193e-24
33.3101 7.70672e-24
33.3857 7.68167e-24
33.4613 7.65677e-24
33.5372 7.63203e-24
33.6132 7.60743e-24
33.6894 7.58298e-24
33.7657 7.55868e-24
33.8423 7.53452e-24
33.919 7.51051e-24
33.9959 7.48665e-24
34.0729 7.46294e-24
34.1501 7.43937e-24
34.2276 7.41594e-24
34.3051 7.39265e-24
34.3829 7.36951e-24
34.4608 7.34651e-24
34.5389 7.32365e-24
34.6172 7.30094e-24
34.6957 7.27836e-24
34.7743 7.25592e-24
34.8532 7.23362e-24
34.9322 7.21145e-24
35.0113 7.18943e-24
35.0907 7.16754e-24
35.1702 7.14578e-24
35.2499 7.12416e-24
35.3298 7.10267e-24
35.4099 7.08132e-24
35.4902 7.0601e-24
35.5706 7.03901e-24
35.6513 7.01805e-24
35.7321 6.99723e-24
35.8131 6.97653e-24
35.8942 6.95597e-24
35.9756 6.93553e-24
36.0571 6.91522e-24
36.1389 6.89503e-24
36.2208 6.87498e-24
36.3029 6.85505e-24
36.3852 6.83524e-24
36.4676 6.81556e-24
36.5503 6.79601e-24
36.6331 6.77658e-24
36.7162 6.75727e-24
36.7994 6.73808e-24
36.8828 6.71901e-24
36.9664 6.70007e-24
37.0502 6.68124e-24
37.1342 6.66254e-24
37.2184 6.64395e-24
37.3027 6.62548e-24
37.3873 6.60713e-24
37.472 6.5889e-24
37.5569 6.57078e-24
37.6421 6.55278e-24
37.7274 6.5349e-24
37.8129 6.51713e-24
37.8986 6.49947e-24
37.9845 6.48193e-24
38.0706 6.4645e-24
38.1569 6.44718e-24
38.2434 6.42997e-24
38.3301 6.41287e-24
38.417 6.39589e-24
38.504 6.37901e-24
38.5913 6.36225e-24
38.6788 6.34559e-24
38.7665 6.32904e-24
38.8543 6.31259e-24
38.9424 6.29626e-24
39.0307 6.28003e-24
39.1191 6.2639e-24
39.2078 6.24788e-24
39.2967 6.23197e-24
39.3857 6.21616e-24
39.475 6.20045e-24
39.5645 6.18484e-24
39.6542 6.16934e-24
39.7441 6.15394e-24
39.8341 6.13864e-24
39.9244 6.12344e-24
40.0149 6.10834e-24
40.1056 6.09333e-24
40.1965 6.07843e-24
40.2876 6.06363e-24
40.379 6.04892e-24
40.4705 6.03431e-24
40.5622 6.0198e-24
40.6542 6.00538e-24
40.7463 5.99106e-24
40.8387 5.97683e-24
40.9312 5.9627e-24
41.024 5.94866e-24
41.117 5.93471e-24
41.2102 5.92086e-24
41.3036 5.9071e-24
41.3972 5.89343e-24
41.4911 5.87985e-24
41.5851 5.86636e-24
41.6794 5.85296e-24
41.7738 5.83965e-24
41.8685 5.82643e-24
41.9634 5.8133e-24
42.0585 5.80026e-24
42.1539 5.7873e-24
42.2494 5.77443e-24
42.3452 5.76165e-24
42.4412 5.74895e-24
42.5374 5.73634e-24
42.6338 5.72381e-24
42.7304 5.71137e-24
42.8273 5.69901e-24
42.9243 5.68674e-24
43.0216 5.67454e-24
43.1191 5.66243e-24
43.2169 5.6504e-24
43.3148 5.63845e-24
43.413 5.62659e-24
43.5114 5.6148e-24
43.61 5.60309e-24
43.7089 5.59147e-24
43.808 5.57992e-24
43.9073 5.56845e-24
44.0068 5.55705e-24
44.1065 5.54574e-24
44.2065 5.5345e-24
44.3067 5.52334e-24
44.4071 5.51225e-24
44.5078 5.50124e-24
44.6087 5.4903e-24
44.7098 5.47944e-24
44.8111 5.46865e-24
44.9127 5.45794e-24
45.0145 5.4473e-24
45.1165 5.43673e-24
45.2188 5.42623e-24
45.3213 5.41581e-24
45.424 5.40546e-24
45.527 5.39518e-24
45.6302 5.38496e-24
45.7336 5.37482e-24
45.8373 5.36475e-24
45.9412 5.35475e-24
46.0453 5.34481e-24
46.1497 5.33494e-24
46.2543 5.32514e-24
46.3591 5.31541e-24
46.4642 5.30575e-24
46.5695 5.29615e-24
46.6751 5.28661e-24
46.7809 5.27715e-24
46.8869 5.26775e-24
46.9932 5.25841e-24
47.0997 5.24913e-24
47.2064 5.23992e-24
47.3134 5.23078e-24
47.4207 5.22169e-24
47.5282 5.21267e-24
47.6359 5.20371e-24
47.7439 5.19482e-24
47.8521 5.18598e-24
47.9605 5.17721e-24
48.0693 5.16849e-24
48.1782 5.15984e-24
48.2874 5.15124e-24
48.3969 5.14271e-24
48.5066 5.13423e-24
48.6165 5.12581e-24
48.7267 5.11745e-24
48.8372 5.10915e-24
48.9479 5.1009e-24
49.0588 5.09272e-24
49.17 5.08458e-24
49.2814 5.07651e-24
49.3932 5.06849e-24
49.5051 5.06052e-24
49.6173 5.05261e-24
49.7298 5.04476e-24
49.8425 5.03696e-24
49.9555 5.02921e-24
50.0687 5.02151e-24
50.1822 5.01387e-24
50.2959 5.00629e-24
50.4099 4.99875e-24
50.5242 4.99127e-24
50.6387 4.98383e-24
50.7535 4.97645e-24
50.8685 4.96912e-24
50.9838 4.96184e-24
51.0994 4.95461e-24
51.2152 4.94743e-24
51.3313 4.9403e-24
51.4477 4.93322e-24
51.5643 4.92619e-24
51.6812 4.91921e-24
51.7983 4.91227e-24
51.9157 4.90538e-24
52.0334 4.89854e-24
52.1513 4.89175e-24
52.2695 4.885e-24
52.388 4.8783e-24
52.5068 4.87165e-24
52.6258 4.86504e-24
52.7451 4.85847e-24
52.8646 4.85195e-24
52.9844 4.84548e-24
53.1045 4.83905e-24
53.2249 4.83267e-24
53.3455 4.82632e-24
53.4665 4.82003e-24
53.5877 4.81377e-24
53.7091 4.80756e-24
53.8309 4.80139e-24
53.9529 4.79526e-24
54.0752 4.78917e-24
54.1977 4.78313e-24
54.3206 4.77713e-24
54.4437 4.77117e-24
54.5671 4.76524e-24
54.6908 4.75936e-24
54.8148 4.75352e-24
54.939 4.74772e-24
55.0635 4.74196e-24
55.1883 4.73623e-24
55.3134 4.73055e-24
55.4388 4.72491e-24
55.5645 4.7193e-24
55.6904 4.71373e-24
55.8166 4.7082e-24
55.9432 4.7027e-24
56.07 4.69725e-24
56.1971 4.69183e-24
56.3244 4.68644e-24
56.4521 4.6811e-24
56.5801 4.67578e-24
56.7083 4.67051e-24
56.8368 4.66527e-24
56.9657 4.66006e-24
57.0948 4.65489e-24
57.2242 4.64976e-24
57.3539 4.64466e-24
57.4839 4.63959e-24
57.6142 4.63456e-24
57.7448 4.62956e-24
57.8757 4.62459e-24
58.0069 4.61966e-24
58.1383 4.61476e-24
58.2701 4.6099e-24
58.4022 4.60506e-24
58.5346 4.60026e-24
58.6673 4.59549e-24
58.8002 4.59075e-24
58.9335 4.58604e-24
59.0671 4.58136e-24
59.201 4.57672e-24
59.3352 4.5721e-24
59.4697 4.56752e-24
59.6045 4.56296e-24
59.7396 4.55844e-24
59.875 4.55394e-24
60.0107 4.54948e-24
60.1467 4.54504e-24
60.283 4.54064e-24
60.4197 4.53626e-24
60.5566 4.53191e-24
60.6939 4.52759e-24
60.8315 4.52329e-24
60.9693 4.51903e-24
61.1075 4.51479e-24
61.246 4.51058e-24
61.3849 4.5064e-24
61.524 4.50224e-24
61.6635 4.49811e-24
61.8032 4.49401e-24
61.9433 4.48993e-24
62.0837 4.48588e-24
62.2244 4.48186e-24
62.3655 4.47786e-24
62.5068 4.47389e-24
62.6485 4.46994e-24
62.7905 4.46602e-24
62.9328 4.46212e-24
63.0755 4.45825e-24
63.2185 4.4544e-24
63.3618 4.45058e-24
63.5054 4.44678e-24
63.6493 4.443e-24
63.7936 4.43925e-24
63.9382 4.43552e-24
64.0831 4.43182e-24
64.2284 4.42814e-24
64.3739 4.42448e-24
64.5199 4.42085e-24
64.6661 4.41723e-24
64.8127 4.41364e-24
64.9596 4.41008e-24
65.1068 4.40653e-24
65.2544 4.40301e-24
65.4023 4.39951e-24
65.5506 4.39602e-24
65.6991 4.39257e-24
65.8481 4.38913e-24
65.9973 4.38571e-24
66.1469 4.38232e-24
66.2968 4.37894e-24
66.4471 4.37559e-24
66.5977 4.37225e-24
66.7487 4.36894e-24
66.9 4.36565e-24
67.0516 4.36237e-24
67.2036 4.35912e-24
67.3559 4.35589e-24
67.5086 4.35267e-24
67.6616 4.34948e-24
67.815 4.3463e-24
67.9687 4.34314e-24
68.1227 4.34001e-24
68.2771 4.33689e-24
68.4319 4.33379e-24
68.587 4.3307e-24
68.7425 4.32764e-24
68.8983 4.32459e-24
69.0545 4.32156e-24
69.211 4.31855e-24
69.3679 4.31556e-24
69.5251 4.31259e-24
69.6827 4.30963e-24
69.8406 4.30669e-24
69.9989 4.30376e-24
70.1576 4.30086e-24
70.3166 4.29797e-24
70.476 4.29509e-24
70.6357 4.29224e-24
70.7958 4.2894e-24
70.9563 4.28657e-24
71.1171 4.28377e-24
71.2783 4.28097e-24
71.4399 4.2782e-24
71.6018 4.27544e-24
71.7641 4.27269e-24
71.9268 4.26996e-24
72.0898 4.26725e-24
72.2532 4.26455e-24
72.417 4.26187e-24
72.5811 4.2592e-24
72.7457 4.25655e-24
72.9106 4.25391e-24
73.0758 4.25129e-24
73.2415 4.24868e-24
73.4075 4.24608e-24
73.5739 4.2435e-24
73.7406 4.24093e-24
73.9078 4.23838e-24
74.0753 4.23584e-24
74.2432 4.23332e-24
74.4115 4.23081e-24
74.5801 4.22831e-24
74.7492 4.22583e-24
74.9186 4.22336e-24
75.0884 4.2209e-24
75.2586 4.21846e-24
75.4292 4.21602e-24
75.6002 4.21361e-24
75.7715 4.2112e-24
75.9433 4.20881e-24
76.1154 4.20643e-24
76.2879 4.20406e-24
76.4609 4.20171e-24
76.6342 4.19937e-24
76.8079 4.19704e-24
76.982 4.19472e-24
77.1565 4.19241e-24
77.3313 4.19012e-24
77.5066 4.18784e-24
77.6823 4.18557e-24
77.8584 4.18331e-24
78.0349 4.18106e-24
78.2117 4.17883e-24
78.389 4.1766e-24
78.5667 4.17439e-24
78.7448 4.17219e-24
78.9233 4.17e-24
79.1022 4.16782e-24
79.2815 4.16565e-24
79.4612 4.1635e-24
79.6413 4.16135e-24
79.8218 4.15922e-24
80.0027 4.15709e-24
80.1841 4.15498e-24
80.3658 4.15287e-24
80.548 4.15078e-24
80.7305 4.14869e-24
80.9135 4.14662e-24
81.0969 4.14456e-24
81.2807 4.14251e-24
81.465 4.14046e-24
81.6496 4.13843e-24
81.8347 4.13641e-24
82.0202 4.13439e-24
82.2061 4.13239e-24
82.3924 4.13039e-24
82.5792 4.12841e-24
82.7664 4.12643e-24
82.954 4.12447e-24
83.142 4.12251e-24
83.3304 4.12056e-24
83.5193 4.11863e-24
83.7086 4.1167e-24
83.8984 4.11478e-24
84.0885 4.11287e-24
84.2791 4.11096e-24
84.4702 4.10907e-24
84.6616 4.10719e-24
84.8535 4.10531e-24
85.0459 4.10344e-24
85.2386 4.10158e-24
85.4318 4.09973e-24
85.6255 4.09789e-24
85.8196 4.09606e-24
86.0141 4.09423e-24
86.2091 4.09241e-24
86.4045 4.09061e-24
86.6003 4.0888e-24
86.7966 4.08701e-24
86.9933 4.08523e-24
87.1905 4.08345e-24
87.3881 4.08168e-24
87.5862 4.07992e-24
87.7848 4.07817e-24
87.9837 4.07642e-24
88.1832 4.07468e-24
88.383 4.07295e-24
88.5834 4.07123e-24
88.7842 4.06951e-24
88.9854 4.0678e-24
89.1871 4.0661e-24
89.3893 4.06441e-24
89.5919 4.06272e-24
89.7949 4.06105e-24
89.9985 4.05937e-24
90.2025 4.05771e-24
90.4069 4.05605e-24
90.6118 4.0544e-24
90.8172 4.05276e-24
91.0231 4.05112e-24
91.2294 4.04949e-24
91.4362 4.04787e-24
91.6434 4.04625e-24
91.8512 4.04464e-24
92.0593 4.04304e-24
92.268 4.04144e-24
92.4772 4.03985e-24
92.6868 4.03827e-24
92.8969 4.03669e-24
93.1074 4.03512e-24
93.3185 4.03355e-24
93.53 4.032e-24
93.742 4.03044e-24
93.9545 4.0289e-24
94.1674 4.02736e-24
94.3809 4.02583e-24
94.5948 4.0243e-24
94.8092 4.02278e-24
95.0241 4.02126e-24
95.2395 4.01975e-24
95.4554 4.01825e-24
95.6717 4.01675e-24
95.8886 4.01526e-24
96.1059 4.01378e-24
96.3238 4.0123e-24
96.5421 4.01083e-24
96.7609 4.00936e-24
96.9802 4.0079e-24
97.2001 4.00644e-24
97.4204 4.00499e-24
97.6412 4.00354e-24
97.8625 4.0021e-24
98.0843 4.00067e-24
98.3067 3.99924e-24
98.5295 3.99782e-24
98.7528 3.9964e-24
98.9767 3.99498e-24
99.201 3.99358e-24
99.4259 3.99218e-24
99.6512 3.99078e-24
99.8771 3.98939e-24
100.103 3.988e-24
100.33 3.98662e-24
100.558 3.98524e-24
100.786 3.98387e-24
101.014 3.98251e-24
101.243 3.98115e-24
101.473 3.97979e-24
101.703 3.97844e-24
101.933 3.97709e-24
102.164 3.97575e-24
102.396 3.97442e-24
102.628 3.97308e-24
102.86 3.97176e-24
103.094 3.97044e-24
103.327 3.96912e-24
103.561 3.96781e-24
103.796 3.9665e-24
104.031 3.9652e-24
104.267 3.9639e-24
104.504 3.96261e-24
104.741 3.96132e-24
104.978 3.96003e-24
105.216 3.95875e-24
105.454 3.95748e-24
105.693 3.95621e-24
105.933 3.95494e-24
106.173 3.95368e-24
106.414 3.95242e-24
106.655 3.95117e-24
106.897 3.94992e-24
107.139 3.94868e-24
107.382 3.94744e-24
107.625 3.9462e-24
107.869 3.94497e-24
108.114 3.94375e-24
108.359 3.94252e-24
108.604 3.94131e-24
108.85 3.94009e-24
109.097 3.93888e-24
109.344 3.93768e-24
109.592 3.93648e-24
109.841 3.93528e-24
110.09 3.93409e-24
110.339 3.9329e-24
110.589 3.93171e-24
110.84 3.93053e-24
111.091 3.92935e-24
111.343 3.92818e-24
111.595 3.92701e-24
111.848 3.92585e-24
112.102 3.92469e-24
112.356 3.92353e-24
112.611 3.92238e-24
112.866 3.92123e-24
113.122 3.92008e-24
113.378 3.91894e-24
113.635 3.9178e-24
113.893 3.91667e-24
114.151 3.91554e-24
114.41 3.91441e-24
114.669 3.91329e-24
114.929 3.91217e-24
115.189 3.91106e-24
115.45 3.90995e-24
115.712 3.90884e-24
115.974 3.90774e-24
116.237 3.90664e-24
116.501 3.90554e-24
116.765 3.90445e-24
117.029 3.90336e-24
117.295 3.90227e-24
117.561 3.90119e-24
117.827 3.90011e-24
118.094 3.89904e-24
118.362 3.89797e-24
118.63 3.8969e-24
118.899 3.89584e-24
119.168 3.89478e-24
119.439 3.89372e-24
119.709 3.89267e-24
119.981 3.89162e-24
120.253 3.89057e-24
120.525 3.88953e-24
120.798 3.88849e-24
121.072 3.88745e-24
121.347 3.88642e-24
121.622 3.88539e-24
121.897 3.88437e-24
122.174 3.88335e-24
122.451 3.88233e-24
122.728 3.88131e-24
123.006 3.8803e-24
123.285 3.87929e-24
123.565 3.87829e-24
123.845 3.87728e-24
124.125 3.87629e-24
124.407 3.87529e-24
124.689 3.8743e-24
124.971 3.87331e-24
125.255 3.87233e-24
125.538 3.87134e-24
125.823 3.87037e-24
126.108 3.86939e-24
126.394 3.86842e-24
126.681 3.86745e-24
126.968 3.86648e-24
127.255 3.86552e-24
127.544 3.86456e-24
127.833 3.86361e-24
128.123 3.86265e-24
128.413 3.8617e-24
128.704 3.86076e-24
128.996 3.85981e-24
129.288 3.85887e-24
129.581 3.85794e-24
129.875 3.857e-24
130.17 3.85607e-24
130.465 3.85515e-24
130.76 3.85422e-24
131.057 3.8533e-24
131.354 3.85238e-24
131.651 3.85147e-24
131.95 3.85056e-24
132.249 3.84965e-24
132.549 3.84874e-24
132.849 3.84784e-24
133.15 3.84694e-24
133.452 3.84605e-24
133.755 3.84515e-24
134.058 3.84426e-24
134.362 3.84338e-24
134.666 3.84249e-24
134.971 3.84161e-24
135.277 3.84073e-24
135.584 3.83986e-24
135.891 3.83899e-24
136.199 3.83812e-24
136.508 3.83725e-24
136.817 3.83639e-24
137.128 3.83553e-24
137.438 3.83468e-24
137.75 3.83382e-24
138.062 3.83297e-24
138.375 3.83212e-24
138.689 3.83128e-24
139.003 3.83044e-24
139.318 3.8296e-24
139.634 3.82876e-24
139.95 3.82793e-24
140.268 3.8271e-24
140.586 3.82628e-24
140.904 3.82545e-24
141.224 3.82463e-24
141.544 3.82382e-24
141.865 3.823e-24
142.186 3.82219e-24
142.508 3.82138e-24
142.831 3.82058e-24
143.155 3.81977e-24
143.48 3.81897e-24
143.805 3.81818e-24
144.131 3.81738e-24
144.457 3.81659e-24
144.785 3.81581e-24
145.113 3.81502e-24
145.442 3.81424e-24
145.772 3.81346e-24
146.102 3.81268e-24
146.433 3.81191e-24
146.765 3.81114e-24
147.098 3.81037e-24
147.431 3.80961e-24
147.765 3.80885e-24
148.1 3.80809e-24
148.436 3.80734e-24
148.772 3.80658e-24
149.11 3.80583e-24
149.448 3.80509e-24
149.786 3.80434e-24
150.126 3.8036e-24
150.466 3.80287e-24
150.807 3.80213e-24
151.149 3.8014e-24
151.492 3.80067e-24
151.835 3.79995e-24
152.179 3.79922e-24
152.524 3.7985e-24
152.87 3.79779e-24
153.216 3.79707e-24
153.564 3.79636e-24
153.912 3.79565e-24
154.261 3.79495e-24
154.61 3.79424e-24
154.961 3.79355e-24
155.312 3.79285e-24
155.664 3.79216e-24
156.017 3.79146e-24
156.37 3.79078e-24
156.725 3.79009e-24
157.08 3.78941e-24
157.436 3.78873e-24
157.793 3.78806e-24
158.151 3.78738e-24
158.509 3.78671e-24
158.868 3.78605e-24
159.229 3.78538e-24
159.589 3.78472e-24
159.951 3.78406e-24
160.314 3.78341e-24
160.677 3.78276e-24
161.041 3.78211e-24
161.406 3.78146e-24
161.772 3.78082e-24
162.139 3.78018e-24
162.506 3.77954e-24
162.875 3.7789e-24
163.244 3.77827e-24
163.614 3.77764e-24
163.985 3.77702e-24
164.356 3.7764e-24
164.729 3.77578e-24
165.102 3.77516e-24
165.477 3.77455e-24
165.852 3.77394e-24
166.228 3.77333e-24
166.604 3.77272e-24
166.982 3.77212e-24
167.361 3.77152e-24
167.74 3.77093e-24
168.12 3.77034e-24
168.501 3.76975e-24
168.883 3.76916e-24
169.266 3.76858e-24
169.65 3.768e-24
170.034 3.76742e-24
170.419 3.76684e-24
170.806 3.76627e-24
171.193 3.7657e-24
171.581 3.76514e-24
171.97 3.76458e-24
172.36 3.76402e-24
172.75 3.76346e-24
173.142 3.76291e-24
173.534 3.76236e-24
173.928 3.76181e-24
174.322 3.76127e-24
174.717 3.76073e-24
175.113 3.76019e-24
175.51 3.75965e-24
175.908 3.75912e-24
176.307 3.75859e-24
176.706 3.75807e-24
177.107 3.75755e-24
177.508 3.75703e-24
177.91 3.75651e-24
178.314 3.756e-24
178.718 3.75549e-24
179.123 3.75498e-24
179.529 3.75448e-24
179.936 3.75398e-24
180.344 3.75348e-24
180.753 3.75298e-24
181.162 3.75249e-24
181.573 3.752e-24
181.984 3.75152e-24
182.397 3.75104e-24
182.81 3.75056e-24
183.225 3.75008e-24
183.64 3.74961e-24
184.056 3.74914e-24
184.473 3.74868e-24
184.892 3.74821e-24
185.311 3.74775e-24
185.731 3.7473e-24
186.152 3.74684e-24
186.574 3.74639e-24
186.997 3.74595e-24
187.42 3.7455e-24
187.845 3.74506e-24
188.271 3.74463e-24
188.698 3.74419e-24
189.125 3.74376e-24
189.554 3.74334e-24
189.984 3.74291e-24
190.414 3.74249e-24
190.846 3.74207e-24
191.279 3.74166e-24
191.712 3.74125e-24
192.147 3.74084e-24
192.582 3.74044e-24
193.019 3.74003e-24
193.456 3.73964e-24
193.895 3.73924e-24
194.334 3.73885e-24
194.775 3.73846e-24
195.216 3.73808e-24
195.659 3.7377e-24
196.102 3.73732e-24
196.547 3.73695e-24
196.992 3.73657e-24
197.439 3.73621e-24
197.886 3.73584e-24
198.335 3.73548e-24
198.784 3.73512e-24
199.235 3.73477e-24
199.686 3.73442e-24
200.139 3.73407e-24
200.593 3.73373e-24
201.047 3.73339e-24
201.503 3.73305e-24
201.96 3.73272e-24
202.418 3.73239e-24
202.876 3.73206e-24
203.336 3.73174e-24
203.797 3.73142e-24
204.259 3.7311e-24
204.722 3.73079e-24
205.186 3.73048e-24
205.651 3.73017e-24
206.117 3.72987e-24
206.585 3.72957e-24
207.053 3.72927e-24
207.522 3.72898e-24
207.992 3.72869e-24
208.464 3.72841e-24
208.936 3.72813e-24
209.41 3.72785e-24
209.885 3.72758e-24
210.36 3.72731e-24
210.837 3.72704e-24
211.315 3.72678e-24
211.794 3.72652e-24
212.274 3.72626e-24
212.755 3.72601e-24
213.238 3.72576e-24
213.721 3.72551e-24
214.205 3.72527e-24
214.691 3.72503e-24
215.177 3.7248e-24
215.665 3.72457e-24
216.154 3.72434e-24
216.644 3.72412e-24
217.135 3.7239e-24
217.627 3.72369e-24
218.12 3.72347e-24
218.615 3.72327e-24
219.11 3.72306e-24
219.607 3.72286e-24
220.105 3.72266e-24
220.604 3.72247e-24
221.104 3.72228e-24
221.605 3.72209e-24
222.107 3.72191e-24
222.611 3.72173e-24
223.115 3.72156e-24
223.621 3.72139e-24
224.128 3.72122e-24
224.636 3.72106e-24
225.145 3.7209e-24
225.655 3.72075e-24
226.167 3.7206e-24
226.679 3.72045e-24
227.193 3.72031e-24
227.708 3.72017e-24
228.224 3.72003e-24
228.742 3.7199e-24
229.26 3.71977e-24
229.78 3.71965e-24
230.301 3.71953e-24
230.823 3.71941e-24
231.346 3.7193e-24
231.87 3.71919e-24
232.396 3.71909e-24
232.923 3.71899e-24
233.45 3.71889e-24
233.98 3.7188e-24
234.51 3.71871e-24
235.042 3.71863e-24
235.574 3.71855e-24
236.108 3.71847e-24
236.643 3.7184e-24
237.18 3.71834e-24
237.717 3.71827e-24
238.256 3.71821e-24
238.796 3.71816e-24
239.338 3.71811e-24
239.88 3.71806e-24
240.424 3.71802e-24
240.969 3.71798e-24
241.515 3.71795e-24
242.062 3.71792e-24
242.611 3.71789e-24
243.161 3.71787e-24
243.712 3.71785e-24
244.264 3.71784e-24
244.818 3.71783e-24
245.373 3.71782e-24
245.929 3.71782e-24
246.487 3.71783e-24
247.045 3.71784e-24
247.605 3.71785e-24
248.167 3.71787e-24
248.729 3.71789e-24
249.293 3.71791e-24
249.858 3.71794e-24
250.424 3.71798e-24
250.992 3.71802e-24
251.561 3.71806e-24
252.131 3.71811e-24
252.702 3.71816e-24
253.275 3.71822e-24
253.849 3.71828e-24
254.425 3.71834e-24
255.001 3.71841e-24
255.579 3.71849e-24
256.159 3.71857e-24
256.739 3.71865e-24
257.321 3.71874e-24
257.904 3.71883e-24
258.489 3.71893e-24
259.075 3.71903e-24
259.662 3.71913e-24
260.251 3.71924e-24
260.841 3.71936e-24
261.432 3.71948e-24
262.024 3.7196e-24
262.618 3.71973e-24
263.214 3.71987e-24
263.81 3.72001e-24
264.408 3.72015e-24
265.008 3.7203e-24
265.608 3.72045e-24
266.21 3.72061e-24
266.814 3.72077e-24
267.418 3.72094e-24
268.025 3.72111e-24
268.632 3.72129e-24
269.241 3.72147e-24
269.851 3.72165e-24
270.463 3.72184e-24
271.076 3.72204e-24
271.69 3.72224e-24
272.306 3.72245e-24
272.923 3.72266e-24
273.542 3.72287e-24
274.162 3.72309e-24
274.784 3.72332e-24
275.406 3.72355e-24
276.031 3.72378e-24
276.656 3.72402e-24
277.283 3.72427e-24
277.912 3.72452e-24
278.542 3.72477e-24
279.173 3.72503e-24
279.806 3.7253e-24
280.44 3.72557e-24
281.076 3.72585e-24
281.713 3.72613e-24
282.351 3.72641e-24
282.991 3.7267e-24
283.633 3.727e-24
284.276 3.7273e-24
284.92 3.72761e-24
285.566 3.72792e-24
286.213 3.72823e-24
286.862 3.72855e-24
287.512 3.72888e-24
288.164 3.72921e-24
288.817 3.72955e-24
289.472 3.72989e-24
290.128 3.73024e-24
290.785 3.7306e-24
291.444 3.73096e-24
292.105 3.73132e-24
292.767 3.73169e-24
293.431 3.73206e-24
294.096 3.73244e-24
294.763 3.73283e-24
295.431 3.73322e-24
296.1 3.73362e-24
296.771 3.73402e-24
297.444 3.73443e-24
298.118 3.73484e-24
298.794 3.73526e-24
299.471 3.73568e-24
300.15 3.73611e-24
300.83 3.73655e-24
301.512 3.73699e-24
302.196 3.73744e-24
302.881 3.73789e-24
303.567 3.73835e-24
304.255 3.73881e-24
304.945 3.73928e-24
305.636 3.73975e-24
306.329 3.74023e-24
307.023 3.74072e-24
307.719 3.74121e-24
308.417 3.74171e-24
309.116 3.74221e-24
309.816 3.74272e-24
310.519 3.74324e-24
311.222 3.74376e-24
311.928 3.74428e-24
312.635 3.74482e-24
313.344 3.74535e-24
314.054 3.7459e-24
314.766 3.74645e-24
315.479 3.74701e-24
316.194 3.74757e-24
316.911 3.74814e-24
317.629 3.74871e-24
318.349 3.74929e-24
319.071 3.74988e-24
319.794 3.75047e-24
320.519 3.75107e-24
321.245 3.75167e-24
321.973 3.75228e-24
322.703 3.7529e-24
323.435 3.75352e-24
324.168 3.75415e-24
324.903 3.75479e-24
325.639 3.75543e-24
326.377 3.75607e-24
327.117 3.75673e-24
327.858 3.75739e-24
328.601 3.75806e-24
329.346 3.75873e-24
330.093 3.75941e-24
330.841 3.76009e-24
331.591 3.76078e-24
332.343 3.76148e-24
333.096 3.76219e-24
333.851 3.7629e-24
334.608 3.76361e-24
335.366 3.76434e-24
336.126 3.76507e-24
336.888 3.76581e-24
337.652 3.76655e-24
338.417 3.7673e-24
339.184 3.76806e-24
339.953 3.76882e-24
340.723 3.76959e-24
341.496 3.77037e-24
342.27 3.77115e-24
343.046 3.77194e-24
343.823 3.77273e-24
344.602 3.77354e-24
345.384 3.77435e-24
346.166 3.77516e-24
346.951 3.77599e-24
347.737 3.77682e-24
348.526 3.77765e-24
349.316 3.7785e-24
350.107 3.77935e-24
350.901 3.78021e-24
351.696 3.78107e-24
352.493 3.78194e-24
353.292 3.78282e-24
354.093 3.78371e-24
354.896 3.7846e-24
355.7 3.7855e-24
356.507 3.7864e-24
357.315 3.78732e-24
358.125 3.78824e-24
358.936 3.78917e-24
359.75 3.7901e-24
360.565 3.79104e-24
361.383 3.79199e-24
362.202 3.79295e-24
363.023 3.79391e-24
363.845 3.79488e-24
364.67 3.79586e-24
365.497 3.79685e-24
366.325 3.79784e-24
367.156 3.79884e-24
367.988 3.79985e-24
368.822 3.80086e-24
369.658 3.80188e-24
370.496 3.80291e-24
371.336 3.80395e-24
372.177 3.805e-24
373.021 3.80605e-24
373.866 3.80711e-24
374.714 3.80817e-24
375.563 3.80925e-24
376.414 3.81033e-24
377.268 3.81142e-24
378.123 3.81252e-24
378.98 3.81362e-24
379.839 3.81474e-24
380.7 3.81586e-24
381.563 3.81699e-24
382.427 3.81812e-24
383.294 3.81927e-24
384.163 3.82042e-24
385.034 3.82158e-24
385.907 3.82275e-24
386.781 3.82392e-24
387.658 3.82511e-24
388.537 3.8263e-24
389.417 3.8275e-24
390.3 3.8287e-24
391.185 3.82992e-24
392.071 3.83114e-24
392.96 3.83237e-24
393.851 3.83361e-24
394.743 3.83486e-24
395.638 3.83612e-24
396.535 3.83738e-24
397.434 3.83866e-24
398.335 3.83994e-24
399.238 3.84123e-24
400.142 3.84252e-24
401.049 3.84383e-24
401.958 3.84514e-24
402.87 3.84646e-24
403.783 3.8478e-24
404.698 3.84914e-24
405.615 3.85048e-24
406.535 3.85184e-24
407.456 3.8532e-24
408.38 3.85458e-24
409.305 3.85596e-24
410.233 3.85735e-24
411.163 3.85875e-24
412.095 3.86016e-24
413.029 3.86157e-24
413.965 3.863e-24
414.903 3.86443e-24
415.844 3.86588e-24
416.786 3.86733e-24
417.731 3.86879e-24
418.678 3.87026e-24
419.627 3.87174e-24
420.578 3.87323e-24
421.531 3.87473e-24
422.487 3.87623e-24
423.445 3.87775e-24
424.404 3.87927e-24
425.366 3.88081e-24
426.33 3.88235e-24
427.297 3.8839e-24
428.265 3.88546e-24
429.236 3.88703e-24
430.209 3.88861e-24
431.184 3.8902e-24
432.161 3.8918e-24
433.141 3.89341e-24
434.123 3.89503e-24
435.107 3.89666e-24
436.093 3.8983e-24
437.082 3.89995e-24
438.072 3.90161e-24
439.065 3.90328e-24
440.06 3.90496e-24
441.058 3.90665e-24
442.058 3.90835e-24
443.06 3.91006e-24
444.064 3.91178e-24
445.07 3.91351e-24
446.079 3.91526e-24
447.09 3.91701e-24
448.104 3.91878e-24
449.119 3.92056e-24
450.137 3.92235e-24
451.158 3.92416e-24
452.18 3.92597e-24
453.205 3.92781e-24
454.232 3.92965e-24
455.262 3.93151e-24
456.294 3.93339e-24
457.328 3.93529e-24
458.365 3.9372e-24
459.404 3.93914e-24
460.445 3.9411e-24
461.489 3.94308e-24
462.535 3.9451e-24
463.583 3.94715e-24
464.634 3.94924e-24
465.687 3.95139e-24
466.743 3.95361e-24
467.801 3.95591e-24
468.861 3.95832e-24
469.924 3.9609e-24
470.989 3.9637e-24
472.056 3.96686e-24
473.126 3.97059e-24
474.199 3.9753e-24
475.274 3.98189e-24
476.351 3.99261e-24
477.431 4.0144e-24
478.513 4.07892e-24
479.597 4.53292e-24
480.684 7.02947e-24
481.774 4.16598e-24
482.866 4.04019e-24
483.96 4.01164e-24
485.057 4.00195e-24
486.157 3.99834e-24
487.259 3.99727e-24
488.363 3.99744e-24
489.47 3.9983e-24
490.58 3.99957e-24
491.692 4.00109e-24
492.806 4.0028e-24
493.923 4.00462e-24
495.043 4.00654e-24
496.165 4.00853e-24
497.289 4.01057e-24
498.417 4.01265e-24
499.546 4.01478e-24
500.679 4.01693e-24
501.813 4.01911e-24
502.951 4.02131e-24
504.091 4.02354e-24
505.234 4.02578e-24
506.379 4.02805e-24
507.526 4.03033e-24
508.677 4.03262e-24
509.83 4.03494e-24
510.985 4.03726e-24
512.144 4.03961e-24
513.305 4.04196e-24
514.468 4.04433e-24
515.634 4.04672e-24
516.803 4.04911e-24
517.974 4.05152e-24
519.148 4.05395e-24
520.325 4.05638e-24
521.504 4.05883e-24
522.687 4.0613e-24
523.871 4.06377e-24
525.059 4.06626e-24
526.249 4.06876e-24
527.442 4.07127e-24
528.637 4.0738e-24
529.835 4.07633e-24
531.036 4.07888e-24
532.24 4.08145e-24
533.446 4.08402e-24
534.656 4.08661e-24
535.867 4.08921e-24
537.082 4.09182e-24
538.299 4.09445e-24
539.52 4.09709e-24
540.742 4.09974e-24
541.968 4.1024e-24
543.197 4.10508e-24
544.428 4.10776e-24
545.662 4.11047e-24
546.899 4.11318e-24
548.138 4.11591e-24
549.381 4.11864e-24
550.626 4.1214e-24
551.874 4.12416e-24
553.125 4.12694e-24
554.379 4.12973e-24
555.635 4.13253e-24
556.895 4.13535e-24
558.157 4.13818e-24
559.422 4.14102e-24
560.69 4.14388e-24
561.961 4.14674e-24
563.235 4.14962e-24
564.511 4.15252e-24
565.791 4.15543e-24
567.073 4.15835e-24
568.359 4.16128e-24
569.647 4.16423e-24
570.938 4.16719e-24
572.232 4.17016e-24
573.529 4.17315e-24
574.829 4.17615e-24
576.132 4.17916e-24
577.438 4.18219e-24
578.747 4.18523e-24
580.059 4.18829e-24
581.374 4.19135e-24
582.691 4.19443e-24
584.012 4.19753e-24
585.336 4.20064e-24
586.663 4.20376e-24
587.992 4.2069e-24
589.325 4.21005e-24
590.661 4.21321e-24
592 4.21639e-24
593.342 4.21958e-24
594.687 4.22279e-24
596.034 4.22601e-24
597.385 4.22924e-24
598.74 4.23249e-24
600.097 4.23575e-24
601.457 4.23902e-24
602.82 4.24231e-24
604.187 4.24562e-24
605.556 4.24894e-24
606.929 4.25227e-24
608.304 4.25562e-24
609.683 4.25898e-24
611.065 4.26235e-24
612.45 4.26574e-24
613.838 4.26915e-24
615.23 4.27257e-24
616.624 4.276e-24
618.022 4.27945e-24
619.423 4.28291e-24
620.827 4.28639e-24
622.234 4.28988e-24
623.644 4.29339e-24
625.058 4.29691e-24
626.475 4.30045e-24
627.895 4.304e-24
629.318 4.30757e-24
630.744 4.31115e-24
632.174 4.31475e-24
633.607 4.31836e-24
635.043 4.32198e-24
636.482 4.32563e-24
637.925 4.32928e-24
639.371 4.33296e-24
640.82 4.33664e-24
642.273 4.34035e-24
643.729 4.34406e-24
645.188 4.3478e-24
646.65 4.35155e-24
648.116 4.35531e-24
649.585 4.35909e-24
651.057 4.36288e-24
652.533 4.3667e-24
654.012 4.37052e-24
655.494 4.37436e-24
656.98 4.37822e-24
658.469 4.3821e-24
659.962 4.38598e-24
661.458 4.38989e-24
662.957 4.39381e-24
664.46 4.39775e-24
665.966 4.4017e-24
667.475 4.40567e-24
668.988 4.40965e-24
670.505 4.41366e-24
672.024 4.41767e-24
673.548 4.42171e-24
675.074 4.42575e-24
676.604 4.42982e-24
678.138 4.4339e-24
679.675 4.438e-24
681.216 4.44212e-24
682.76 4.44625e-24
684.307 4.45039e-24
685.859 4.45456e-24
687.413 4.45874e-24
688.971 4.46294e-24
690.533 4.46715e-24
692.098 4.47138e-24
693.667 4.47563e-24
695.239 4.47989e-24
696.815 4.48417e-24
698.394 4.48847e-24
699.977 4.49278e-24
701.564 4.49712e-24
703.154 4.50146e-24
704.748 4.50583e-24
706.345 4.51021e-24
707.946 4.51461e-24
709.551 4.51903e-24
711.159 4.52346e-24
712.771 4.52791e-24
714.387 4.53238e-24
716.006 4.53687e-24
717.629 4.54137e-24
719.256 4.54589e-24
720.886 4.55043e-24
722.52 4.55498e-24
724.158 4.55956e-24
725.799 4.56415e-24
727.444 4.56876e-24
729.093 4.57338e-24
730.746 4.57803e-24
732.402 4.58269e-24
734.062 4.58737e-24
735.726 4.59206e-24
737.394 4.59678e-24
739.065 4.60151e-24
740.74 4.60626e-24
742.419 4.61103e-24
744.102 4.61582e-24
745.789 4.62062e-24
747.479 4.62545e-24
749.173 4.63029e-24
750.871 4.63515e-24
752.573 4.64003e-24
754.279 4.64492e-24
755.989 4.64984e-24
757.702 4.65477e-24
759.42 4.65973e-24
761.141 4.6647e-24
762.866 4.66968e-24
764.596 4.67469e-24
766.329 4.67972e-24
768.066 4.68476e-24
769.807 4.68983e-24
771.552 4.69491e-24
773.3 4.70001e-24
775.053 4.70513e-24
776.81 4.71027e-24
778.571 4.71543e-24
780.335 4.72061e-24
782.104 4.72581e-24
783.877 4.73102e-24
785.654 4.73626e-24
787.434 4.74151e-24
789.219 4.74678e-24
791.008 4.75208e-24
792.801 4.75739e-24
794.598 4.76272e-24
796.399 4.76807e-24
798.204 4.77344e-24
800.014 4.77883e-24
801.827 4.78424e-24
803.644 4.78967e-24
805.466 4.79512e-24
807.292 4.80059e-24
809.122 4.80608e-24
810.956 4.81159e-24
812.794 4.81712e-24
814.636 4.82267e-24
816.482 4.82824e-24
818.333 4.83382e-24
820.188 4.83943e-24
822.047 4.84506e-24
823.91 4.85071e-24
825.778 4.85638e-24
827.65 4.86207e-24
829.526 4.86778e-24
831.406 4.87351e-24
833.29 4.87926e-24
835.179 4.88503e-24
837.072 4.89082e-24
838.97 4.89664e-24
840.871 4.90247e-24
842.777 4.90832e-24
844.687 4.9142e-24
846.602 4.92009e-24
848.521 4.92601e-24
850.444 4.93195e-24
852.372 4.9379e-24
854.304 4.94388e-24
856.24 4.94988e-24
858.181 4.9559e-24
860.126 4.96195e-24
862.076 4.96801e-24
864.03 4.97409e-24
865.988 4.9802e-24
867.951 4.98633e-24
869.919 4.99247e-24
871.89 4.99864e-24
873.867 5.00484e-24
875.847 5.01105e-24
877.833 5.01728e-24
879.822 5.02354e-24
881.817 5.02982e-24
883.815 5.03612e-24
885.819 5.04244e-24
887.826 5.04878e-24
889.839 5.05515e-24
891.856 5.06153e-24
893.877 5.06794e-24
895.903 5.07437e-24
897.934 5.08083e-24
899.969 5.0873e-24
902.009 5.0938e-24
904.054 5.10032e-24
906.103 5.10686e-24
908.157 5.11342e-24
910.215 5.12001e-24
912.278 5.12662e-24
914.346 5.13325e-24
916.419 5.13991e-24
918.496 5.14659e-24
920.578 5.15329e-24
922.664 5.16001e-24
924.756 5.16675e-24
926.852 5.17352e-24
928.953 5.18032e-24
931.058 5.18713e-24
933.169 5.19397e-24
935.284 5.20084e-24
937.404 5.20772e-24
939.529 5.21464e-24
941.658 5.22158e-24
943.793 5.22854e-24
945.932 5.23554e-24
948.076 5.24257e-24
950.225 5.24965e-24
952.379 5.2568e-24
954.537 5.26409e-24
956.701 5.27187e-24
958.87 5.28324e-24
961.043 5.54991e-24
963.221 5.29532e-24
965.405 5.30017e-24
967.593 5.30689e-24
969.786 5.31395e-24
971.984 5.32112e-24
974.187 5.32836e-24
976.395 5.33563e-24
978.609 5.34295e-24
980.827 5.35029e-24
983.05 5.35766e-24
985.278 5.36505e-24
987.511 5.37247e-24
989.75 5.37992e-24
991.993 5.38739e-24
994.242 5.39489e-24
996.495 5.40241e-24
998.754 5.40996e-24
1001.02 5.41753e-24
1003.29 5.42513e-24
1005.56 5.43275e-24
1007.84 5.4404e-24
1010.12 5.44807e-24
1012.41 5.45576e-24
1014.71 5.46349e-24
1017.01 5.47123e-24
1019.31 5.479e-24
1021.62 5.4868e-24
1023.94 5.49462e-24
1026.26 5.50247e-24
1028.59 5.51034e-24
1030.92 5.51824e-24
1033.26 5.52616e-24
1035.6 5.53411e-24
1037.94 5.54209e-24
1040.3 5.55008e-24
1042.66 5.55811e-24
1045.02 5.56616e-24
1047.39 5.57424e-24
1049.76 5.58234e-24
1052.14 5.59047e-24
1054.53 5.59862e-24
1056.92 5.6068e-24
1059.31 5.61501e-24
1061.71 5.62324e-24
1064.12 5.6315e-24
1066.53 5.63978e-24
1068.95 5.64809e-24
1071.37 5.65643e-24
1073.8 5.66479e-24
1076.23 5.67318e-24
1078.67 5.6816e-24
1081.12 5.69004e-24
1083.57 5.69851e-24
1086.02 5.707e-24
1088.49 5.71552e-24
1090.95 5.72407e-24
1093.43 5.73265e-24
1095.9 5.74125e-24
1098.39 5.74988e-24
1100.88 5.75854e-24
1103.37 5.76722e-24
1105.87 5.77593e-24
1108.38 5.78467e-24
1110.89 5.79343e-24
1113.41 5.80222e-24
1115.94 5.81104e-24
1118.46 5.81989e-24
1121 5.82876e-24
1123.54 5.83766e-24
1126.09 5.84659e-24
1128.64 5.85555e-24
1131.2 5.86453e-24
1133.76 5.87354e-24
1136.33 5.88258e-24
1138.91 5.89165e-24
1141.49 5.90075e-24
1144.08 5.90987e-24
1146.67 5.91902e-24
1149.27 5.9282e-24
1151.87 5.93741e-24
1154.48 5.94664e-24
1157.1 5.9559e-24
1159.72 5.9652e-24
1162.35 5.97452e-24
1164.99 5.98387e-24
1167.63 5.99324e-24
1170.27 6.00265e-24
1172.93 6.01208e-24
1175.59 6.02155e-24
1178.25 6.03104e-24
1180.92 6.04056e-24
1183.6 6.05011e-24
1186.28 6.05969e-24
1188.97 6.06929e-24
1191.66 6.07893e-24
1194.37 6.08859e-24
1197.07 6.09829e-24
1199.79 6.10801e-24
1202.51 6.11776e-24
1205.23 6.12755e-24
1207.96 6.13736e-24
1210.7 6.1472e-24
1213.45 6.15707e-24
1216.2 6.16697e-24
1218.95 6.1769e-24
1221.72 6.18686e-24
1224.48 6.19685e-24
1227.26 6.20687e-24
1230.04 6.21692e-24
1232.83 6.22699e-24
1235.62 6.2371e-24
1238.43 6.24724e-24
1241.23 6.25741e-24
1244.05 6.26761e-24
1246.87 6.27784e-24
1249.69 6.2881e-24
1252.52 6.29839e-24
1255.36 6.30871e-24
1258.21 6.31906e-24
1261.06 6.32944e-24
1263.92 6.33986e-24
1266.78 6.3503e-24
1269.66 6.36077e-24
1272.53 6.37128e-24
1275.42 6.38181e-24
1278.31 6.39238e-24
1281.21 6.40298e-24
1284.11 6.41361e-24
1287.02 6.42427e-24
1289.94 6.43496e-24
1292.86 6.44568e-24
1295.79 6.45643e-24
1298.73 6.46722e-24
1301.67 6.47803e-24
1304.62 6.48888e-24
1307.58 6.49976e-24
1310.54 6.51067e-24
1313.51 6.52162e-24
1316.49 6.53259e-24
1319.48 6.5436e-24
1322.47 6.55464e-24
1325.46 6.56571e-24
1328.47 6.57681e-24
1331.48 6.58795e-24
1334.5 6.59911e-24
1337.52 6.61031e-24
1340.55 6.62154e-24
1343.59 6.63281e-24
1346.64 6.6441e-24
1349.69 6.65543e-24
1352.75 6.6668e-24
1355.82 6.67819e-24
1358.89 6.68962e-24
1361.97 6.70108e-24
1365.06 6.71257e-24
1368.15 6.7241e-24
1371.25 6.73565e-24
1374.36 6.74725e-24
1377.48 6.75887e-24
1380.6 6.77053e-24
1383.73 6.78222e-24
1386.86 6.79395e-24
1390.01 6.80571e-24
1393.16 6.8175e-24
1396.32 6.82932e-24
1399.48 6.84118e-24
1402.65 6.85308e-24
1405.83 6.865e-24
1409.02 6.87696e-24
1412.21 6.88896e-24
1415.41 6.90099e-24
1418.62 6.91305e-24
1421.84 6.92515e-24
1425.06 6.93728e-24
1428.29 6.94946e-24
1431.53 6.96167e-24
1434.77 6.97395e-24
1438.02 6.98647e-24
1441.28 7.20773e-24
1444.55 7.01105e-24
1447.82 7.02322e-24
1451.11 7.03559e-24
1454.4 7.04801e-24
1457.69 7.06048e-24
1461 7.07299e-24
1464.31 7.08554e-24
1467.63 7.09812e-24
1470.95 7.11073e-24
1474.29 7.12338e-24
1477.63 7.13607e-24
1480.98 7.14879e-24
1484.34 7.16155e-24
1487.7 7.17434e-24
1491.07 7.18717e-24
1494.45 7.20004e-24
1497.84 7.21294e-24
1501.23 7.22588e-24
1504.64 7.23885e-24
1508.05 7.25186e-24
1511.47 7.2649e-24
1514.89 7.27798e-24
1518.33 7.2911e-24
1521.77 7.30425e-24
1525.22 7.31744e-24
1528.67 7.33067e-24
1532.14 7.34393e-24
1535.61 7.35723e-24
1539.09 7.37056e-24
1542.58 7.38394e-24
1546.08 7.39735e-24
1549.58 7.41079e-24
1553.09 7.42428e-24
1556.61 7.4378e-24
1560.14 7.45135e-24
1563.68 7.46495e-24
1567.22 7.47858e-24
1570.77 7.49225e-24
1574.34 7.50595e-24
1577.9 7.5197e-24
1581.48 7.53348e-24
1585.06 7.5473e-24
1588.66 7.56116e-24
1592.26 7.57505e-24
1595.87 7.58898e-24
1599.48 7.60295e-24
1603.11 7.61696e-24
1606.74 7.63101e-24
1610.39 7.6451e-24
1614.04 7.65922e-24
1617.69 7.67338e-24
1621.36 7.68758e-24
1625.04 7.70182e-24
1628.72 7.7161e-24
1632.41 7.73041e-24
1636.11 7.74477e-24
1639.82 7.75916e-24
1643.54 7.77359e-24
1647.26 7.78806e-24
1651 7.80257e-24
1654.74 7.81712e-24
1658.49 7.83171e-24
1662.25 7.84634e-24
1666.02 7.86101e-24
1669.79 7.87571e-24
1673.58 7.89046e-24
1677.37 7.90525e-24
1681.17 7.92007e-24
1684.98 7.93494e-24
1688.8 7.94984e-24
1692.63 7.96479e-24
1696.47 7.97977e-24
1700.31 7.9948e-24
1704.17 8.00986e-24
1708.03 8.02497e-24
1711.9 8.04012e-24
1715.78 8.0553e-24
1719.67 8.07053e-24
1723.57 8.0858e-24
1727.47 8.10111e-24
1731.39 8.11646e-24
1735.31 8.13185e-24
1739.25 8.14728e-24
1743.19 8.16275e-24
1747.14 8.17826e-24
1751.1 8.19382e-24
1755.07 8.20941e-24
1759.05 8.22505e-24
1763.04 8.24073e-24
1767.03 8.25645e-24
1771.04 8.27221e-24
1775.05 8.28802e-24
1779.07 8.30386e-24
1783.11 8.31975e-24
1787.15 8.33568e-24
1791.2 8.35165e-24
1795.26 8.36766e-24
1799.33 8.38372e-24
1803.41 8.39982e-24
1807.49 8.41596e-24
1811.59 8.43214e-24
1815.7 8.44837e-24
1819.81 8.46463e-24
1823.94 8.48095e-24
1828.07 8.4973e-24
1832.22 8.5137e-24
1836.37 8.53014e-24
1840.53 8.54662e-24
1844.7 8.56314e-24
1848.88 8.57971e-24
1853.08 8.59633e-24
1857.28 8.61298e-24
1861.49 8.62968e-24
1865.7 8.64643e-24
1869.93 8.66321e-24
1874.17 8.68005e-24
1878.42 8.69692e-24
1882.68 8.71384e-24
1886.95 8.7308e-24
1891.22 8.74781e-24
1895.51 8.76486e-24
1899.81 8.78196e-24
1904.11 8.7991e-24
1908.43 8.81629e-24
1912.75 8.83352e-24
1917.09 8.85083e-24
1921.43 8.93553e-24
1925.79 8.88552e-24
1930.15 8.90289e-24
1934.53 8.92034e-24
1938.91 8.93783e-24
1943.31 8.95538e-24
1947.71 8.97297e-24
1952.13 8.9906e-24
1956.55 9.00828e-24
1960.99 9.02601e-24
1965.43 9.04378e-24
1969.89 9.0616e-24
1974.35 9.07947e-24
1978.83 9.09738e-24
1983.31 9.11533e-24
1987.81 9.13334e-24
1992.31 9.15139e-24
1996.83 9.16948e-24
2001.36 9.18762e-24
2005.89 9.20581e-24
2010.44 9.22405e-24
2015 9.24233e-24
2019.56 9.26066e-24
2024.14 9.27904e-24
2028.73 9.29746e-24
2033.33 9.31593e-24
2037.94 9.33445e-24
2042.56 9.35301e-24
2047.19 9.37163e-24
2051.83 9.39029e-24
2056.48 9.409e-24
2061.14 9.42775e-24
2065.81 9.44656e-24
2070.49 9.46541e-24
2075.19 9.48431e-24
2079.89 9.50326e-24
2084.6 9.52225e-24
2089.33 9.5413e-24
2094.06 9.56039e-24
2098.81 9.57953e-24
2103.57 9.59872e-24
2108.34 9.61796e-24
2113.12 9.63725e-24
2117.9 9.65659e-24
2122.71 9.67598e-24
2127.52 9.69541e-24
2132.34 9.7149e-24
2137.17 9.73443e-24
2142.02 9.75402e-24
2146.87 9.77365e-24
2151.74 9.79334e-24
2156.62 9.81307e-24
2161.5 9.83285e-24
2166.4 9.85269e-24
2171.31 9.87257e-24
2176.23 9.8925e-24
2181.17 9.91249e-24
2186.11 9.93252e-24
2191.07 9.95261e-24
2196.03 9.97274e-24
2201.01 9.99293e-24
2206 1.00132e-23
2211 1.00335e-23
2216.01 1.00538e-23
2221.03 1.00742e-23
2226.07 1.00946e-23
2231.11 1.01151e-23
2236.17 1.01357e-23
2241.24 1.01563e-23
2246.32 1.01769e-23
2251.41 1.01976e-23
2256.51 1.02184e-23
2261.63 1.02392e-23
2266.76 1.026e-23
2271.89 1.02809e-23
2277.04 1.03019e-23
2282.2 1.03229e-23
2287.38 1.0344e-23
2292.56 1.03651e-23
2297.76 1.03863e-23
2302.97 1.04075e-23
2308.19 1.04288e-23
2313.42 1.04501e-23
2318.66 1.04715e-23
2323.92 1.04929e-23
2329.19 1.05144e-23
2334.46 1.0536e-23
2339.76 1.05576e-23
2345.06 1.05792e-23
2350.38 1.06009e-23
2355.7 1.06227e-23
2361.04 1.06445e-23
2366.39 1.06664e-23
2371.76 1.06883e-23
2377.13 1.07103e-23
2382.52 1.07323e-23
2387.92 1.07544e-23
2393.33 1.07765e-23
2398.76 1.07988e-23
2404.2 1.0821e-23
2409.65 1.08433e-23
2415.11 1.08657e-23
2420.58 1.08881e-23
2426.07 1.09105e-23
2431.57 1.09331e-23
2437.08 1.09557e-23
2442.6 1.09783e-23
2448.14 1.1001e-23
2453.69 1.10238e-23
2459.25 1.10466e-23
2464.82 1.10694e-23
2470.41 1.10924e-23
2476.01 1.11153e-23
2481.62 1.11384e-23
2487.25 1.11615e-23
2492.89 1.11846e-23
2498.54 1.12078e-23
2504.2 1.12311e-23
2509.88 1.12544e-23
2515.56 1.12778e-23
2521.27 1.13012e-23
2526.98 1.13247e-23
2532.71 1.13483e-23
2538.45 1.13719e-23
2544.2 1.13955e-23
2549.97 1.14193e-23
2555.75 1.14431e-23
2561.54 1.14669e-23
2567.35 1.14908e-23
2573.17 1.15148e-23
2579 1.15388e-23
2584.85 1.15629e-23
2590.71 1.1587e-23
2596.58 1.16112e-23
2602.46 1.16355e-23
2608.36 1.16598e-23
2614.27 1.16841e-23
2620.2 1.17086e-23
2626.14 1.17331e-23
2632.09 1.17576e-23
2638.06 1.17822e-23
2644.04 1.18069e-23
2650.03 1.18317e-23
2656.04 1.18565e-23
2662.06 1.18813e-23
2668.09 1.19062e-23
2674.14 1.19312e-23
2680.2 1.19562e-23
2686.28 1.19813e-23
2692.36 1.20065e-23
2698.47 1.20317e-23
2704.58 1.2057e-23
2710.71 1.20824e-23
2716.86 1.21078e-23
2723.02 1.21332e-23
2729.19 1.21588e-23
2735.37 1.21844e-23
2741.57 1.221e-23
2747.79 1.22357e-23
2754.02 1.22615e-23
2760.26 1.22874e-23
2766.52 1.23133e-23
2772.79 1.23392e-23
2779.07 1.23653e-23
2785.37 1.23914e-23
2791.68 1.24175e-23
2798.01 1.24438e-23
2804.35 1.247e-23
2810.71 1.24964e-23
2817.08 1.25228e-23
2823.47 1.25493e-23
2829.87 1.25758e-23
2836.28 1.26024e-23
2842.71 1.26291e-23
2849.15 1.26559e-23
2855.61 1.26827e-23
2862.08 1.27095e-23
2868.57 1.27365e-23
2875.07 1.27635e-23
2881.59 1.27908e-23
2888.12 1.28176e-23
2894.67 1.28448e-23
2901.23 1.28721e-23
2907.8 1.28994e-23
2914.4 1.29268e-23
2921 1.29543e-23
2927.62 1.29818e-23
2934.26 1.30094e-23
2940.91 1.3037e-23
2947.57 1.30647e-23
2954.26 1.30925e-23
2960.95 1.31204e-23
2967.66 1.31483e-23
2974.39 1.31763e-23
2981.13 1.32044e-23
2987.89 1.32325e-23
2994.66 1.32607e-23
3001.45 1.32889e-23
3008.25 1.33173e-23
3015.07 1.33457e-23
3021.91 1.33741e-23
3028.76 1.34027e-23
3035.62 1.34313e-23
3042.5 1.346e-23
3049.4 1.34887e-23
3056.31 1.35175e-23
3063.24 1.35464e-23
3070.18 1.35753e-23
3077.14 1.36043e-23
3084.11 1.36334e-23
3091.1 1.36626e-23
3098.11 1.36918e-23
3105.13 1.37211e-23
3112.17 1.37505e-23
3119.23 1.37799e-23
3126.3 1.38094e-23
3133.38 1.3839e-23
3140.48 1.38687e-23
3147.6 1.38984e-23
3154.74 1.39282e-23
3161.89 1.3958e-23
3169.05 1.3988e-23
3176.24 1.4018e-23
3183.44 1.40481e-23
3190.65 1.40782e-23
3197.89 1.41084e-23
3205.13 1.41387e-23
3212.4 1.41691e-23
3219.68 1.41995e-23
3226.98 1.423e-23
3234.29 1.42606e-23
3241.62 1.42913e-23
3248.97 1.4322e-23
3256.33 1.43528e-23
3263.72 1.43837e-23
3271.11 1.44147e-23
3278.53 1.44457e-23
3285.96 1.44768e-23
3293.41 1.45079e-23
3300.87 1.45392e-23
3308.35 1.45705e-23
3315.85 1.46019e-23
3323.37 1.46334e-23
3330.9 1.46649e-23
3338.45 1.46966e-23
3346.02 1.47283e-23
3353.6 1.476e-23
3361.2 1.47919e-23
3368.82 1.48238e-23
3376.46 1.48558e-23
3384.11 1.48879e-23
3391.78 1.492e-23
3399.47 1.49523e-23
3407.18 1.49846e-23
3414.9 1.50169e-23
3422.64 1.50494e-23
3430.4 1.50819e-23
3438.17 1.51146e-23
3445.97 1.51472e-23
3453.78 1.518e-23
3461.61 1.52129e-23
3469.45 1.52458e-23
3477.32 1.52788e-23
3485.2 1.53119e-23
3493.1 1.5345e-23
3501.01 1.53783e-23
3508.95 1.54116e-23
3516.9 1.5445e-23
3524.88 1.54785e-23
3532.86 1.5512e-23
3540.87 1.55456e-23
3548.9 1.55794e-23
3556.94 1.56131e-23
3565 1.5647e-23
3573.09 1.5681e-23
3581.18 1.5715e-23
3589.3 1.57491e-23
3597.44 1.57833e-23
3605.59 1.58176e-23
3613.76 1.58519e-23
3621.96 1.58864e-23
3630.16 1.59209e-23
3638.39 1.59555e-23
3646.64 1.59902e-23
3654.91 1.6025e-23
3663.19 1.60598e-23
3671.49 1.60947e-23
3679.82 1.61297e-23
3688.16 1.61648e-23
3696.52 1.62e-23
3704.89 1.62353e-23
3713.29 1.62706e-23
3721.71 1.6306e-23
3730.14 1.63416e-23
3738.6 1.63771e-23
3747.07 1.64128e-23
3755.57 1.64486e-23
3764.08 1.64844e-23
3772.61 1.65204e-23
3781.16 1.65564e-23
3789.73 1.65925e-23
3798.32 1.66287e-23
3806.93 1.66649e-23
3815.56 1.67013e-23
3824.21 1.67377e-23
3832.88 1.67743e-23
3841.57 1.68109e-23
3850.27 1.68476e-23
3859 1.68843e-23
3867.75 1.69212e-23
3876.51 1.69582e-23
3885.3 1.69952e-23
3894.11 1.70324e-23
3902.93 1.70696e-23
3911.78 1.71069e-23
3920.65 1.71443e-23
3929.53 1.71818e-23
3938.44 1.72193e-23
3947.37 1.7257e-23
3956.32 1.72947e-23
3965.28 1.73326e-23
3974.27 1.73705e-23
3983.28 1.74085e-23
3992.31 1.74466e-23
4001.36 1.74848e-23
4010.43 1.75231e-23
4019.52 1.75615e-23
4028.63 1.75999e-23
4037.76 1.76385e-23
4046.91 1.76771e-23
4056.08 1.77159e-23
4065.28 1.77547e-23
4074.49 1.77936e-23
4083.73 1.78326e-23
4092.98 1.78717e-23
4102.26 1.79109e-23
4111.56 1.79502e-23
4120.88 1.79895e-23
4130.22 1.8029e-23
4139.58 1.80686e-23
4148.96 1.81082e-23
4158.37 1.8148e-23
4167.79 1.81878e-23
4177.24 1.82277e-23
4186.71 1.82677e-23
4196.2 1.83079e-23
4205.71 1.83481e-23
4215.24 1.83884e-23
4224.8 1.84288e-23
4234.37 1.84693e-23
4243.97 1.85099e-23
4253.59 1.85505e-23
4263.23 1.85913e-23
4272.9 1.86322e-23
4282.58 1.86732e-23
4292.29 1.87142e-23
4302.02 1.87554e-23
4311.77 1.87966e-23
4321.54 1.8838e-23
4331.34 1.88794e-23
4341.15 1.8921e-23
4350.99 1.89626e-23
4360.86 1.90044e-23
4370.74 1.90462e-23
4380.65 1.90881e-23
4390.58 1.91302e-23
4400.53 1.91723e-23
4410.5 1.92145e-23
4420.5 1.92569e-23
4430.52 1.92993e-23
4440.56 1.93418e-23
4450.63 1.93844e-23
4460.72 1.94272e-23
4470.83 1.947e-23
4480.96 1.95129e-23
4491.12 1.95559e-23
4501.3 1.95991e-23
4511.5 1.96423e-23
4521.73 1.96856e-23
4531.97 1.9729e-23
4542.25 1.97726e-23
4552.54 1.98162e-23
4562.86 1.98599e-23
4573.2 1.99038e-23
4583.57 1.99477e-23
4593.96 1.99917e-23
4604.37 2.00359e-23
4614.81 2.00801e-23
4625.27 2.01244e-23
4635.75 2.01689e-23
4646.26 2.02134e-23
4656.79 2.02581e-23
4667.35 2.03029e-23
4677.93 2.03477e-23
4688.53 2.03927e-23
4699.16 2.04377e-23
4709.81 2.04829e-23
4720.48 2.05282e-23
4731.18 2.05736e-23
4741.91 2.06191e-23
4752.66 2.06647e-23
4763.43 2.07104e-23
4774.22 2.07562e-23
4785.05 2.08021e-23
4795.89 2.08481e-23
4806.76 2.08943e-23
4817.66 2.09405e-23
4828.58 2.09868e-23
4839.52 2.10333e-23
4850.49 2.10798e-23
4861.49 2.11265e-23
4872.51 2.11733e-23
4883.55 2.12202e-23
4894.62 2.12672e-23
4905.71 2.13143e-23
4916.83 2.13615e-23
4927.98 2.14088e-23
4939.15 2.14562e-23
4950.34 2.15038e-23
4961.56 2.15514e-23
4972.81 2.15992e-23
4984.08 2.16471e-23
4995.38 2.1695e-23
5006.7 2.17431e-23
5018.05 2.17913e-23
5029.42 2.18396e-23
5040.82 2.18881e-23
5052.25 2.19366e-23
5063.7 2.19853e-23
5075.18 2.2034e-23
5086.68 2.20829e-23
5098.21 2.21319e-23
5109.77 2.2181e-23
5121.35 2.22302e-23
5132.96 2.22796e-23
5144.59 2.2329e-23
5156.25 2.23786e-23
5167.94 2.24283e-23
5179.65 2.2478e-23
5191.4 2.2528e-23
5203.16 2.2578e-23
5214.96 2.26281e-23
5226.78 2.26784e-23
5238.62 2.27287e-23
5250.5 2.27792e-23
5262.4 2.28298e-23
5274.33 2.28806e-23
5286.28 2.29314e-23
5298.26 2.29823e-23
5310.27 2.30334e-23
5322.31 2.30846e-23
5334.37 2.31359e-23
5346.46 2.31873e-23
5358.58 2.32389e-23
5370.73 2.32906e-23
5382.9 2.33423e-23
5395.1 2.33943e-23
5407.33 2.34463e-23
5419.59 2.34984e-23
5431.87 2.35507e-23
5444.19 2.36031e-23
5456.53 2.36556e-23
5468.89 2.37082e-23
5481.29 2.3761e-23
5493.71 2.38138e-23
5506.17 2.38668e-23
5518.65 2.39199e-23
5531.16 2.39732e-23
5543.69 2.40266e-23
5556.26 2.408e-23
5568.85 2.41336e-23
5581.47 2.41874e-23
5594.13 2.42412e-23
5606.81 2.42952e-23
5619.51 2.43493e-23
5632.25 2.44036e-23
5645.02 2.44579e-23
5657.81 2.45124e-23
5670.64 2.4567e-23
5683.49 2.46217e-23
5696.37 2.46766e-23
5709.28 2.47316e-23
5722.23 2.47867e-23
5735.2 2.48419e-23
5748.2 2.48973e-23
5761.23 2.49528e-23
5774.28 2.50084e-23
5787.37 2.50642e-23
5800.49 2.512e-23
5813.64 2.5176e-23
5826.81 2.52322e-23
5840.02 2.52884e-23
5853.26 2.53448e-23
5866.53 2.54014e-23
5879.82 2.5458e-23
5893.15 2.55148e-23
5906.51 2.55717e-23
5919.9 2.56288e-23
5933.32 2.5686e-23
5946.76 2.57433e-23
5960.24 2.58007e-23
5973.75 2.58583e-23
5987.29 2.5916e-23
6000.86 2.59738e-23
6014.47 2.60318e-23
6028.1 2.60899e-23
6041.76 2.61482e-23
6055.46 2.62065e-23
6069.18 2.6265e-23
6082.94 2.63237e-23
6096.73 2.63825e-23
6110.55 2.64414e-23
6124.4 2.65004e-23
6138.28 2.65596e-23
6152.19 2.66189e-23
6166.14 2.66784e-23
6180.11 2.6738e-23
6194.12 2.67977e-23
6208.16 2.68576e-23
6222.23 2.69176e-23
6236.34 2.69777e-23
6250.47 2.7038e-23
6264.64 2.70985e-23
6278.84 2.7159e-23
6293.07 2.72197e-23
6307.34 2.72806e-23
6321.63 2.73415e-23
6335.96 2.74027e-23
6350.32 2.74639e-23
6364.72 2.75253e-23
6379.14 2.75869e-23
6393.6 2.76485e-23
6408.09 2.77104e-23
6422.62 2.77723e-23
6437.18 2.78344e-23
6451.77 2.78967e-23
6466.39 2.79591e-23
6481.05 2.80216e-23
6495.74 2.80843e-23
6510.46 2.81471e-23
6525.22 2.82101e-23
6540.01 2.82732e-23
6554.83 2.83365e-23
6569.69 2.83999e-23
6584.58 2.84634e-23
6599.51 2.85271e-23
6614.47 2.8591e-23
6629.46 2.8655e-23
6644.48 2.87191e-23
6659.55 2.87834e-23
6674.64 2.88478e-23
6689.77 2.89124e-23
6704.93 2.89771e-23
6720.13 2.9042e-23
6735.36 2.9107e-23
6750.63 2.91722e-23
6765.93 2.92375e-23
6781.27 2.9303e-23
6796.64 2.93686e-23
6812.04 2.94344e-23
6827.48 2.95003e-23
6842.96 2.95664e-23
6858.47 2.96326e-23
6874.01 2.9699e-23
6889.6 2.97656e-23
6905.21 2.98322e-23
6920.86 2.98991e-23
6936.55 2.99661e-23
6952.27 3.00332e-23
6968.03 3.01005e-23
6983.83 3.0168e-23
6999.66 3.02356e-23
7015.52 3.03033e-23
7031.42 3.03713e-23
7047.36 3.04393e-23
7063.33 3.05076e-23
7079.34 3.0576e-23
7095.39 3.06445e-23
7111.47 3.07132e-23
7127.59 3.07821e-23
7143.75 3.08511e-23
7159.94 3.09202e-23
7176.17 3.09896e-23
7192.44 3.10591e-23
7208.74 3.11287e-23
7225.08 3.11985e-23
7241.45 3.12685e-23
7257.87 3.13386e-23
7274.32 3.14089e-23
7290.81 3.14794e-23
7307.33 3.155e-23
7323.9 3.16208e-23
7340.5 3.16917e-23
7357.14 3.17628e-23
7373.81 3.18341e-23
7390.53 3.19055e-23
7407.28 3.19771e-23
7424.07 3.20488e-23
7440.89 3.21207e-23
7457.76 3.21928e-23
7474.66 3.22651e-23
7491.61 3.23375e-23
7508.59 3.24101e-23
7525.61 3.24828e-23
7542.66 3.25557e-23
7559.76 3.26288e-23
7576.9 3.2702e-23
7594.07 3.27755e-23
7611.28 3.2849e-23
7628.54 3.29228e-23
7645.83 3.29967e-23
7663.16 3.30708e-23
7680.53 3.31451e-23
7697.94 3.32195e-23
7715.38 3.32941e-23
7732.87 3.33688e-23
7750.4 3.34438e-23
7767.97 3.35189e-23
7785.57 3.35942e-23
7803.22 3.36696e-23
7820.91 3.37453e-23
7838.64 3.38211e-23
7856.4 3.3897e-23
7874.21 3.39732e-23
7892.06 3.40495e-23
7909.95 3.4126e-23
7927.88 3.42027e-23
7945.85 3.42795e-23
7963.86 3.43565e-23
7981.91 3.44337e-23
8000 3.45111e-23
