9 2.56525e-21
9.0204 2.87173e-21
9.04085 3.46499e-21
9.06134 4.85874e-21
9.08188 1.01248e-20
9.10246 4.14038e-20
9.12309 6.8713e-21
9.14377 4.01209e-21
9.1645 3.03831e-21
9.18527 2.58098e-21
9.20609 2.3287e-21
9.22696 2.17426e-21
9.24787 2.07219e-21
9.26883 2.0005e-21
9.28984 1.94758e-21
9.3109 1.90684e-21
9.332 1.87432e-21
9.35316 1.84753e-21
9.37436 1.82488e-21
9.39561 1.80526e-21
9.4169 1.78794e-21
9.43825 1.77237e-21
9.45964 1.75817e-21
9.48108 1.74505e-21
9.50257 1.73281e-21
9.52411 1.72128e-21
9.5457 1.71033e-21
9.56734 1.69988e-21
9.58902 1.68983e-21
9.61076 1.68013e-21
9.63254 1.67072e-21
9.65437 1.66158e-21
9.67626 1.65266e-21
9.69819 1.64394e-21
9.72017 1.63539e-21
9.7422 1.627e-21
9.76429 1.61875e-21
9.78642 1.61063e-21
9.8086 1.60262e-21
9.83083 1.59471e-21
9.85312 1.58691e-21
9.87545 1.57919e-21
9.89783 1.57155e-21
9.92027 1.56399e-21
9.94275 1.5565e-21
9.96529 1.54908e-21
9.98788 1.54172e-21
10.0105 1.53443e-21
10.0332 1.52719e-21
10.0559 1.52001e-21
10.0787 1.51288e-21
10.1016 1.5058e-21
10.1245 1.49877e-21
10.1474 1.49179e-21
10.1704 1.48485e-21
10.1935 1.47796e-21
10.2166 1.47111e-21
10.2397 1.4643e-21
10.263 1.45754e-21
10.2862 1.45081e-21
10.3095 1.44412e-21
10.3329 1.43747e-21
10.3563 1.43086e-21
10.3798 1.42428e-21
10.4033 1.41774e-21
10.4269 1.41124e-21
10.4505 1.40477e-21
10.4742 1.39833e-21
10.498 1.39193e-21
10.5218 1.38556e-21
10.5456 1.37922e-21
10.5695 1.37292e-21
10.5935 1.36665e-21
10.6175 1.36041e-21
10.6416 1.3542e-21
10.6657 1.34802e-21
10.6898 1.34187e-21
10.7141 1.33576e-21
10.7384 1.32967e-21
10.7627 1.32361e-21
10.7871 1.31759e-21
10.8115 1.31159e-21
10.8361 1.30562e-21
10.8606 1.29968e-21
10.8852 1.29377e-21
10.9099 1.28788e-21
10.9346 1.28203e-21
10.9594 1.2762e-21
10.9843 1.2704e-21
11.0092 1.26463e-21
11.0341 1.25888e-21
11.0591 1.25317e-21
11.0842 1.24747e-21
11.1093 1.24181e-21
11.1345 1.23617e-21
11.1597 1.23056e-21
11.185 1.22498e-21
11.2104 1.21942e-21
11.2358 1.21389e-21
11.2613 1.20838e-21
11.2868 1.2029e-21
11.3124 1.19744e-21
11.338 1.19201e-21
11.3637 1.1866e-21
11.3895 1.18122e-21
11.4153 1.17587e-21
11.4412 1.17054e-21
11.4671 1.16523e-21
11.4931 1.15995e-21
11.5191 1.15469e-21
11.5452 1.14946e-21
11.5714 1.14425e-21
11.5976 1.13907e-21
11.6239 1.13391e-21
11.6503 1.12877e-21
11.6767 1.12366e-21
11.7031 1.11856e-21
11.7297 1.1135e-21
11.7563 1.10845e-21
11.7829 1.10343e-21
11.8096 1.09844e-21
11.8364 1.09346e-21
11.8632 1.08851e-21
11.8901 1.08358e-21
11.9171 1.07868e-21
11.9441 1.07379e-21
11.9711 1.06893e-21
11.9983 1.06409e-21
12.0255 1.05927e-21
12.0527 1.05448e-21
12.08 1.0497e-21
12.1074 1.04495e-21
12.1349 1.04022e-21
12.1624 1.03551e-21
12.1899 1.03083e-21
12.2176 1.02616e-21
12.2453 1.02152e-21
12.273 1.0169e-21
12.3008 1.01229e-21
12.3287 1.00771e-21
12.3567 1.00315e-21
12.3847 9.98613e-22
12.4127 9.94095e-22
12.4409 9.89597e-22
12.4691 9.85119e-22
12.4973 9.80662e-22
12.5257 9.76225e-22
12.5541 9.71808e-22
12.5825 9.67412e-22
12.611 9.63035e-22
12.6396 9.58679e-22
12.6683 9.54342e-22
12.697 9.50025e-22
12.7258 9.45727e-22
12.7546 9.41449e-22
12.7835 9.37191e-22
12.8125 9.32952e-22
12.8415 9.28732e-22
12.8706 9.24531e-22
12.8998 9.20349e-22
12.9291 9.16187e-22
12.9584 9.12043e-22
12.9877 9.07918e-22
13.0172 9.03812e-22
13.0467 8.99724e-22
13.0762 8.95656e-22
13.1059 8.91605e-22
13.1356 8.87573e-22
13.1654 8.83559e-22
13.1952 8.79564e-22
13.2251 8.75586e-22
13.2551 8.71627e-22
13.2851 8.67685e-22
13.3153 8.63762e-22
13.3454 8.59856e-22
13.3757 8.55968e-22
13.406 8.52098e-22
13.4364 8.48245e-22
13.4668 8.4441e-22
13.4974 8.40592e-22
13.528 8.36791e-22
13.5586 8.33008e-22
13.5894 8.29242e-22
13.6202 8.25492e-22
13.651 8.2176e-22
13.682 8.18045e-22
13.713 8.14347e-22
13.7441 8.10665e-22
13.7752 8.07e-22
13.8064 8.03352e-22
13.8377 7.9972e-22
13.8691 7.96105e-22
13.9005 7.92506e-22
13.932 7.88923e-22
13.9636 7.85357e-22
13.9953 7.81807e-22
14.027 7.78273e-22
14.0588 7.74755e-22
14.0907 7.71252e-22
14.1226 7.67766e-22
14.1546 7.64296e-22
14.1867 7.60841e-22
14.2188 7.57402e-22
14.2511 7.53978e-22
14.2834 7.5057e-22
14.3158 7.47177e-22
14.3482 7.438e-22
14.3807 7.40438e-22
14.4133 7.37092e-22
14.446 7.3376e-22
14.4787 7.30443e-22
14.5116 7.27142e-22
14.5444 7.23856e-22
14.5774 7.20584e-22
14.6105 7.17327e-22
14.6436 7.14085e-22
14.6768 7.10858e-22
14.71 7.07645e-22
14.7434 7.04447e-22
14.7768 7.01263e-22
14.8103 6.98094e-22
14.8439 6.94939e-22
14.8775 6.91798e-22
14.9112 6.88671e-22
14.945 6.85559e-22
14.9789 6.82461e-22
15.0128 6.79377e-22
15.0469 6.76306e-22
15.081 6.7325e-22
15.1152 6.70208e-22
15.1494 6.67179e-22
15.1838 6.64164e-22
15.2182 6.61162e-22
15.2527 6.58175e-22
15.2872 6.552e-22
15.3219 6.52239e-22
15.3566 6.49292e-22
15.3914 6.46358e-22
15.4263 6.43437e-22
15.4613 6.4053e-22
15.4963 6.37635e-22
15.5315 6.34754e-22
15.5667 6.31885e-22
15.6019 6.2903e-22
15.6373 6.26188e-22
15.6728 6.23358e-22
15.7083 6.20541e-22
15.7439 6.17737e-22
15.7796 6.14946e-22
15.8153 6.12167e-22
15.8512 6.09401e-22
15.8871 6.06648e-22
15.9231 6.03907e-22
15.9592 6.01178e-22
15.9954 5.98461e-22
16.0316 5.95757e-22
16.068 5.93066e-22
16.1044 5.90386e-22
16.1409 5.87718e-22
16.1775 5.85063e-22
16.2142 5.82419e-22
16.2509 5.79788e-22
16.2877 5.77168e-22
16.3247 5.7456e-22
16.3617 5.71964e-22
16.3988 5.6938e-22
16.4359 5.66808e-22
16.4732 5.64247e-22
16.5105 5.61697e-22
16.5479 5.5916e-22
16.5855 5.56633e-22
16.623 5.54118e-22
16.6607 5.51615e-22
16.6985 5.49123e-22
16.7363 5.46642e-22
16.7743 5.44172e-22
16.8123 5.41714e-22
16.8504 5.39266e-22
16.8886 5.3683e-22
16.9269 5.34405e-22
16.9652 5.3199e-22
17.0037 5.29587e-22
17.0422 5.27194e-22
17.0809 5.24812e-22
17.1196 5.22442e-22
17.1584 5.20081e-22
17.1973 5.17732e-22
17.2363 5.15393e-22
17.2753 5.13064e-22
17.3145 5.10747e-22
17.3537 5.08439e-22
17.3931 5.06142e-22
17.4325 5.03856e-22
17.472 5.0158e-22
17.5116 4.99314e-22
17.5513 4.97058e-22
17.5911 4.94813e-22
17.631 4.92577e-22
17.6709 4.90352e-22
17.711 4.88137e-22
17.7511 4.85932e-22
17.7913 4.83737e-22
17.8317 4.81552e-22
17.8721 4.79376e-22
17.9126 4.77211e-22
17.9532 4.75055e-22
17.9939 4.72909e-22
18.0347 4.70773e-22
18.0756 4.68646e-22
18.1165 4.66529e-22
18.1576 4.64422e-22
18.1988 4.62324e-22
18.24 4.60236e-22
18.2813 4.58157e-22
18.3228 4.56087e-22
18.3643 4.54027e-22
18.4059 4.51976e-22
18.4477 4.49935e-22
18.4895 4.47902e-22
18.5314 4.45879e-22
18.5734 4.43865e-22
18.6155 4.4186e-22
18.6577 4.39864e-22
18.7 4.37878e-22
18.7424 4.359e-22
18.7848 4.33931e-22
18.8274 4.31971e-22
18.8701 4.3002e-22
18.9129 4.28077e-22
18.9557 4.26144e-22
18.9987 4.24219e-22
19.0418 4.22303e-22
19.0849 4.20396e-22
19.1282 4.18497e-22
19.1715 4.16607e-22
19.215 4.14725e-22
19.2585 4.12852e-22
19.3022 4.10987e-22
19.346 4.09131e-22
19.3898 4.07283e-22
19.4338 4.05444e-22
19.4778 4.03613e-22
19.522 4.0179e-22
19.5662 3.99975e-22
19.6105 3.98169e-22
19.655 3.9637e-22
19.6996 3.9458e-22
19.7442 3.92798e-22
19.789 3.91024e-22
19.8338 3.89258e-22
19.8788 3.875e-22
19.9238 3.8575e-22
19.969 3.84008e-22
20.0142 3.82274e-22
20.0596 3.80547e-22
20.1051 3.78829e-22
20.1507 3.77118e-22
20.1963 3.75415e-22
20.2421 3.73719e-22
20.288 3.72032e-22
20.334 3.70351e-22
20.3801 3.68679e-22
20.4263 3.67014e-22
20.4726 3.65357e-22
20.519 3.63707e-22
20.5655 3.62064e-22
20.6121 3.60429e-22
20.6588 3.58802e-22
20.7056 3.57181e-22
20.7526 3.55568e-22
20.7996 3.53963e-22
20.8467 3.52364e-22
20.894 3.50773e-22
20.9414 3.49189e-22
20.9888 3.47612e-22
21.0364 3.46043e-22
21.0841 3.4448e-22
21.1319 3.42925e-22
21.1798 3.41376e-22
21.2278 3.39835e-22
21.2759 3.383e-22
21.3241 3.36773e-22
21.3724 3.35252e-22
21.4209 3.33738e-22
21.4694 3.32231e-22
21.5181 3.30731e-22
21.5669 3.29238e-22
21.6158 3.27751e-22
21.6648 3.26271e-22
21.7139 3.24798e-22
21.7631 3.23332e-22
21.8124 3.21872e-22
21.8619 3.20418e-22
21.9114 3.18972e-22
21.9611 3.17531e-22
22.0109 3.16098e-22
22.0607 3.14671e-22
22.1107 3.1325e-22
22.1609 3.11836e-22
22.2111 3.10428e-22
22.2614 3.09026e-22
22.3119 3.07631e-22
22.3625 3.06242e-22
22.4132 3.04859e-22
22.464 3.03483e-22
22.5149 3.02113e-22
22.5659 3.00749e-22
22.6171 2.99391e-22
22.6683 2.9804e-22
22.7197 2.96694e-22
22.7712 2.95355e-22
22.8228 2.94021e-22
22.8746 2.92694e-22
22.9264 2.91373e-22
22.9784 2.90057e-22
23.0304 2.88748e-22
23.0827 2.87444e-22
23.135 2.86147e-22
23.1874 2.84855e-22
23.24 2.83569e-22
23.2926 2.82289e-22
23.3454 2.81015e-22
23.3984 2.79746e-22
23.4514 2.78483e-22
23.5045 2.77226e-22
23.5578 2.75975e-22
23.6112 2.74729e-22
23.6647 2.73489e-22
23.7184 2.72255e-22
23.7721 2.71026e-22
23.826 2.69802e-22
23.88 2.68585e-22
23.9342 2.67372e-22
23.9884 2.66165e-22
24.0428 2.64964e-22
24.0973 2.63768e-22
24.1519 2.62578e-22
24.2066 2.61392e-22
24.2615 2.60213e-22
24.3165 2.59038e-22
24.3716 2.57869e-22
24.4269 2.56705e-22
24.4822 2.55547e-22
24.5377 2.54393e-22
24.5933 2.53245e-22
24.6491 2.52102e-22
24.705 2.50965e-22
24.7609 2.49832e-22
24.8171 2.48704e-22
24.8733 2.47582e-22
24.9297 2.46465e-22
24.9862 2.45352e-22
25.0428 2.44245e-22
25.0996 2.43143e-22
25.1565 2.42046e-22
25.2135 2.40954e-22
25.2707 2.39866e-22
25.328 2.38784e-22
25.3854 2.37706e-22
25.4429 2.36634e-22
25.5006 2.35566e-22
25.5584 2.34503e-22
25.6163 2.33445e-22
25.6744 2.32391e-22
25.7326 2.31343e-22
25.7909 2.30299e-22
25.8493 2.2926e-22
25.9079 2.28225e-22
25.9667 2.27196e-22
26.0255 2.26171e-22
26.0845 2.2515e-22
26.1436 2.24134e-22
26.2029 2.23123e-22
26.2623 2.22116e-22
26.3218 2.21114e-22
26.3815 2.20117e-22
26.4413 2.19124e-22
26.5012 2.18135e-22
26.5613 2.17151e-22
26.6215 2.16171e-22
26.6818 2.15196e-22
26.7423 2.14225e-22
26.8029 2.13259e-22
26.8637 2.12297e-22
26.9246 2.11339e-22
26.9856 2.10386e-22
27.0467 2.09437e-22
27.1081 2.08492e-22
27.1695 2.07552e-22
27.2311 2.06615e-22
27.2928 2.05683e-22
27.3547 2.04756e-22
27.4167 2.03832e-22
27.4788 2.02913e-22
27.5411 2.01997e-22
27.6035 2.01086e-22
27.6661 2.00179e-22
27.7288 1.99277e-22
27.7917 1.98378e-22
27.8546 1.97483e-22
27.9178 1.96592e-22
27.9811 1.95706e-22
28.0445 1.94823e-22
28.1081 1.93945e-22
28.1718 1.9307e-22
28.2356 1.92199e-22
28.2996 1.91333e-22
28.3638 1.9047e-22
28.4281 1.89611e-22
28.4925 1.88756e-22
28.5571 1.87905e-22
28.6218 1.87057e-22
28.6867 1.86214e-22
28.7517 1.85374e-22
28.8169 1.84538e-22
28.8822 1.83706e-22
28.9477 1.82878e-22
29.0133 1.82054e-22
29.079 1.81233e-22
29.1449 1.80416e-22
29.211 1.79602e-22
29.2772 1.78793e-22
29.3436 1.77986e-22
29.4101 1.77184e-22
29.4768 1.76385e-22
29.5436 1.7559e-22
29.6105 1.74799e-22
29.6776 1.74011e-22
29.7449 1.73226e-22
29.8123 1.72445e-22
29.8799 1.71668e-22
29.9476 1.70894e-22
30.0155 1.70124e-22
30.0836 1.69357e-22
30.1517 1.68594e-22
30.2201 1.67834e-22
30.2886 1.67078e-22
30.3572 1.66325e-22
30.426 1.65575e-22
30.495 1.64829e-22
30.5641 1.64086e-22
30.6334 1.63346e-22
30.7028 1.6261e-22
30.7724 1.61878e-22
30.8422 1.61148e-22
30.9121 1.60422e-22
30.9822 1.59699e-22
31.0524 1.5898e-22
31.1228 1.58263e-22
31.1933 1.5755e-22
31.264 1.5684e-22
31.3349 1.56134e-22
31.4059 1.5543e-22
31.4771 1.5473e-22
31.5484 1.54033e-22
31.62 1.53339e-22
31.6916 1.52648e-22
31.7635 1.5196e-22
31.8355 1.51276e-22
31.9076 1.50594e-22
31.9799 1.49916e-22
32.0524 1.49241e-22
32.1251 1.48569e-22
32.1979 1.47899e-22
32.2709 1.47233e-22
32.344 1.4657e-22
32.4173 1.4591e-22
32.4908 1.45253e-22
32.5645 1.44599e-22
32.6383 1.43948e-22
32.7122 1.43299e-22
32.7864 1.42654e-22
32.8607 1.42012e-22
32.9352 1.41372e-22
33.0098 1.40736e-22
33.0847 1.40102e-22
33.1597 1.39471e-22
33.2348 1.38843e-22
33.3101 1.38218e-22
33.3857 1.37596e-22
33.4613 1.36977e-22
33.5372 1.3636e-22
33.6132 1.35746e-22
33.6894 1.35135e-22
33.7657 1.34527e-22
33.8423 1.33921e-22
33.919 1.33318e-22
33.9959 1.32718e-22
34.0729 1.32121e-22
34.1501 1.31526e-22
34.2276 1.30934e-22
34.3051 1.30345e-22
34.3829 1.29759e-22
34.4608 1.29175e-22
34.5389 1.28593e-22
34.6172 1.28015e-22
34.6957 1.27439e-22
34.7743 1.26865e-22
34.8532 1.26295e-22
34.9322 1.25726e-22
35.0113 1.25161e-22
35.0907 1.24598e-22
35.1702 1.24037e-22
35.2499 1.23479e-22
35.3298 1.22924e-22
35.4099 1.22371e-22
35.4902 1.21821e-22
35.5706 1.21273e-22
35.6513 1.20727e-22
35.7321 1.20184e-22
35.8131 1.19644e-22
35.8942 1.19106e-22
35.9756 1.1857e-22
36.0571 1.18037e-22
36.1389 1.17506e-22
36.2208 1.16978e-22
36.3029 1.16452e-22
36.3852 1.15928e-22
36.4676 1.15407e-22
36.5503 1.14888e-22
36.6331 1.14372e-22
36.7162 1.13858e-22
36.7994 1.13346e-22
36.8828 1.12837e-22
36.9664 1.1233e-22
37.0502 1.11825e-22
37.1342 1.11322e-22
37.2184 1.10822e-22
37.3027 1.10324e-22
37.3873 1.09828e-22
37.472 1.09335e-22
37.5569 1.08844e-22
37.6421 1.08354e-22
37.7274 1.07868e-22
37.8129 1.07383e-22
37.8986 1.06901e-22
37.9845 1.06421e-22
38.0706 1.05943e-22
38.1569 1.05467e-22
38.2434 1.04993e-22
38.3301 1.04522e-22
38.417 1.04052e-22
38.504 1.03585e-22
38.5913 1.0312e-22
38.6788 1.02657e-22
38.7665 1.02196e-22
38.8543 1.01737e-22
38.9424 1.0128e-22
39.0307 1.00826e-22
39.1191 1.00373e-22
39.2078 9.99227e-23
39.2967 9.94742e-23
39.3857 9.90278e-23
39.475 9.85834e-23
39.5645 9.8141e-23
39.6542 9.77006e-23
39.7441 9.72622e-23
39.8341 9.68259e-23
39.9244 9.63915e-23
40.0149 9.5959e-23
40.1056 9.55286e-23
40.1965 9.51001e-23
40.2876 9.46735e-23
40.379 9.42489e-23
40.4705 9.38263e-23
40.5622 9.34055e-23
40.6542 9.29867e-23
40.7463 9.25698e-23
40.8387 9.21547e-23
40.9312 9.17416e-23
41.024 9.13303e-23
41.117 9.09209e-23
41.2102 9.05134e-23
41.3036 9.01077e-23
41.3972 8.97039e-23
41.4911 8.93019e-23
41.5851 8.89017e-23
41.6794 8.85034e-23
41.7738 8.81069e-23
41.8685 8.77121e-23
41.9634 8.73192e-23
42.0585 8.69281e-23
42.1539 8.65387e-23
42.2494 8.61512e-23
42.3452 8.57653e-23
42.4412 8.53813e-23
42.5374 8.4999e-23
42.6338 8.46184e-23
42.7304 8.42396e-23
42.8273 8.38625e-23
42.9243 8.34871e-23
43.0216 8.31134e-23
43.1191 8.27414e-23
43.2169 8.23712e-23
43.3148 8.20026e-23
43.413 8.16357e-23
43.5114 8.12704e-23
43.61 8.09069e-23
43.7089 8.0545e-23
43.808 8.01847e-23
43.9073 7.98261e-23
44.0068 7.94691e-23
44.1065 7.91137e-23
44.2065 7.876e-23
44.3067 7.84079e-23
44.4071 7.80574e-23
44.5078 7.77084e-23
44.6087 7.73611e-23
44.7098 7.70154e-23
44.8111 7.66712e-23
44.9127 7.63286e-23
45.0145 7.59876e-23
45.1165 7.56481e-23
45.2188 7.53102e-23
45.3213 7.49738e-23
45.424 7.4639e-23
45.527 7.43057e-23
45.6302 7.39739e-23
45.7336 7.36436e-23
45.8373 7.33149e-23
45.9412 7.29876e-23
46.0453 7.26618e-23
46.1497 7.23376e-23
46.2543 7.20148e-23
46.3591 7.16934e-23
46.4642 7.13736e-23
46.5695 7.10552e-23
46.6751 7.07383e-23
46.7809 7.04228e-23
46.8869 7.01087e-23
46.9932 6.97961e-23
47.0997 6.9485e-23
47.2064 6.91752e-23
47.3134 6.88669e-23
47.4207 6.856e-23
47.5282 6.82544e-23
47.6359 6.79503e-23
47.7439 6.76476e-23
47.8521 6.73462e-23
47.9605 6.70463e-23
48.0693 6.67477e-23
48.1782 6.64505e-23
48.2874 6.61546e-23
48.3969 6.58601e-23
48.5066 6.55669e-23
48.6165 6.52751e-23
48.7267 6.49846e-23
48.8372 6.46955e-23
48.9479 6.44077e-23
49.0588 6.41212e-23
49.17 6.3836e-23
49.2814 6.35521e-23
49.3932 6.32695e-23
49.5051 6.29882e-23
49.6173 6.27082e-23
49.7298 6.24295e-23
49.8425 6.21521e-23
49.9555 6.18759e-23
50.0687 6.1601e-23
50.1822 6.13274e-23
50.2959 6.1055e-23
50.4099 6.07839e-23
50.5242 6.0514e-23
50.6387 6.02454e-23
50.7535 5.9978e-23
50.8685 5.97118e-23
50.9838 5.94469e-23
51.0994 5.91831e-23
51.2152 5.89206e-23
51.3313 5.86593e-23
51.4477 5.83992e-23
51.5643 5.81403e-23
51.6812 5.78825e-23
51.7983 5.7626e-23
51.9157 5.73706e-23
52.0334 5.71164e-23
52.1513 5.68634e-23
52.2695 5.66116e-23
52.388 5.63609e-23
52.5068 5.61113e-23
52.6258 5.58629e-23
52.7451 5.56157e-23
52.8646 5.53696e-23
52.9844 5.51246e-23
53.1045 5.48807e-23
53.2249 5.4638e-23
53.3455 5.43964e-23
53.4665 5.41559e-23
53.5877 5.39165e-23
53.7091 5.36783e-23
53.8309 5.34411e-23
53.9529 5.3205e-23
54.0752 5.297e-23
54.1977 5.27361e-23
54.3206 5.25033e-23
54.4437 5.22715e-23
54.5671 5.20408e-23
54.6908 5.18112e-23
54.8148 5.15826e-23
54.939 5.13551e-23
55.0635 5.11287e-23
55.1883 5.09033e-23
55.3134 5.06789e-23
55.4388 5.04556e-23
55.5645 5.02333e-23
55.6904 5.0012e-23
55.8166 4.97918e-23
55.9432 4.95726e-23
56.07 4.93544e-23
56.1971 4.91372e-23
56.3244 4.8921e-23
56.4521 4.87058e-23
56.5801 4.84916e-23
56.7083 4.82784e-23
56.8368 4.80662e-23
56.9657 4.7855e-23
57.0948 4.76447e-23
57.2242 4.74354e-23
57.3539 4.72271e-23
57.4839 4.70198e-23
57.6142 4.68134e-23
57.7448 4.6608e-23
57.8757 4.64036e-23
58.0069 4.62e-23
58.1383 4.59975e-23
58.2701 4.57958e-23
58.4022 4.55952e-23
58.5346 4.53954e-23
58.6673 4.51966e-23
58.8002 4.49987e-23
58.9335 4.48017e-23
59.0671 4.46056e-23
59.201 4.44105e-23
59.3352 4.42162e-23
59.4697 4.40229e-23
59.6045 4.38305e-23
59.7396 4.36389e-23
59.875 4.34483e-23
60.0107 4.32585e-23
60.1467 4.30697e-23
60.283 4.28817e-23
60.4197 4.26946e-23
60.5566 4.25083e-23
60.6939 4.23229e-23
60.8315 4.21384e-23
60.9693 4.19548e-23
61.1075 4.1772e-23
61.246 4.15901e-23
61.3849 4.1409e-23
61.524 4.12288e-23
61.6635 4.10494e-23
61.8032 4.08708e-23
61.9433 4.06931e-23
62.0837 4.05162e-23
62.2244 4.03402e-23
62.3655 4.0165e-23
62.5068 3.99906e-23
62.6485 3.9817e-23
62.7905 3.96442e-23
62.9328 3.94722e-23
63.0755 3.93011e-23
63.2185 3.91307e-23
63.3618 3.89612e-23
63.5054 3.87924e-23
63.6493 3.86244e-23
63.7936 3.84573e-23
63.9382 3.82909e-23
64.0831 3.81253e-23
64.2284 3.79605e-23
64.3739 3.77964e-23
64.5199 3.76331e-23
64.6661 3.74706e-23
64.8127 3.73089e-23
64.9596 3.71479e-23
65.1068 3.69877e-23
65.2544 3.68282e-23
65.4023 3.66695e-23
65.5506 3.65116e-23
65.6991 3.63544e-23
65.8481 3.61979e-23
65.9973 3.60422e-23
66.1469 3.58872e-23
66.2968 3.57329e-23
66.4471 3.55794e-23
66.5977 3.54266e-23
66.7487 3.52745e-23
66.9 3.51231e-23
67.0516 3.49725e-23
67.2036 3.48226e-23
67.3559 3.46734e-23
67.5086 3.45249e-23
67.6616 3.43771e-23
67.815 3.423e-23
67.9687 3.40836e-23
68.1227 3.39379e-23
68.2771 3.37929e-23
68.4319 3.36485e-23
68.587 3.35049e-23
68.7425 3.3362e-23
68.8983 3.32197e-23
69.0545 3.30781e-23
69.211 3.29372e-23
69.3679 3.27969e-23
69.5251 3.26574e-23
69.6827 3.25185e-23
69.8406 3.23802e-23
69.9989 3.22427e-23
70.1576 3.21057e-23
70.3166 3.19695e-23
70.476 3.18339e-23
70.6357 3.16989e-23
70.7958 3.15646e-23
70.9563 3.14309e-23
71.1171 3.12979e-23
71.2783 3.11655e-23
71.4399 3.10337e-23
71.6018 3.09026e-23
71.7641 3.07721e-23
71.9268 3.06423e-23
72.0898 3.0513e-23
72.2532 3.03844e-23
72.417 3.02564e-23
72.5811 3.0129e-23
72.7457 3.00023e-23
72.9106 2.98761e-23
73.0758 2.97506e-23
73.2415 2.96256e-23
73.4075 2.95013e-23
73.5739 2.93776e-23
73.7406 2.92544e-23
73.9078 2.91319e-23
74.0753 2.901e-23
74.2432 2.88886e-23
74.4115 2.87679e-23
74.5801 2.86477e-23
74.7492 2.85281e-23
74.9186 2.84091e-23
75.0884 2.82907e-23
75.2586 2.81728e-23
75.4292 2.80555e-23
75.6002 2.79388e-23
75.7715 2.78227e-23
75.9433 2.77071e-23
76.1154 2.75921e-23
76.2879 2.74776e-23
76.4609 2.73638e-23
76.6342 2.72504e-23
76.8079 2.71377e-23
76.982 2.70254e-23
77.1565 2.69138e-23
77.3313 2.68026e-23
77.5066 2.66921e-23
77.6823 2.6582e-23
77.8584 2.64725e-23
78.0349 2.63636e-23
78.2117 2.62552e-23
78.389 2.61473e-23
78.5667 2.60399e-23
78.7448 2.59331e-23
78.9233 2.58268e-23
79.1022 2.5721e-23
79.2815 2.56158e-23
79.4612 2.5511e-23
79.6413 2.54068e-23
79.8218 2.53031e-23
80.0027 2.52e-23
80.1841 2.50973e-23
80.3658 2.49951e-23
80.548 2.48935e-23
80.7305 2.47923e-23
80.9135 2.46917e-23
81.0969 2.45916e-23
81.2807 2.44919e-23
81.465 2.43928e-23
81.6496 2.42941e-23
81.8347 2.4196e-23
82.0202 2.40983e-23
82.2061 2.40011e-23
82.3924 2.39045e-23
82.5792 2.38083e-23
82.7664 2.37125e-23
82.954 2.36173e-23
83.142 2.35225e-23
83.3304 2.34283e-23
83.5193 2.33345e-23
83.7086 2.32411e-23
83.8984 2.31483e-23
84.0885 2.30559e-23
84.2791 2.29639e-23
84.4702 2.28725e-23
84.6616 2.27815e-23
84.8535 2.26909e-23
85.0459 2.26009e-23
85.2386 2.25112e-23
85.4318 2.24221e-23
85.6255 2.23334e-23
85.8196 2.22451e-23
86.0141 2.21573e-23
86.2091 2.20699e-23
86.4045 2.1983e-23
86.6003 2.18965e-23
86.7966 2.18105e-23
86.9933 2.17249e-23
87.1905 2.16398e-23
87.3881 2.15551e-23
87.5862 2.14708e-23
87.7848 2.13869e-23
87.9837 2.13035e-23
88.1832 2.12205e-23
88.383 2.1138e-23
88.5834 2.10559e-23
88.7842 2.09741e-23
88.9854 2.08929e-23
89.1871 2.0812e-23
89.3893 2.07316e-23
89.5919 2.06515e-23
89.7949 2.05719e-23
89.9985 2.04927e-23
90.2025 2.0414e-23
90.4069 2.03356e-23
90.6118 2.02576e-23
90.8172 2.01801e-23
91.0231 2.01029e-23
91.2294 2.00262e-23
91.4362 1.99498e-23
91.6434 1.98739e-23
91.8512 1.97984e-23
92.0593 1.97232e-23
92.268 1.96485e-23
92.4772 1.95741e-23
92.6868 1.95002e-23
92.8969 1.94266e-23
93.1074 1.93534e-23
93.3185 1.92806e-23
93.53 1.92082e-23
93.742 1.91362e-23
93.9545 1.90646e-23
94.1674 1.89933e-23
94.3809 1.89224e-23
94.5948 1.88519e-23
94.8092 1.87818e-23
95.0241 1.87121e-23
95.2395 1.86427e-23
95.4554 1.85737e-23
95.6717 1.85051e-23
95.8886 1.84368e-23
96.1059 1.83689e-23
96.3238 1.83014e-23
96.5421 1.82342e-23
96.7609 1.81674e-23
96.9802 1.8101e-23
97.2001 1.80349e-23
97.4204 1.79692e-23
97.6412 1.79038e-23
97.8625 1.78388e-23
98.0843 1.77742e-23
98.3067 1.77099e-23
98.5295 1.76459e-23
98.7528 1.75823e-23
98.9767 1.75191e-23
99.201 1.74562e-23
99.4259 1.73936e-23
99.6512 1.73314e-23
99.8771 1.72696e-23
100.103 1.7208e-23
100.33 1.71469e-23
100.558 1.7086e-23
100.786 1.70255e-23
101.014 1.69653e-23
101.243 1.69055e-23
101.473 1.6846e-23
101.703 1.67868e-23
101.933 1.6728e-23
102.164 1.66695e-23
102.396 1.66113e-23
102.628 1.65535e-23
102.86 1.64959e-23
103.094 1.64387e-23
103.327 1.63818e-23
103.561 1.63253e-23
103.796 1.6269e-23
104.031 1.62131e-23
104.267 1.61575e-23
104.504 1.61022e-23
104.741 1.60472e-23
104.978 1.59926e-23
105.216 1.59382e-23
105.454 1.58842e-23
105.693 1.58305e-23
105.933 1.5777e-23
106.173 1.57239e-23
106.414 1.56711e-23
106.655 1.56186e-23
106.897 1.55664e-23
107.139 1.55145e-23
107.382 1.54629e-23
107.625 1.54117e-23
107.869 1.53607e-23
108.114 1.531e-23
108.359 1.52596e-23
108.604 1.52095e-23
108.85 1.51596e-23
109.097 1.51101e-23
109.344 1.50609e-23
109.592 1.50119e-23
109.841 1.49633e-23
110.09 1.49149e-23
110.339 1.48669e-23
110.589 1.48191e-23
110.84 1.47716e-23
111.091 1.47243e-23
111.343 1.46774e-23
111.595 1.46307e-23
111.848 1.45844e-23
112.102 1.45383e-23
112.356 1.44924e-23
112.611 1.44469e-23
112.866 1.44016e-23
113.122 1.43566e-23
113.378 1.43119e-23
113.635 1.42674e-23
113.893 1.42232e-23
114.151 1.41793e-23
114.41 1.41357e-23
114.669 1.40923e-23
114.929 1.40492e-23
115.189 1.40063e-23
115.45 1.39637e-23
115.712 1.39214e-23
115.974 1.38793e-23
116.237 1.38375e-23
116.501 1.3796e-23
116.765 1.37547e-23
117.029 1.37137e-23
117.295 1.36729e-23
117.561 1.36324e-23
117.827 1.35921e-23
118.094 1.35521e-23
118.362 1.35124e-23
118.63 1.34729e-23
118.899 1.34336e-23
119.168 1.33946e-23
119.439 1.33558e-23
119.709 1.33173e-23
119.981 1.32791e-23
120.253 1.3241e-23
120.525 1.32033e-23
120.798 1.31657e-23
121.072 1.31284e-23
121.347 1.30914e-23
121.622 1.30545e-23
121.897 1.3018e-23
122.174 1.29816e-23
122.451 1.29455e-23
122.728 1.29096e-23
123.006 1.2874e-23
123.285 1.28386e-23
123.565 1.28034e-23
123.845 1.27685e-23
124.125 1.27338e-23
124.407 1.26993e-23
124.689 1.26651e-23
124.971 1.2631e-23
125.255 1.25972e-23
125.538 1.25637e-23
125.823 1.25303e-23
126.108 1.24972e-23
126.394 1.24643e-23
126.681 1.24316e-23
126.968 1.23991e-23
127.255 1.23669e-23
127.544 1.23349e-23
127.833 1.23031e-23
128.123 1.22715e-23
128.413 1.22401e-23
128.704 1.2209e-23
128.996 1.2178e-23
129.288 1.21473e-23
129.581 1.21168e-23
129.875 1.20864e-23
130.17 1.20564e-23
130.465 1.20265e-23
130.76 1.19968e-23
131.057 1.19673e-23
131.354 1.1938e-23
131.651 1.1909e-23
131.95 1.18801e-23
132.249 1.18515e-23
132.549 1.1823e-23
132.849 1.17948e-23
133.15 1.17667e-23
133.452 1.17389e-23
133.755 1.17112e-23
134.058 1.16838e-23
134.362 1.16565e-23
134.666 1.16294e-23
134.971 1.16026e-23
135.277 1.15759e-23
135.584 1.15494e-23
135.891 1.15231e-23
136.199 1.1497e-23
136.508 1.14711e-23
136.817 1.14454e-23
137.128 1.14199e-23
137.438 1.13946e-23
137.75 1.13694e-23
138.062 1.13445e-23
138.375 1.13197e-23
138.689 1.12951e-23
139.003 1.12707e-23
139.318 1.12465e-23
139.634 1.12224e-23
139.95 1.11986e-23
140.268 1.11749e-23
140.586 1.11514e-23
140.904 1.11281e-23
141.224 1.11049e-23
141.544 1.1082e-23
141.865 1.10592e-23
142.186 1.10366e-23
142.508 1.10141e-23
142.831 1.09919e-23
143.155 1.09698e-23
143.48 1.09479e-23
143.805 1.09261e-23
144.131 1.09045e-23
144.457 1.08831e-23
144.785 1.08619e-23
145.113 1.08408e-23
145.442 1.08199e-23
145.772 1.07992e-23
146.102 1.07786e-23
146.433 1.07582e-23
146.765 1.0738e-23
147.098 1.07179e-23
147.431 1.0698e-23
147.765 1.06782e-23
148.1 1.06586e-23
148.436 1.06392e-23
148.772 1.06199e-23
149.11 1.06008e-23
149.448 1.05819e-23
149.786 1.05631e-23
150.126 1.05444e-23
150.466 1.05259e-23
150.807 1.05076e-23
151.149 1.04894e-23
151.492 1.04714e-23
151.835 1.04535e-23
152.179 1.04358e-23
152.524 1.04182e-23
152.87 1.04008e-23
153.216 1.03835e-23
153.564 1.03664e-23
153.912 1.03494e-23
154.261 1.03326e-23
154.61 1.03159e-23
154.961 1.02994e-23
155.312 1.0283e-23
155.664 1.02667e-23
156.017 1.02506e-23
156.37 1.02347e-23
156.725 1.02188e-23
157.08 1.02032e-23
157.436 1.01876e-23
157.793 1.01722e-23
158.151 1.0157e-23
158.509 1.01418e-23
158.868 1.01269e-23
159.229 1.0112e-23
159.589 1.00973e-23
159.951 1.00827e-23
160.314 1.00683e-23
160.677 1.0054e-23
161.041 1.00398e-23
161.406 1.00258e-23
161.772 1.00119e-23
162.139 9.99808e-24
162.506 9.98444e-24
162.875 9.97092e-24
163.244 9.95754e-24
163.614 9.94428e-24
163.985 9.93115e-24
164.356 9.91815e-24
164.729 9.90527e-24
165.102 9.89253e-24
165.477 9.8799e-24
165.852 9.8674e-24
166.228 9.85503e-24
166.604 9.84278e-24
166.982 9.83065e-24
167.361 9.81864e-24
167.74 9.80676e-24
168.12 9.795e-24
168.501 9.78335e-24
168.883 9.77183e-24
169.266 9.76042e-24
169.65 9.74914e-24
170.034 9.73797e-24
170.419 9.72692e-24
170.806 9.71598e-24
171.193 9.70516e-24
171.581 9.69446e-24
171.97 9.68387e-24
172.36 9.67339e-24
172.75 9.66303e-24
173.142 9.65278e-24
173.534 9.64264e-24
173.928 9.63262e-24
174.322 9.6227e-24
174.717 9.6129e-24
175.113 9.6032e-24
175.51 9.59362e-24
175.908 9.58414e-24
176.307 9.57477e-24
176.706 9.56551e-24
177.107 9.55636e-24
177.508 9.54731e-24
177.91 9.53837e-24
178.314 9.52953e-24
178.718 9.5208e-24
179.123 9.51217e-24
179.529 9.50365e-24
179.936 9.49523e-24
180.344 9.48691e-24
180.753 9.47869e-24
181.162 9.47058e-24
181.573 9.46256e-24
181.984 9.45465e-24
182.397 9.44683e-24
182.81 9.43911e-24
183.225 9.4315e-24
183.64 9.42398e-24
184.056 9.41656e-24
184.473 9.40923e-24
184.892 9.402e-24
185.311 9.39487e-24
185.731 9.38784e-24
186.152 9.3809e-24
186.574 9.37405e-24
186.997 9.3673e-24
187.42 9.36064e-24
187.845 9.35407e-24
188.271 9.3476e-24
188.698 9.34122e-24
189.125 9.33493e-24
189.554 9.32873e-24
189.984 9.32262e-24
190.414 9.3166e-24
190.846 9.31067e-24
191.279 9.30483e-24
191.712 9.29908e-24
192.147 9.29342e-24
192.582 9.28784e-24
193.019 9.28236e-24
193.456 9.27696e-24
193.895 9.27164e-24
194.334 9.26641e-24
194.775 9.26127e-24
195.216 9.25621e-24
195.659 9.25124e-24
196.102 9.24635e-24
196.547 9.24154e-24
196.992 9.23682e-24
197.439 9.23218e-24
197.886 9.22762e-24
198.335 9.22315e-24
198.784 9.21875e-24
199.235 9.21444e-24
199.686 9.21021e-24
200.139 9.20605e-24
200.593 9.20198e-24
201.047 9.19799e-24
201.503 9.19408e-24
201.96 9.19024e-24
202.418 9.18648e-24
202.876 9.1828e-24
203.336 9.1792e-24
203.797 9.17568e-24
204.259 9.17223e-24
204.722 9.16886e-24
205.186 9.16556e-24
205.651 9.16234e-24
206.117 9.1592e-24
206.585 9.15613e-24
207.053 9.15313e-24
207.522 9.15021e-24
207.992 9.14736e-24
208.464 9.14458e-24
208.936 9.14188e-24
209.41 9.13925e-24
209.885 9.13669e-24
210.36 9.13421e-24
210.837 9.13179e-24
211.315 9.12945e-24
211.794 9.12717e-24
212.274 9.12497e-24
212.755 9.12284e-24
213.238 9.12078e-24
213.721 9.11878e-24
214.205 9.11686e-24
214.691 9.115e-24
215.177 9.11321e-24
215.665 9.1115e-24
216.154 9.10984e-24
216.644 9.10826e-24
217.135 9.10674e-24
217.627 9.10529e-24
218.12 9.10391e-24
218.615 9.10259e-24
219.11 9.10134e-24
219.607 9.10015e-24
220.105 9.09903e-24
220.604 9.09798e-24
221.104 9.09698e-24
221.605 9.09606e-24
222.107 9.09519e-24
222.611 9.09439e-24
223.115 9.09366e-24
223.621 9.09299e-24
224.128 9.09238e-24
224.636 9.09183e-24
225.145 9.09135e-24
225.655 9.09092e-24
226.167 9.09056e-24
226.679 9.09026e-24
227.193 9.09002e-24
227.708 9.08985e-24
228.224 9.08973e-24
228.742 9.08968e-24
229.26 9.08968e-24
229.78 9.08974e-24
230.301 9.08987e-24
230.823 9.09005e-24
231.346 9.0903e-24
231.87 9.0906e-24
232.396 9.09096e-24
232.923 9.09138e-24
233.45 9.09185e-24
233.98 9.09239e-24
234.51 9.09298e-24
235.042 9.09363e-24
235.574 9.09434e-24
236.108 9.09511e-24
236.643 9.09593e-24
237.18 9.09681e-24
237.717 9.09774e-24
238.256 9.09873e-24
238.796 9.09978e-24
239.338 9.10088e-24
239.88 9.10204e-24
240.424 9.10325e-24
240.969 9.10452e-24
241.515 9.10585e-24
242.062 9.10723e-24
242.611 9.10866e-24
243.161 9.11015e-24
243.712 9.11169e-24
244.264 9.11328e-24
244.818 9.11493e-24
245.373 9.11664e-24
245.929 9.11839e-24
246.487 9.1202e-24
247.045 9.12207e-24
247.605 9.12398e-24
248.167 9.12595e-24
248.729 9.12797e-24
249.293 9.13004e-24
249.858 9.13217e-24
250.424 9.13434e-24
250.992 9.13657e-24
251.561 9.13885e-24
252.131 9.14118e-24
252.702 9.14357e-24
253.275 9.146e-24
253.849 9.14849e-24
254.425 9.15102e-24
255.001 9.15361e-24
255.579 9.15624e-24
256.159 9.15893e-24
256.739 9.16167e-24
257.321 9.16446e-24
257.904 9.16729e-24
258.489 9.17018e-24
259.075 9.17312e-24
259.662 9.1761e-24
260.251 9.17914e-24
260.841 9.18222e-24
261.432 9.18536e-24
262.024 9.18854e-24
262.618 9.19177e-24
263.214 9.19505e-24
263.81 9.19838e-24
264.408 9.20176e-24
265.008 9.20518e-24
265.608 9.20866e-24
266.21 9.21218e-24
266.814 9.21575e-24
267.418 9.21936e-24
268.025 9.22303e-24
268.632 9.22674e-24
269.241 9.2305e-24
269.851 9.23431e-24
270.463 9.23816e-24
271.076 9.24206e-24
271.69 9.24601e-24
272.306 9.25001e-24
272.923 9.25405e-24
273.542 9.25814e-24
274.162 9.26228e-24
274.784 9.26646e-24
275.406 9.27069e-24
276.031 9.27496e-24
276.656 9.27928e-24
277.283 9.28365e-24
277.912 9.28806e-24
278.542 9.29252e-24
279.173 9.29703e-24
279.806 9.30158e-24
280.44 9.30617e-24
281.076 9.31082e-24
281.713 9.3155e-24
282.351 9.32024e-24
282.991 9.32502e-24
283.633 9.32984e-24
284.276 9.33471e-24
284.92 9.33962e-24
285.566 9.34458e-24
286.213 9.34959e-24
286.862 9.35463e-24
287.512 9.35973e-24
288.164 9.36487e-24
288.817 9.37005e-24
289.472 9.37528e-24
290.128 9.38055e-24
290.785 9.38587e-24
291.444 9.39123e-24
292.105 9.39664e-24
292.767 9.40209e-24
293.431 9.40758e-24
294.096 9.41312e-24
294.763 9.4187e-24
295.431 9.42433e-24
296.1 9.43e-24
296.771 9.43572e-24
297.444 9.44148e-24
298.118 9.44728e-24
298.794 9.45313e-24
299.471 9.45902e-24
300.15 9.46496e-24
300.83 9.47094e-24
301.512 9.47696e-24
302.196 9.48303e-24
302.881 9.48914e-24
303.567 9.49529e-24
304.255 9.50149e-24
304.945 9.50773e-24
305.636 9.51401e-24
306.329 9.52034e-24
307.023 9.52671e-24
307.719 9.53313e-24
308.417 9.53958e-24
309.116 9.54609e-24
309.816 9.55263e-24
310.519 9.55922e-24
311.222 9.56585e-24
311.928 9.57252e-24
312.635 9.57924e-24
313.344 9.586e-24
314.054 9.59281e-24
314.766 9.59966e-24
315.479 9.60655e-24
316.194 9.61348e-24
316.911 9.62046e-24
317.629 9.62748e-24
318.349 9.63454e-24
319.071 9.64165e-24
319.794 9.6488e-24
320.519 9.65599e-24
321.245 9.66323e-24
321.973 9.6705e-24
322.703 9.67783e-24
323.435 9.68519e-24
324.168 9.6926e-24
324.903 9.70005e-24
325.639 9.70754e-24
326.377 9.71508e-24
327.117 9.72266e-24
327.858 9.73028e-24
328.601 9.73795e-24
329.346 9.74566e-24
330.093 9.75341e-24
330.841 9.76121e-24
331.591 9.76905e-24
332.343 9.77693e-24
333.096 9.78485e-24
333.851 9.79282e-24
334.608 9.80083e-24
335.366 9.80888e-24
336.126 9.81698e-24
336.888 9.82512e-24
337.652 9.8333e-24
338.417 9.84153e-24
339.184 9.8498e-24
339.953 9.85811e-24
340.723 9.86646e-24
341.496 9.87486e-24
342.27 9.88331e-24
343.046 9.89179e-24
343.823 9.90032e-24
344.602 9.90889e-24
345.384 9.91751e-24
346.166 9.92616e-24
346.951 9.93486e-24
347.737 9.94361e-24
348.526 9.9524e-24
349.316 9.96123e-24
350.107 9.9701e-24
350.901 9.97902e-24
351.696 9.98798e-24
352.493 9.99699e-24
353.292 1.0006e-23
354.093 1.00151e-23
354.896 1.00243e-23
355.7 1.00334e-23
356.507 1.00427e-23
357.315 1.00519e-23
358.125 1.00612e-23
358.936 1.00706e-23
359.75 1.008e-23
360.565 1.00894e-23
361.383 1.00989e-23
362.202 1.01085e-23
363.023 1.0118e-23
363.845 1.01276e-23
364.67 1.01373e-23
365.497 1.0147e-23
366.325 1.01568e-23
367.156 1.01666e-23
367.988 1.01764e-23
368.822 1.01863e-23
369.658 1.01962e-23
370.496 1.02062e-23
371.336 1.02162e-23
372.177 1.02262e-23
373.021 1.02364e-23
373.866 1.02465e-23
374.714 1.02567e-23
375.563 1.02669e-23
376.414 1.02772e-23
377.268 1.02875e-23
378.123 1.02979e-23
378.98 1.03083e-23
379.839 1.03188e-23
380.7 1.03293e-23
381.563 1.03398e-23
382.427 1.03504e-23
383.294 1.03611e-23
384.163 1.03718e-23
385.034 1.03825e-23
385.907 1.03933e-23
386.781 1.04041e-23
387.658 1.0415e-23
388.537 1.04259e-23
389.417 1.04368e-23
390.3 1.04478e-23
391.185 1.04589e-23
392.071 1.047e-23
392.96 1.04811e-23
393.851 1.04923e-23
394.743 1.05035e-23
395.638 1.05148e-23
396.535 1.05261e-23
397.434 1.05375e-23
398.335 1.05489e-23
399.238 1.05604e-23
400.142 1.05719e-23
401.049 1.05834e-23
401.958 1.0595e-23
402.87 1.06067e-23
403.783 1.06184e-23
404.698 1.06301e-23
405.615 1.06419e-23
406.535 1.06537e-23
407.456 1.06656e-23
408.38 1.06775e-23
409.305 1.06895e-23
410.233 1.07015e-23
411.163 1.07136e-23
412.095 1.07257e-23
413.029 1.07378e-23
413.965 1.075e-23
414.903 1.07623e-23
415.844 1.07746e-23
416.786 1.07869e-23
417.731 1.07993e-23
418.678 1.08118e-23
419.627 1.08243e-23
420.578 1.08368e-23
421.531 1.08494e-23
422.487 1.0862e-23
423.445 1.08747e-23
424.404 1.08874e-23
425.366 1.09002e-23
426.33 1.0913e-23
427.297 1.09259e-23
428.265 1.09388e-23
429.236 1.09518e-23
430.209 1.09648e-23
431.184 1.09779e-23
432.161 1.0991e-23
433.141 1.10042e-23
434.123 1.10174e-23
435.107 1.10307e-23
436.093 1.1044e-23
437.082 1.10573e-23
438.072 1.10708e-23
439.065 1.10842e-23
440.06 1.10977e-23
441.058 1.11113e-23
442.058 1.11249e-23
443.06 1.11386e-23
444.064 1.11523e-23
445.07 1.1166e-23
446.079 1.11798e-23
447.09 1.11937e-23
448.104 1.12076e-23
449.119 1.12216e-23
450.137 1.12356e-23
451.158 1.12496e-23
452.18 1.12638e-23
453.205 1.12779e-23
454.232 1.12921e-23
455.262 1.13064e-23
456.294 1.13207e-23
457.328 1.13351e-23
458.365 1.13495e-23
459.404 1.1364e-23
460.445 1.13786e-23
461.489 1.13932e-23
462.535 1.14078e-23
463.583 1.14225e-23
464.634 1.14373e-23
465.687 1.14522e-23
466.743 1.14671e-23
467.801 1.14821e-23
468.861 1.14972e-23
469.924 1.15123e-23
470.989 1.15277e-23
472.056 1.15431e-23
473.126 1.15589e-23
474.199 1.1575e-23
475.274 1.15918e-23
476.351 1.161e-23
477.431 1.16322e-23
478.513 1.16692e-23
479.597 1.18501e-23
480.684 1.30244e-23
481.774 1.17441e-23
482.866 1.17149e-23
483.96 1.172e-23
485.057 1.17317e-23
486.157 1.17455e-23
487.259 1.17602e-23
488.363 1.17754e-23
489.47 1.17909e-23
490.58 1.18066e-23
491.692 1.18224e-23
492.806 1.18383e-23
493.923 1.18543e-23
495.043 1.18704e-23
496.165 1.18866e-23
497.289 1.19028e-23
498.417 1.19191e-23
499.546 1.19355e-23
500.679 1.19519e-23
501.813 1.19684e-23
502.951 1.1985e-23
504.091 1.20016e-23
505.234 1.20182e-23
506.379 1.2035e-23
507.526 1.20517e-23
508.677 1.20686e-23
509.83 1.20855e-23
510.985 1.21024e-23
512.144 1.21194e-23
513.305 1.21365e-23
514.468 1.21536e-23
515.634 1.21708e-23
516.803 1.2188e-23
517.974 1.22053e-23
519.148 1.22226e-23
520.325 1.224e-23
521.504 1.22575e-23
522.687 1.2275e-23
523.871 1.22926e-23
525.059 1.23102e-23
526.249 1.23279e-23
527.442 1.23456e-23
528.637 1.23634e-23
529.835 1.23813e-23
531.036 1.23992e-23
532.24 1.24172e-23
533.446 1.24352e-23
534.656 1.24533e-23
535.867 1.24715e-23
537.082 1.24897e-23
538.299 1.25079e-23
539.52 1.25262e-23
540.742 1.25446e-23
541.968 1.25631e-23
543.197 1.25816e-23
544.428 1.26001e-23
545.662 1.26187e-23
546.899 1.26374e-23
548.138 1.26561e-23
549.381 1.26749e-23
550.626 1.26938e-23
551.874 1.27127e-23
553.125 1.27317e-23
554.379 1.27507e-23
555.635 1.27698e-23
556.895 1.27889e-23
558.157 1.28082e-23
559.422 1.28274e-23
560.69 1.28468e-23
561.961 1.28661e-23
563.235 1.28856e-23
564.511 1.29051e-23
565.791 1.29247e-23
567.073 1.29443e-23
568.359 1.2964e-23
569.647 1.29838e-23
570.938 1.30036e-23
572.232 1.30235e-23
573.529 1.30434e-23
574.829 1.30634e-23
576.132 1.30835e-23
577.438 1.31036e-23
578.747 1.31238e-23
580.059 1.3144e-23
581.374 1.31643e-23
582.691 1.31847e-23
584.012 1.32051e-23
585.336 1.32256e-23
586.663 1.32462e-23
587.992 1.32668e-23
589.325 1.32875e-23
590.661 1.33083e-23
592 1.33291e-23
593.342 1.335e-23
594.687 1.33709e-23
596.034 1.33919e-23
597.385 1.3413e-23
598.74 1.34341e-23
600.097 1.34553e-23
601.457 1.34766e-23
602.82 1.34979e-23
604.187 1.35193e-23
605.556 1.35407e-23
606.929 1.35622e-23
608.304 1.35838e-23
609.683 1.36055e-23
611.065 1.36272e-23
612.45 1.3649e-23
613.838 1.36708e-23
615.23 1.36927e-23
616.624 1.37147e-23
618.022 1.37367e-23
619.423 1.37588e-23
620.827 1.3781e-23
622.234 1.38032e-23
623.644 1.38255e-23
625.058 1.38479e-23
626.475 1.38703e-23
627.895 1.38928e-23
629.318 1.39154e-23
630.744 1.3938e-23
632.174 1.39607e-23
633.607 1.39835e-23
635.043 1.40064e-23
636.482 1.40293e-23
637.925 1.40522e-23
639.371 1.40753e-23
640.82 1.40984e-23
642.273 1.41216e-23
643.729 1.41448e-23
645.188 1.41681e-23
646.65 1.41915e-23
648.116 1.42149e-23
649.585 1.42385e-23
651.057 1.4262e-23
652.533 1.42857e-23
654.012 1.43094e-23
655.494 1.43332e-23
656.98 1.43571e-23
658.469 1.4381e-23
659.962 1.4405e-23
661.458 1.44291e-23
662.957 1.44532e-23
664.46 1.44774e-23
665.966 1.45017e-23
667.475 1.45261e-23
668.988 1.45505e-23
670.505 1.4575e-23
672.024 1.45996e-23
673.548 1.46242e-23
675.074 1.46489e-23
676.604 1.46737e-23
678.138 1.46985e-23
679.675 1.47235e-23
681.216 1.47485e-23
682.76 1.47735e-23
684.307 1.47987e-23
685.859 1.48239e-23
687.413 1.48491e-23
688.971 1.48745e-23
690.533 1.48999e-23
692.098 1.49254e-23
693.667 1.4951e-23
695.239 1.49766e-23
696.815 1.50024e-23
698.394 1.50282e-23
699.977 1.5054e-23
701.564 1.508e-23
703.154 1.5106e-23
704.748 1.51321e-23
706.345 1.51582e-23
707.946 1.51845e-23
709.551 1.52108e-23
711.159 1.52371e-23
712.771 1.52636e-23
714.387 1.52901e-23
716.006 1.53167e-23
717.629 1.53434e-23
719.256 1.53702e-23
720.886 1.5397e-23
722.52 1.54239e-23
724.158 1.54509e-23
725.799 1.5478e-23
727.444 1.55051e-23
729.093 1.55323e-23
730.746 1.55596e-23
732.402 1.5587e-23
734.062 1.56144e-23
735.726 1.56419e-23
737.394 1.56695e-23
739.065 1.56972e-23
740.74 1.5725e-23
742.419 1.57528e-23
744.102 1.57807e-23
745.789 1.58087e-23
747.479 1.58368e-23
749.173 1.58649e-23
750.871 1.58931e-23
752.573 1.59214e-23
754.279 1.59498e-23
755.989 1.59782e-23
757.702 1.60068e-23
759.42 1.60354e-23
761.141 1.60641e-23
762.866 1.60928e-23
764.596 1.61217e-23
766.329 1.61506e-23
768.066 1.61796e-23
769.807 1.62087e-23
771.552 1.62379e-23
773.3 1.62671e-23
775.053 1.62965e-23
776.81 1.63259e-23
778.571 1.63554e-23
780.335 1.6385e-23
782.104 1.64146e-23
783.877 1.64444e-23
785.654 1.64742e-23
787.434 1.65041e-23
789.219 1.65341e-23
791.008 1.65641e-23
792.801 1.65943e-23
794.598 1.66245e-23
796.399 1.66548e-23
798.204 1.66852e-23
800.014 1.67157e-23
801.827 1.67462e-23
803.644 1.67769e-23
805.466 1.68076e-23
807.292 1.68384e-23
809.122 1.68693e-23
810.956 1.69003e-23
812.794 1.69314e-23
814.636 1.69625e-23
816.482 1.69937e-23
818.333 1.7025e-23
820.188 1.70564e-23
822.047 1.70879e-23
823.91 1.71195e-23
825.778 1.71512e-23
827.65 1.71829e-23
829.526 1.72147e-23
831.406 1.72466e-23
833.29 1.72786e-23
835.179 1.73107e-23
837.072 1.73429e-23
838.97 1.73751e-23
840.871 1.74075e-23
842.777 1.74399e-23
844.687 1.74724e-23
846.602 1.75051e-23
848.521 1.75377e-23
850.444 1.75705e-23
852.372 1.76034e-23
854.304 1.76364e-23
856.24 1.76694e-23
858.181 1.77025e-23
860.126 1.77358e-23
862.076 1.77691e-23
864.03 1.78025e-23
865.988 1.7836e-23
867.951 1.78695e-23
869.919 1.79032e-23
871.89 1.7937e-23
873.867 1.79708e-23
875.847 1.80047e-23
877.833 1.80388e-23
879.822 1.80729e-23
881.817 1.81071e-23
883.815 1.81414e-23
885.819 1.81758e-23
887.826 1.82103e-23
889.839 1.82448e-23
891.856 1.82795e-23
893.877 1.83143e-23
895.903 1.83491e-23
897.934 1.8384e-23
899.969 1.84191e-23
902.009 1.84542e-23
904.054 1.84894e-23
906.103 1.85247e-23
908.157 1.85601e-23
910.215 1.85956e-23
912.278 1.86312e-23
914.346 1.86669e-23
916.419 1.87027e-23
918.496 1.87385e-23
920.578 1.87745e-23
922.664 1.88106e-23
924.756 1.88467e-23
926.852 1.8883e-23
928.953 1.89193e-23
931.058 1.89558e-23
933.169 1.89923e-23
935.284 1.90289e-23
937.404 1.90657e-23
939.529 1.91025e-23
941.658 1.91394e-23
943.793 1.91764e-23
945.932 1.92135e-23
948.076 1.92508e-23
950.225 1.92881e-23
952.379 1.93255e-23
954.537 1.93631e-23
956.701 1.94009e-23
958.87 1.94397e-23
961.043 1.95496e-23
963.221 1.95148e-23
965.405 1.95521e-23
967.593 1.95901e-23
969.786 1.96282e-23
971.984 1.96665e-23
974.187 1.97049e-23
976.395 1.97433e-23
978.609 1.97819e-23
980.827 1.98206e-23
983.05 1.98594e-23
985.278 1.98983e-23
987.511 1.99373e-23
989.75 1.99763e-23
991.993 2.00155e-23
994.242 2.00548e-23
996.495 2.00942e-23
998.754 2.01337e-23
1001.02 2.01733e-23
1003.29 2.0213e-23
1005.56 2.02528e-23
1007.84 2.02927e-23
1010.12 2.03327e-23
1012.41 2.03728e-23
1014.71 2.0413e-23
1017.01 2.04533e-23
1019.31 2.04937e-23
1021.62 2.05342e-23
1023.94 2.05748e-23
1026.26 2.06156e-23
1028.59 2.06564e-23
1030.92 2.06973e-23
1033.26 2.07384e-23
1035.6 2.07795e-23
1037.94 2.08208e-23
1040.3 2.08621e-23
1042.66 2.09036e-23
1045.02 2.09451e-23
1047.39 2.09868e-23
1049.76 2.10286e-23
1052.14 2.10705e-23
1054.53 2.11125e-23
1056.92 2.11546e-23
1059.31 2.11968e-23
1061.71 2.12391e-23
1064.12 2.12815e-23
1066.53 2.1324e-23
1068.95 2.13667e-23
1071.37 2.14094e-23
1073.8 2.14523e-23
1076.23 2.14952e-23
1078.67 2.15383e-23
1081.12 2.15815e-23
1083.57 2.16248e-23
1086.02 2.16682e-23
1088.49 2.17117e-23
1090.95 2.17553e-23
1093.43 2.1799e-23
1095.9 2.18429e-23
1098.39 2.18868e-23
1100.88 2.19309e-23
1103.37 2.19751e-23
1105.87 2.20193e-23
1108.38 2.20637e-23
1110.89 2.21082e-23
1113.41 2.21529e-23
1115.94 2.21976e-23
1118.46 2.22424e-23
1121 2.22874e-23
1123.54 2.23325e-23
1126.09 2.23777e-23
1128.64 2.2423e-23
1131.2 2.24684e-23
1133.76 2.25139e-23
1136.33 2.25595e-23
1138.91 2.26053e-23
1141.49 2.26512e-23
1144.08 2.26972e-23
1146.67 2.27433e-23
1149.27 2.27895e-23
1151.87 2.28358e-23
1154.48 2.28823e-23
1157.1 2.29288e-23
1159.72 2.29755e-23
1162.35 2.30223e-23
1164.99 2.30692e-23
1167.63 2.31163e-23
1170.27 2.31634e-23
1172.93 2.32107e-23
1175.59 2.32581e-23
1178.25 2.33056e-23
1180.92 2.33532e-23
1183.6 2.34009e-23
1186.28 2.34488e-23
1188.97 2.34968e-23
1191.66 2.35449e-23
1194.37 2.35931e-23
1197.07 2.36414e-23
1199.79 2.36899e-23
1202.51 2.37385e-23
1205.23 2.37872e-23
1207.96 2.3836e-23
1210.7 2.38849e-23
1213.45 2.3934e-23
1216.2 2.39832e-23
1218.95 2.40325e-23
1221.72 2.40819e-23
1224.48 2.41315e-23
1227.26 2.41812e-23
1230.04 2.4231e-23
1232.83 2.42809e-23
1235.62 2.43309e-23
1238.43 2.43811e-23
1241.23 2.44314e-23
1244.05 2.44818e-23
1246.87 2.45324e-23
1249.69 2.4583e-23
1252.52 2.46338e-23
1255.36 2.46847e-23
1258.21 2.47358e-23
1261.06 2.4787e-23
1263.92 2.48383e-23
1266.78 2.48897e-23
1269.66 2.49412e-23
1272.53 2.49929e-23
1275.42 2.50447e-23
1278.31 2.50967e-23
1281.21 2.51487e-23
1284.11 2.52009e-23
1287.02 2.52532e-23
1289.94 2.53057e-23
1292.86 2.53582e-23
1295.79 2.54109e-23
1298.73 2.54638e-23
1301.67 2.55167e-23
1304.62 2.55698e-23
1307.58 2.56231e-23
1310.54 2.56764e-23
1313.51 2.57299e-23
1316.49 2.57835e-23
1319.48 2.58373e-23
1322.47 2.58912e-23
1325.46 2.59452e-23
1328.47 2.59993e-23
1331.48 2.60536e-23
1334.5 2.6108e-23
1337.52 2.61625e-23
1340.55 2.62172e-23
1343.59 2.6272e-23
1346.64 2.6327e-23
1349.69 2.63821e-23
1352.75 2.64373e-23
1355.82 2.64926e-23
1358.89 2.65481e-23
1361.97 2.66037e-23
1365.06 2.66595e-23
1368.15 2.67154e-23
1371.25 2.67714e-23
1374.36 2.68276e-23
1377.48 2.68839e-23
1380.6 2.69403e-23
1383.73 2.69969e-23
1386.86 2.70536e-23
1390.01 2.71104e-23
1393.16 2.71674e-23
1396.32 2.72246e-23
1399.48 2.72818e-23
1402.65 2.73392e-23
1405.83 2.73968e-23
1409.02 2.74545e-23
1412.21 2.75123e-23
1415.41 2.75703e-23
1418.62 2.76284e-23
1421.84 2.76866e-23
1425.06 2.7745e-23
1428.29 2.78036e-23
1431.53 2.78622e-23
1434.77 2.79211e-23
1438.02 2.79801e-23
1441.28 2.80921e-23
1444.55 2.80984e-23
1447.82 2.81578e-23
1451.11 2.82173e-23
1454.4 2.8277e-23
1457.69 2.83368e-23
1461 2.83967e-23
1464.31 2.84569e-23
1467.63 2.85171e-23
1470.95 2.85775e-23
1474.29 2.86381e-23
1477.63 2.86988e-23
1480.98 2.87596e-23
1484.34 2.88206e-23
1487.7 2.88817e-23
1491.07 2.8943e-23
1494.45 2.90044e-23
1497.84 2.9066e-23
1501.23 2.91277e-23
1504.64 2.91896e-23
1508.05 2.92516e-23
1511.47 2.93138e-23
1514.89 2.93761e-23
1518.33 2.94386e-23
1521.77 2.95012e-23
1525.22 2.9564e-23
1528.67 2.96269e-23
1532.14 2.969e-23
1535.61 2.97533e-23
1539.09 2.98166e-23
1542.58 2.98802e-23
1546.08 2.99439e-23
1549.58 3.00077e-23
1553.09 3.00717e-23
1556.61 3.01358e-23
1560.14 3.02002e-23
1563.68 3.02646e-23
1567.22 3.03292e-23
1570.77 3.0394e-23
1574.34 3.04589e-23
1577.9 3.0524e-23
1581.48 3.05892e-23
1585.06 3.06546e-23
1588.66 3.07202e-23
1592.26 3.07859e-23
1595.87 3.08517e-23
1599.48 3.09177e-23
1603.11 3.09839e-23
1606.74 3.10503e-23
1610.39 3.11167e-23
1614.04 3.11834e-23
1617.69 3.12502e-23
1621.36 3.13172e-23
1625.04 3.13843e-23
1628.72 3.14516e-23
1632.41 3.15191e-23
1636.11 3.15867e-23
1639.82 3.16545e-23
1643.54 3.17224e-23
1647.26 3.17905e-23
1651 3.18588e-23
1654.74 3.19272e-23
1658.49 3.19958e-23
1662.25 3.20645e-23
1666.02 3.21335e-23
1669.79 3.22025e-23
1673.58 3.22718e-23
1677.37 3.23412e-23
1681.17 3.24108e-23
1684.98 3.24805e-23
1688.8 3.25504e-23
1692.63 3.26205e-23
1696.47 3.26908e-23
1700.31 3.27612e-23
1704.17 3.28317e-23
1708.03 3.29025e-23
1711.9 3.29734e-23
1715.78 3.30445e-23
1719.67 3.31157e-23
1723.57 3.31872e-23
1727.47 3.32587e-23
1731.39 3.33305e-23
1735.31 3.34024e-23
1739.25 3.34745e-23
1743.19 3.35468e-23
1747.14 3.36193e-23
1751.1 3.36919e-23
1755.07 3.37647e-23
1759.05 3.38376e-23
1763.04 3.39108e-23
1767.03 3.39841e-23
1771.04 3.40576e-23
1775.05 3.41312e-23
1779.07 3.42051e-23
1783.11 3.42791e-23
1787.15 3.43533e-23
1791.2 3.44276e-23
1795.26 3.45022e-23
1799.33 3.45769e-23
1803.41 3.46518e-23
1807.49 3.47268e-23
1811.59 3.48021e-23
1815.7 3.48775e-23
1819.81 3.49531e-23
1823.94 3.50289e-23
1828.07 3.51048e-23
1832.22 3.5181e-23
1836.37 3.52573e-23
1840.53 3.53338e-23
1844.7 3.54105e-23
1848.88 3.54873e-23
1853.08 3.55644e-23
1857.28 3.56416e-23
1861.49 3.5719e-23
1865.7 3.57966e-23
1869.93 3.58744e-23
1874.17 3.59523e-23
1878.42 3.60305e-23
1882.68 3.61088e-23
1886.95 3.61873e-23
1891.22 3.6266e-23
1895.51 3.63449e-23
1899.81 3.6424e-23
1904.11 3.65032e-23
1908.43 3.65827e-23
1912.75 3.66623e-23
1917.09 3.67421e-23
1921.43 3.68384e-23
1925.79 3.69023e-23
1930.15 3.69827e-23
1934.53 3.70633e-23
1938.91 3.7144e-23
1943.31 3.7225e-23
1947.71 3.73061e-23
1952.13 3.73874e-23
1956.55 3.7469e-23
1960.99 3.75507e-23
1965.43 3.76326e-23
1969.89 3.77147e-23
1974.35 3.7797e-23
1978.83 3.78795e-23
1983.31 3.79622e-23
1987.81 3.8045e-23
1992.31 3.81281e-23
1996.83 3.82114e-23
2001.36 3.82948e-23
2005.89 3.83785e-23
2010.44 3.84624e-23
2015 3.85464e-23
2019.56 3.86307e-23
2024.14 3.87151e-23
2028.73 3.87997e-23
2033.33 3.88846e-23
2037.94 3.89696e-23
2042.56 3.90549e-23
2047.19 3.91403e-23
2051.83 3.9226e-23
2056.48 3.93118e-23
2061.14 3.93979e-23
2065.81 3.94841e-23
2070.49 3.95706e-23
2075.19 3.96572e-23
2079.89 3.97441e-23
2084.6 3.98311e-23
2089.33 3.99184e-23
2094.06 4.00059e-23
2098.81 4.00935e-23
2103.57 4.01814e-23
2108.34 4.02695e-23
2113.12 4.03578e-23
2117.9 4.04463e-23
2122.71 4.0535e-23
2127.52 4.06239e-23
2132.34 4.0713e-23
2137.17 4.08023e-23
2142.02 4.08919e-23
2146.87 4.09816e-23
2151.74 4.10716e-23
2156.62 4.11617e-23
2161.5 4.12521e-23
2166.4 4.13427e-23
2171.31 4.14335e-23
2176.23 4.15245e-23
2181.17 4.16158e-23
2186.11 4.17072e-23
2191.07 4.17988e-23
2196.03 4.18907e-23
2201.01 4.19828e-23
2206 4.20751e-23
2211 4.21676e-23
2216.01 4.22603e-23
2221.03 4.23533e-23
2226.07 4.24464e-23
2231.11 4.25398e-23
2236.17 4.26334e-23
2241.24 4.27272e-23
2246.32 4.28213e-23
2251.41 4.29155e-23
2256.51 4.301e-23
2261.63 4.31047e-23
2266.76 4.31996e-23
2271.89 4.32947e-23
2277.04 4.33901e-23
2282.2 4.34857e-23
2287.38 4.35815e-23
2292.56 4.36775e-23
2297.76 4.37738e-23
2302.97 4.38702e-23
2308.19 4.39669e-23
2313.42 4.40639e-23
2318.66 4.4161e-23
2323.92 4.42584e-23
2329.19 4.4356e-23
2334.46 4.44538e-23
2339.76 4.45519e-23
2345.06 4.46502e-23
2350.38 4.47487e-23
2355.7 4.48474e-23
2361.04 4.49464e-23
2366.39 4.50456e-23
2371.76 4.5145e-23
2377.13 4.52447e-23
2382.52 4.53446e-23
2387.92 4.54447e-23
2393.33 4.55451e-23
2398.76 4.56457e-23
2404.2 4.57465e-23
2409.65 4.58476e-23
2415.11 4.59489e-23
2420.58 4.60504e-23
2426.07 4.61522e-23
2431.57 4.62542e-23
2437.08 4.63565e-23
2442.6 4.64589e-23
2448.14 4.65617e-23
2453.69 4.66646e-23
2459.25 4.67678e-23
2464.82 4.68713e-23
2470.41 4.69749e-23
2476.01 4.70789e-23
2481.62 4.7183e-23
2487.25 4.72874e-23
2492.89 4.73921e-23
2498.54 4.74969e-23
2504.2 4.76021e-23
2509.88 4.77075e-23
2515.56 4.78131e-23
2521.27 4.79189e-23
2526.98 4.8025e-23
2532.71 4.81314e-23
2538.45 4.8238e-23
2544.2 4.83449e-23
2549.97 4.84519e-23
2555.75 4.85593e-23
2561.54 4.86669e-23
2567.35 4.87747e-23
2573.17 4.88828e-23
2579 4.89912e-23
2584.85 4.90998e-23
2590.71 4.92086e-23
2596.58 4.93177e-23
2602.46 4.94271e-23
2608.36 4.95367e-23
2614.27 4.96465e-23
2620.2 4.97566e-23
2626.14 4.9867e-23
2632.09 4.99776e-23
2638.06 5.00885e-23
2644.04 5.01997e-23
2650.03 5.0311e-23
2656.04 5.04227e-23
2662.06 5.05346e-23
2668.09 5.06468e-23
2674.14 5.07592e-23
2680.2 5.08719e-23
2686.28 5.09848e-23
2692.36 5.10981e-23
2698.47 5.12115e-23
2704.58 5.13253e-23
2710.71 5.14393e-23
2716.86 5.15535e-23
2723.02 5.1668e-23
2729.19 5.17828e-23
2735.37 5.18979e-23
2741.57 5.20132e-23
2747.79 5.21288e-23
2754.02 5.22447e-23
2760.26 5.23608e-23
2766.52 5.24772e-23
2772.79 5.25938e-23
2779.07 5.27108e-23
2785.37 5.2828e-23
2791.68 5.29454e-23
2798.01 5.30632e-23
2804.35 5.31812e-23
2810.71 5.32995e-23
2817.08 5.3418e-23
2823.47 5.35369e-23
2829.87 5.3656e-23
2836.28 5.37754e-23
2842.71 5.3895e-23
2849.15 5.4015e-23
2855.61 5.41352e-23
2862.08 5.42557e-23
2868.57 5.43764e-23
2875.07 5.44975e-23
2881.59 5.46189e-23
2888.12 5.47404e-23
2894.67 5.48623e-23
2901.23 5.49845e-23
2907.8 5.51069e-23
2914.4 5.52296e-23
2921 5.53527e-23
2927.62 5.5476e-23
2934.26 5.55995e-23
2940.91 5.57234e-23
2947.57 5.58476e-23
2954.26 5.5972e-23
2960.95 5.60967e-23
2967.66 5.62217e-23
2974.39 5.6347e-23
2981.13 5.64726e-23
2987.89 5.65985e-23
2994.66 5.67247e-23
3001.45 5.68511e-23
3008.25 5.69779e-23
3015.07 5.71049e-23
3021.91 5.72323e-23
3028.76 5.73599e-23
3035.62 5.74878e-23
3042.5 5.76161e-23
3049.4 5.77446e-23
3056.31 5.78734e-23
3063.24 5.80025e-23
3070.18 5.81319e-23
3077.14 5.82616e-23
3084.11 5.83916e-23
3091.1 5.85219e-23
3098.11 5.86525e-23
3105.13 5.87834e-23
3112.17 5.89146e-23
3119.23 5.90461e-23
3126.3 5.91779e-23
3133.38 5.931e-23
3140.48 5.94424e-23
3147.6 5.95752e-23
3154.74 5.97082e-23
3161.89 5.98415e-23
3169.05 5.99751e-23
3176.24 6.01091e-23
3183.44 6.02433e-23
3190.65 6.03779e-23
3197.89 6.05128e-23
3205.13 6.06479e-23
3212.4 6.07834e-23
3219.68 6.09192e-23
3226.98 6.10554e-23
3234.29 6.11918e-23
3241.62 6.13285e-23
3248.97 6.14656e-23
3256.33 6.1603e-23
3263.72 6.17406e-23
3271.11 6.18786e-23
3278.53 6.2017e-23
3285.96 6.21556e-23
3293.41 6.22946e-23
3300.87 6.24338e-23
3308.35 6.25734e-23
3315.85 6.27133e-23
3323.37 6.28536e-23
3330.9 6.29941e-23
3338.45 6.3135e-23
3346.02 6.32762e-23
3353.6 6.34178e-23
3361.2 6.35596e-23
3368.82 6.37018e-23
3376.46 6.38443e-23
3384.11 6.39872e-23
3391.78 6.41303e-23
3399.47 6.42738e-23
3407.18 6.44176e-23
3414.9 6.45618e-23
3422.64 6.47063e-23
3430.4 6.48511e-23
3438.17 6.49962e-23
3445.97 6.51417e-23
3453.78 6.52875e-23
3461.61 6.54337e-23
3469.45 6.55802e-23
3477.32 6.5727e-23
3485.2 6.58741e-23
3493.1 6.60216e-23
3501.01 6.61695e-23
3508.95 6.63176e-23
3516.9 6.64661e-23
3524.88 6.6615e-23
3532.86 6.67642e-23
3540.87 6.69137e-23
3548.9 6.70636e-23
3556.94 6.72138e-23
3565 6.73644e-23
3573.09 6.75153e-23
3581.18 6.76666e-23
3589.3 6.78182e-23
3597.44 6.79701e-23
3605.59 6.81224e-23
3613.76 6.82751e-23
3621.96 6.84281e-23
3630.16 6.85814e-23
3638.39 6.87351e-23
3646.64 6.88892e-23
3654.91 6.90436e-23
3663.19 6.91984e-23
3671.49 6.93535e-23
3679.82 6.9509e-23
3688.16 6.96648e-23
3696.52 6.9821e-23
3704.89 6.99775e-23
3713.29 7.01344e-23
3721.71 7.02917e-23
3730.14 7.04493e-23
3738.6 7.06073e-23
3747.07 7.07656e-23
3755.57 7.09244e-23
3764.08 7.10834e-23
3772.61 7.12429e-23
3781.16 7.14027e-23
3789.73 7.15628e-23
3798.32 7.17234e-23
3806.93 7.18843e-23
3815.56 7.20455e-23
3824.21 7.22072e-23
3832.88 7.23692e-23
3841.57 7.25316e-23
3850.27 7.26943e-23
3859 7.28575e-23
3867.75 7.30209e-23
3876.51 7.31848e-23
3885.3 7.33491e-23
3894.11 7.35137e-23
3902.93 7.36787e-23
3911.78 7.38441e-23
3920.65 7.40098e-23
3929.53 7.4176e-23
3938.44 7.43425e-23
3947.37 7.45094e-23
3956.32 7.46767e-23
3965.28 7.48443e-23
3974.27 7.50124e-23
3983.28 7.51808e-23
3992.31 7.53496e-23
4001.36 7.55188e-23
4010.43 7.56884e-23
4019.52 7.58584e-23
4028.63 7.60288e-23
4037.76 7.61995e-23
4046.91 7.63707e-23
4056.08 7.65422e-23
4065.28 7.67141e-23
4074.49 7.68865e-23
4083.73 7.70592e-23
4092.98 7.72323e-23
4102.26 7.74058e-23
4111.56 7.75797e-23
4120.88 7.7754e-23
4130.22 7.79287e-23
4139.58 7.81038e-23
4148.96 7.82793e-23
4158.37 7.84552e-23
4167.79 7.86315e-23
4177.24 7.88082e-23
4186.71 7.89853e-23
4196.2 7.91628e-23
4205.71 7.93408e-23
4215.24 7.95191e-23
4224.8 7.96978e-23
4234.37 7.9877e-23
4243.97 8.00565e-23
4253.59 8.02365e-23
4263.23 8.04169e-23
4272.9 8.05977e-23
4282.58 8.07789e-23
4292.29 8.09605e-23
4302.02 8.11425e-23
4311.77 8.1325e-23
4321.54 8.15078e-23
4331.34 8.16911e-23
4341.15 8.18748e-23
4350.99 8.20589e-23
4360.86 8.22435e-23
4370.74 8.24284e-23
4380.65 8.26138e-23
4390.58 8.27996e-23
4400.53 8.29859e-23
4410.5 8.31725e-23
4420.5 8.33596e-23
4430.52 8.35471e-23
4440.56 8.37351e-23
4450.63 8.39234e-23
4460.72 8.41122e-23
4470.83 8.43015e-23
4480.96 8.44911e-23
4491.12 8.46812e-23
4501.3 8.48717e-23
4511.5 8.50627e-23
4521.73 8.52541e-23
4531.97 8.54459e-23
4542.25 8.56382e-23
4552.54 8.58309e-23
4562.86 8.60241e-23
4573.2 8.62177e-23
4583.57 8.64117e-23
4593.96 8.66062e-23
4604.37 8.68011e-23
4614.81 8.69965e-23
4625.27 8.71923e-23
4635.75 8.73886e-23
4646.26 8.75853e-23
4656.79 8.77824e-23
4667.35 8.79801e-23
4677.93 8.81781e-23
4688.53 8.83766e-23
4699.16 8.85756e-23
4709.81 8.8775e-23
4720.48 8.89749e-23
4731.18 8.91752e-23
4741.91 8.9376e-23
4752.66 8.95773e-23
4763.43 8.9779e-23
4774.22 8.99811e-23
4785.05 9.01837e-23
4795.89 9.03868e-23
4806.76 9.05904e-23
4817.66 9.07944e-23
4828.58 9.09989e-23
4839.52 9.12038e-23
4850.49 9.14093e-23
4861.49 9.16151e-23
4872.51 9.18215e-23
4883.55 9.20283e-23
4894.62 9.22356e-23
4905.71 9.24434e-23
4916.83 9.26516e-23
4927.98 9.28603e-23
4939.15 9.30695e-23
4950.34 9.32792e-23
4961.56 9.34894e-23
4972.81 9.37e-23
4984.08 9.39111e-23
4995.38 9.41227e-23
5006.7 9.43348e-23
5018.05 9.45473e-23
5029.42 9.47604e-23
5040.82 9.49739e-23
5052.25 9.51879e-23
5063.7 9.54024e-23
5075.18 9.56174e-23
5086.68 9.58329e-23
5098.21 9.60488e-23
5109.77 9.62653e-23
5121.35 9.64823e-23
5132.96 9.66997e-23
5144.59 9.69177e-23
5156.25 9.71361e-23
5167.94 9.7355e-23
5179.65 9.75745e-23
5191.4 9.77944e-23
5203.16 9.80149e-23
5214.96 9.82358e-23
5226.78 9.84573e-23
5238.62 9.86792e-23
5250.5 9.89017e-23
5262.4 9.91246e-23
5274.33 9.93481e-23
5286.28 9.95721e-23
5298.26 9.97966e-23
5310.27 1.00022e-22
5322.31 1.00247e-22
5334.37 1.00473e-22
5346.46 1.007e-22
5358.58 1.00927e-22
5370.73 1.01154e-22
5382.9 1.01382e-22
5395.1 1.01611e-22
5407.33 1.0184e-22
5419.59 1.0207e-22
5431.87 1.023e-22
5444.19 1.02531e-22
5456.53 1.02762e-22
5468.89 1.02994e-22
5481.29 1.03226e-22
5493.71 1.03459e-22
5506.17 1.03692e-22
5518.65 1.03926e-22
5531.16 1.04161e-22
5543.69 1.04395e-22
5556.26 1.04631e-22
5568.85 1.04867e-22
5581.47 1.05104e-22
5594.13 1.05341e-22
5606.81 1.05578e-22
5619.51 1.05816e-22
5632.25 1.06055e-22
5645.02 1.06294e-22
5657.81 1.06534e-22
5670.64 1.06775e-22
5683.49 1.07015e-22
5696.37 1.07257e-22
5709.28 1.07499e-22
5722.23 1.07741e-22
5735.2 1.07985e-22
5748.2 1.08228e-22
5761.23 1.08472e-22
5774.28 1.08717e-22
5787.37 1.08963e-22
5800.49 1.09208e-22
5813.64 1.09455e-22
5826.81 1.09702e-22
5840.02 1.09949e-22
5853.26 1.10198e-22
5866.53 1.10446e-22
5879.82 1.10696e-22
5893.15 1.10945e-22
5906.51 1.11196e-22
5919.9 1.11447e-22
5933.32 1.11698e-22
5946.76 1.1195e-22
5960.24 1.12203e-22
5973.75 1.12456e-22
5987.29 1.1271e-22
6000.86 1.12965e-22
6014.47 1.1322e-22
6028.1 1.13475e-22
6041.76 1.13731e-22
6055.46 1.13988e-22
6069.18 1.14245e-22
6082.94 1.14503e-22
6096.73 1.14762e-22
6110.55 1.15021e-22
6124.4 1.1528e-22
6138.28 1.15541e-22
6152.19 1.15802e-22
6166.14 1.16063e-22
6180.11 1.16325e-22
6194.12 1.16588e-22
6208.16 1.16851e-22
6222.23 1.17115e-22
6236.34 1.17379e-22
6250.47 1.17644e-22
6264.64 1.1791e-22
6278.84 1.18176e-22
6293.07 1.18443e-22
6307.34 1.18711e-22
6321.63 1.18979e-22
6335.96 1.19247e-22
6350.32 1.19517e-22
6364.72 1.19786e-22
6379.14 1.20057e-22
6393.6 1.20328e-22
6408.09 1.206e-22
6422.62 1.20872e-22
6437.18 1.21145e-22
6451.77 1.21419e-22
6466.39 1.21693e-22
6481.05 1.21968e-22
6495.74 1.22243e-22
6510.46 1.22519e-22
6525.22 1.22796e-22
6540.01 1.23074e-22
6554.83 1.23352e-22
6569.69 1.2363e-22
6584.58 1.23909e-22
6599.51 1.24189e-22
6614.47 1.2447e-22
6629.46 1.24751e-22
6644.48 1.25033e-22
6659.55 1.25315e-22
6674.64 1.25598e-22
6689.77 1.25882e-22
6704.93 1.26167e-22
6720.13 1.26452e-22
6735.36 1.26737e-22
6750.63 1.27024e-22
6765.93 1.27311e-22
6781.27 1.27598e-22
6796.64 1.27886e-22
6812.04 1.28175e-22
6827.48 1.28465e-22
6842.96 1.28755e-22
6858.47 1.29046e-22
6874.01 1.29338e-22
6889.6 1.2963e-22
6905.21 1.29923e-22
6920.86 1.30216e-22
6936.55 1.30511e-22
6952.27 1.30806e-22
6968.03 1.31101e-22
6983.83 1.31397e-22
6999.66 1.31694e-22
7015.52 1.31992e-22
7031.42 1.3229e-22
7047.36 1.32589e-22
7063.33 1.32889e-22
7079.34 1.33189e-22
7095.39 1.3349e-22
7111.47 1.33792e-22
7127.59 1.34094e-22
7143.75 1.34397e-22
7159.94 1.34701e-22
7176.17 1.35005e-22
7192.44 1.3531e-22
7208.74 1.35616e-22
7225.08 1.35923e-22
7241.45 1.3623e-22
7257.87 1.36538e-22
7274.32 1.36847e-22
7290.81 1.37156e-22
7307.33 1.37466e-22
7323.9 1.37777e-22
7340.5 1.38088e-22
7357.14 1.384e-22
7373.81 1.38713e-22
7390.53 1.39027e-22
7407.28 1.39341e-22
7424.07 1.39656e-22
7440.89 1.39971e-22
7457.76 1.40288e-22
7474.66 1.40605e-22
7491.61 1.40923e-22
7508.59 1.41241e-22
7525.61 1.41561e-22
7542.66 1.41881e-22
7559.76 1.42202e-22
7576.9 1.42523e-22
7594.07 1.42845e-22
7611.28 1.43168e-22
7628.54 1.43492e-22
7645.83 1.43816e-22
7663.16 1.44141e-22
7680.53 1.44467e-22
7697.94 1.44794e-22
7715.38 1.45121e-22
7732.87 1.45449e-22
7750.4 1.45778e-22
7767.97 1.46108e-22
7785.57 1.46438e-22
7803.22 1.46769e-22
7820.91 1.47101e-22
7838.64 1.47434e-22
7856.4 1.47767e-22
7874.21 1.48101e-22
7892.06 1.48436e-22
7909.95 1.48772e-22
7927.88 1.49108e-22
7945.85 1.49445e-22
7963.86 1.49783e-22
7981.91 1.50122e-22
8000 1.50462e-22
