10 1.48635e-21
10.0231 1.47254e-21
10.0462 1.45888e-21
10.0693 1.44534e-21
10.0926 1.43193e-21
10.1158 1.41864e-21
10.1392 1.40549e-21
10.1625 1.39245e-21
10.186 1.37955e-21
10.2095 1.36676e-21
10.233 1.35409e-21
10.2566 1.34155e-21
10.2803 1.32912e-21
10.304 1.31681e-21
10.3277 1.30462e-21
10.3515 1.29254e-21
10.3754 1.28058e-21
10.3993 1.26873e-21
10.4233 1.25699e-21
10.4474 1.24536e-21
10.4714 1.23384e-21
10.4956 1.22243e-21
10.5198 1.21112e-21
10.5441 1.19993e-21
10.5684 1.18883e-21
10.5927 1.17785e-21
10.6172 1.16696e-21
10.6417 1.15618e-21
10.6662 1.1455e-21
10.6908 1.13492e-21
10.7154 1.12444e-21
10.7401 1.11405e-21
10.7649 1.10377e-21
10.7897 1.09358e-21
10.8146 1.08348e-21
10.8396 1.07348e-21
10.8646 1.06358e-21
10.8896 1.05376e-21
10.9147 1.04404e-21
10.9399 1.03441e-21
10.9651 1.02487e-21
10.9904 1.01542e-21
11.0157 1.00606e-21
11.0412 9.96781e-22
11.0666 9.87593e-22
11.0921 9.7849e-22
11.1177 9.69472e-22
11.1433 9.60538e-22
11.169 9.51688e-22
11.1948 9.4292e-22
11.2206 9.34235e-22
11.2465 9.2563e-22
11.2724 9.17106e-22
11.2984 9.08661e-22
11.3245 9.00295e-22
11.3506 8.92007e-22
11.3768 8.83796e-22
11.403 8.75662e-22
11.4293 8.67603e-22
11.4556 8.5962e-22
11.4821 8.51711e-22
11.5085 8.43876e-22
11.5351 8.36114e-22
11.5617 8.28425e-22
11.5883 8.20806e-22
11.6151 8.13259e-22
11.6418 8.05783e-22
11.6687 7.98375e-22
11.6956 7.91037e-22
11.7226 7.83767e-22
11.7496 7.76565e-22
11.7767 7.6943e-22
11.8039 7.62362e-22
11.8311 7.55359e-22
11.8584 7.48422e-22
11.8857 7.41549e-22
11.9131 7.3474e-22
11.9406 7.27994e-22
11.9681 7.21312e-22
11.9957 7.14691e-22
12.0234 7.08133e-22
12.0511 7.01635e-22
12.0789 6.95198e-22
12.1068 6.88821e-22
12.1347 6.82503e-22
12.1627 6.76244e-22
12.1907 6.70043e-22
12.2188 6.639e-22
12.247 6.57815e-22
12.2752 6.51786e-22
12.3035 6.45813e-22
12.3319 6.39896e-22
12.3603 6.34035e-22
12.3888 6.28227e-22
12.4174 6.22474e-22
12.4461 6.16775e-22
12.4748 6.11129e-22
12.5035 6.05535e-22
12.5324 5.99994e-22
12.5613 5.94505e-22
12.5902 5.89066e-22
12.6193 5.83679e-22
12.6484 5.78342e-22
12.6775 5.73055e-22
12.7068 5.67817e-22
12.7361 5.62628e-22
12.7654 5.57488e-22
12.7949 5.52396e-22
12.8244 5.47351e-22
12.8539 5.42354e-22
12.8836 5.37404e-22
12.9133 5.325e-22
12.9431 5.27642e-22
12.9729 5.2283e-22
13.0028 5.18063e-22
13.0328 5.13341e-22
13.0629 5.08663e-22
13.093 5.04029e-22
13.1232 4.99439e-22
13.1534 4.94892e-22
13.1838 4.90388e-22
13.2142 4.85926e-22
13.2447 4.81507e-22
13.2752 4.7713e-22
13.3058 4.72794e-22
13.3365 4.68499e-22
13.3672 4.64245e-22
13.3981 4.60031e-22
13.429 4.55857e-22
13.4599 4.51723e-22
13.491 4.47629e-22
13.5221 4.43574e-22
13.5533 4.39557e-22
13.5845 4.35579e-22
13.6158 4.31639e-22
13.6472 4.27737e-22
13.6787 4.23873e-22
13.7103 4.20046e-22
13.7419 4.16256e-22
13.7736 4.12503e-22
13.8053 4.08787e-22
13.8372 4.05107e-22
13.8691 4.01463e-22
13.9011 3.97854e-22
13.9331 3.94281e-22
13.9652 3.90744e-22
13.9974 3.87241e-22
14.0297 3.83774e-22
14.0621 3.80341e-22
14.0945 3.76943e-22
14.127 3.73579e-22
14.1596 3.70249e-22
14.1922 3.66953e-22
14.225 3.63691e-22
14.2578 3.60463e-22
14.2906 3.57268e-22
14.3236 3.54107e-22
14.3566 3.50979e-22
14.3897 3.47885e-22
14.4229 3.44823e-22
14.4562 3.41795e-22
14.4895 3.38801e-22
14.5229 3.35839e-22
14.5564 3.3291e-22
14.59 3.30015e-22
14.6236 3.27153e-22
14.6573 3.24325e-22
14.6911 3.2153e-22
14.725 3.18769e-22
14.759 3.16042e-22
14.793 3.13349e-22
14.8271 3.1069e-22
14.8613 3.08067e-22
14.8956 3.05479e-22
14.9299 3.02926e-22
14.9644 3.0041e-22
14.9989 2.9793e-22
15.0335 2.95488e-22
15.0681 2.93085e-22
15.1029 2.90721e-22
15.1377 2.88397e-22
15.1726 2.86115e-22
15.2076 2.83876e-22
15.2427 2.81681e-22
15.2778 2.79532e-22
15.3131 2.7743e-22
15.3484 2.7538e-22
15.3838 2.73381e-22
15.4192 2.71438e-22
15.4548 2.69554e-22
15.4904 2.67732e-22
15.5261 2.65977e-22
15.5619 2.64292e-22
15.5978 2.62685e-22
15.6338 2.61161e-22
15.6699 2.59727e-22
15.706 2.58393e-22
15.7422 2.57167e-22
15.7785 2.56062e-22
15.8149 2.55092e-22
15.8514 2.54272e-22
15.8879 2.53622e-22
15.9246 2.53164e-22
15.9613 2.52926e-22
15.9981 2.5294e-22
16.035 2.53248e-22
16.072 2.53898e-22
16.109 2.54949e-22
16.1462 2.56478e-22
16.1834 2.58579e-22
16.2207 2.61372e-22
16.2581 2.65009e-22
16.2956 2.6969e-22
16.3332 2.75679e-22
16.3709 2.83328e-22
16.4086 2.93119e-22
16.4464 3.05725e-22
16.4844 3.22113e-22
16.5224 3.43715e-22
16.5605 3.72746e-22
16.5987 4.12802e-22
16.6369 4.7014e-22
16.6753 5.56671e-22
16.7138 6.98227e-22
16.7523 9.6336e-22
16.7909 1.61417e-21
16.8297 5.42728e-21
16.8685 3.82887e-21
16.9074 1.41804e-21
16.9464 8.763e-22
16.9854 6.40248e-22
17.0246 5.09667e-22
17.0639 4.27687e-22
17.1032 3.71975e-22
17.1427 3.3198e-22
17.1822 3.02073e-22
17.2218 2.78985e-22
17.2615 2.60693e-22
17.3013 2.45881e-22
17.3412 2.3366e-22
17.3812 2.23409e-22
17.4213 2.14684e-22
17.4615 2.07159e-22
17.5017 2.00593e-22
17.5421 1.948e-22
17.5825 1.8964e-22
17.6231 1.85001e-22
17.6637 1.80798e-22
17.7045 1.76959e-22
17.7453 1.7343e-22
17.7862 1.70166e-22
17.8272 1.67127e-22
17.8683 1.64286e-22
17.9095 1.61615e-22
17.9508 1.59093e-22
17.9922 1.56704e-22
18.0337 1.5443e-22
18.0753 1.52261e-22
18.117 1.50184e-22
18.1588 1.48191e-22
18.2006 1.46272e-22
18.2426 1.44422e-22
18.2847 1.42634e-22
18.3268 1.40902e-22
18.3691 1.39222e-22
18.4115 1.3759e-22
18.4539 1.36002e-22
18.4965 1.34455e-22
18.5391 1.32945e-22
18.5819 1.31471e-22
18.6247 1.30031e-22
18.6677 1.28621e-22
18.7107 1.27241e-22
18.7539 1.25888e-22
18.7971 1.24561e-22
18.8405 1.23259e-22
18.8839 1.2198e-22
18.9275 1.20724e-22
18.9711 1.19489e-22
19.0149 1.18274e-22
19.0587 1.17079e-22
19.1027 1.15902e-22
19.1467 1.14743e-22
19.1909 1.13602e-22
19.2351 1.12477e-22
19.2795 1.11368e-22
19.3239 1.10275e-22
19.3685 1.09196e-22
19.4132 1.08133e-22
19.4579 1.07083e-22
19.5028 1.06047e-22
19.5478 1.05025e-22
19.5928 1.04015e-22
19.638 1.03018e-22
19.6833 1.02033e-22
19.7287 1.0106e-22
19.7742 1.00099e-22
19.8198 9.91499e-23
19.8655 9.82115e-23
19.9113 9.72841e-23
19.9572 9.63674e-23
20.0032 9.54611e-23
20.0494 9.45652e-23
20.0956 9.36794e-23
20.1419 9.28035e-23
20.1884 9.19372e-23
20.2349 9.10806e-23
20.2816 9.02333e-23
20.3284 8.93952e-23
20.3753 8.85662e-23
20.4222 8.77461e-23
20.4693 8.69347e-23
20.5165 8.6132e-23
20.5638 8.53378e-23
20.6113 8.4552e-23
20.6588 8.37744e-23
20.7064 8.30049e-23
20.7542 8.22434e-23
20.802 8.14898e-23
20.85 8.0744e-23
20.8981 8.00058e-23
20.9463 7.92753e-23
20.9946 7.85521e-23
21.043 7.78364e-23
21.0915 7.71279e-23
21.1402 7.64266e-23
21.1889 7.57324e-23
21.2378 7.50452e-23
21.2868 7.43649e-23
21.3358 7.36914e-23
21.385 7.30246e-23
21.4344 7.23646e-23
21.4838 7.17111e-23
21.5333 7.1064e-23
21.583 7.04235e-23
21.6327 6.97892e-23
21.6826 6.91613e-23
21.7326 6.85395e-23
21.7828 6.79239e-23
21.833 6.73144e-23
21.8833 6.67108e-23
21.9338 6.61132e-23
21.9844 6.55214e-23
22.0351 6.49355e-23
22.0859 6.43552e-23
22.1368 6.37807e-23
22.1879 6.32118e-23
22.239 6.26484e-23
22.2903 6.20905e-23
22.3417 6.1538e-23
22.3932 6.09909e-23
22.4449 6.04492e-23
22.4966 5.99127e-23
22.5485 5.93814e-23
22.6005 5.88553e-23
22.6526 5.83343e-23
22.7049 5.78183e-23
22.7572 5.73073e-23
22.8097 5.68013e-23
22.8623 5.63002e-23
22.915 5.58039e-23
22.9679 5.53124e-23
23.0208 5.48257e-23
23.0739 5.43436e-23
23.1271 5.38663e-23
23.1804 5.33935e-23
23.2339 5.29253e-23
23.2875 5.24616e-23
23.3412 5.20024e-23
23.395 5.15476e-23
23.4489 5.10972e-23
23.503 5.06511e-23
23.5572 5.02094e-23
23.6115 4.97719e-23
23.666 4.93386e-23
23.7206 4.89094e-23
23.7753 4.84845e-23
23.8301 4.80636e-23
23.885 4.76467e-23
23.9401 4.72339e-23
23.9953 4.68251e-23
24.0507 4.64202e-23
24.1061 4.60192e-23
24.1617 4.5622e-23
24.2174 4.52287e-23
24.2733 4.48392e-23
24.3292 4.44534e-23
24.3854 4.40713e-23
24.4416 4.36929e-23
24.4979 4.33182e-23
24.5544 4.29471e-23
24.6111 4.25795e-23
24.6678 4.22155e-23
24.7247 4.1855e-23
24.7817 4.1498e-23
24.8389 4.11445e-23
24.8961 4.07943e-23
24.9536 4.04475e-23
25.0111 4.01041e-23
25.0688 3.9764e-23
25.1266 3.94271e-23
25.1845 3.90936e-23
25.2426 3.87632e-23
25.3008 3.84361e-23
25.3592 3.81121e-23
25.4176 3.77912e-23
25.4762 3.74735e-23
25.535 3.71588e-23
25.5939 3.68472e-23
25.6529 3.65386e-23
25.7121 3.6233e-23
25.7713 3.59303e-23
25.8308 3.56306e-23
25.8903 3.53338e-23
25.95 3.50399e-23
26.0099 3.47488e-23
26.0699 3.44606e-23
26.13 3.41751e-23
26.1902 3.38925e-23
26.2506 3.36126e-23
26.3112 3.33354e-23
26.3718 3.30609e-23
26.4326 3.27891e-23
26.4936 3.252e-23
26.5547 3.22535e-23
26.6159 3.19896e-23
26.6773 3.17282e-23
26.7388 3.14694e-23
26.8005 3.12132e-23
26.8623 3.09594e-23
26.9242 3.07082e-23
26.9863 3.04594e-23
27.0486 3.0213e-23
27.1109 2.99691e-23
27.1734 2.97276e-23
27.2361 2.94884e-23
27.2989 2.92516e-23
27.3619 2.90171e-23
27.425 2.8785e-23
27.4882 2.85551e-23
27.5516 2.83275e-23
27.6151 2.81021e-23
27.6788 2.7879e-23
27.7426 2.7658e-23
27.8066 2.74393e-23
27.8707 2.72227e-23
27.935 2.70083e-23
27.9994 2.6796e-23
28.064 2.65858e-23
28.1287 2.63777e-23
28.1936 2.61716e-23
28.2586 2.59676e-23
28.3237 2.57657e-23
28.3891 2.55657e-23
28.4545 2.53678e-23
28.5201 2.51718e-23
28.5859 2.49778e-23
28.6518 2.47857e-23
28.7179 2.45956e-23
28.7841 2.44073e-23
28.8505 2.4221e-23
28.917 2.40365e-23
28.9837 2.38538e-23
29.0506 2.36731e-23
29.1175 2.34941e-23
29.1847 2.33169e-23
29.252 2.31415e-23
29.3194 2.29679e-23
29.3871 2.27961e-23
29.4548 2.2626e-23
29.5227 2.24576e-23
29.5908 2.22909e-23
29.6591 2.21259e-23
29.7275 2.19626e-23
29.796 2.18009e-23
29.8647 2.16409e-23
29.9336 2.14825e-23
30.0026 2.13258e-23
30.0718 2.11706e-23
30.1411 2.1017e-23
30.2106 2.0865e-23
30.2803 2.07146e-23
30.3501 2.05657e-23
30.4201 2.04183e-23
30.4903 2.02725e-23
30.5606 2.01281e-23
30.6311 1.99852e-23
30.7017 1.98439e-23
30.7725 1.97039e-23
30.8435 1.95654e-23
30.9146 1.94284e-23
30.9859 1.92928e-23
31.0573 1.91585e-23
31.1289 1.90257e-23
31.2007 1.88943e-23
31.2727 1.87642e-23
31.3448 1.86355e-23
31.4171 1.85081e-23
31.4895 1.8382e-23
31.5621 1.82573e-23
31.6349 1.81339e-23
31.7079 1.80117e-23
31.781 1.78909e-23
31.8543 1.77713e-23
31.9277 1.7653e-23
32.0014 1.75359e-23
32.0752 1.74201e-23
32.1491 1.73055e-23
32.2233 1.71921e-23
32.2976 1.70799e-23
32.372 1.69688e-23
32.4467 1.6859e-23
32.5215 1.67503e-23
32.5965 1.66428e-23
32.6717 1.65365e-23
32.747 1.64312e-23
32.8225 1.63271e-23
32.8982 1.62241e-23
32.9741 1.61222e-23
33.0501 1.60214e-23
33.1263 1.59217e-23
33.2027 1.5823e-23
33.2793 1.57254e-23
33.356 1.56289e-23
33.433 1.55334e-23
33.51 1.54389e-23
33.5873 1.53455e-23
33.6648 1.5253e-23
33.7424 1.51616e-23
33.8202 1.50711e-23
33.8982 1.49817e-23
33.9764 1.48932e-23
34.0547 1.48056e-23
34.1333 1.4719e-23
34.212 1.46334e-23
34.2909 1.45487e-23
34.3699 1.44649e-23
34.4492 1.4382e-23
34.5286 1.43001e-23
34.6083 1.4219e-23
34.6881 1.41388e-23
34.7681 1.40596e-23
34.8482 1.39811e-23
34.9286 1.39036e-23
35.0091 1.38269e-23
35.0899 1.3751e-23
35.1708 1.3676e-23
35.2519 1.36018e-23
35.3332 1.35284e-23
35.4147 1.34559e-23
35.4963 1.33841e-23
35.5782 1.33131e-23
35.6602 1.3243e-23
35.7425 1.31736e-23
35.8249 1.31049e-23
35.9075 1.30371e-23
35.9903 1.297e-23
36.0733 1.29036e-23
36.1565 1.2838e-23
36.2398 1.27731e-23
36.3234 1.27089e-23
36.4072 1.26455e-23
36.4911 1.25827e-23
36.5753 1.25207e-23
36.6596 1.24594e-23
36.7442 1.23987e-23
36.8289 1.23387e-23
36.9138 1.22794e-23
36.999 1.22208e-23
37.0843 1.21628e-23
37.1698 1.21055e-23
37.2555 1.20488e-23
37.3414 1.19928e-23
37.4275 1.19374e-23
37.5138 1.18826e-23
37.6003 1.18284e-23
37.687 1.17749e-23
37.7739 1.17219e-23
37.8611 1.16696e-23
37.9484 1.16178e-23
38.0359 1.15666e-23
38.1236 1.1516e-23
38.2115 1.1466e-23
38.2996 1.14165e-23
38.3879 1.13676e-23
38.4765 1.13193e-23
38.5652 1.12715e-23
38.6541 1.12242e-23
38.7433 1.11775e-23
38.8326 1.11313e-23
38.9221 1.10856e-23
39.0119 1.10404e-23
39.1019 1.09958e-23
39.192 1.09516e-23
39.2824 1.0908e-23
39.373 1.08648e-23
39.4638 1.08221e-23
39.5548 1.078e-23
39.646 1.07383e-23
39.7374 1.0697e-23
39.8291 1.06563e-23
39.9209 1.06159e-23
40.013 1.05761e-23
40.1052 1.05367e-23
40.1977 1.04977e-23
40.2904 1.04592e-23
40.3833 1.04211e-23
40.4764 1.03835e-23
40.5698 1.03463e-23
40.6633 1.03094e-23
40.7571 1.0273e-23
40.8511 1.02371e-23
40.9453 1.02015e-23
41.0397 1.01663e-23
41.1344 1.01315e-23
41.2292 1.00971e-23
41.3243 1.00631e-23
41.4196 1.00295e-23
41.5151 9.99624e-24
41.6108 9.96336e-24
41.7068 9.93085e-24
41.803 9.8987e-24
41.8994 9.86691e-24
41.996 9.83548e-24
42.0928 9.80439e-24
42.1899 9.77365e-24
42.2872 9.74325e-24
42.3847 9.7132e-24
42.4824 9.68347e-24
42.5804 9.65407e-24
42.6786 9.625e-24
42.777 9.59625e-24
42.8757 9.56782e-24
42.9745 9.5397e-24
43.0736 9.51189e-24
43.173 9.48438e-24
43.2725 9.45718e-24
43.3723 9.43027e-24
43.4723 9.40366e-24
43.5726 9.37734e-24
43.673 9.35131e-24
43.7737 9.32556e-24
43.8747 9.30009e-24
43.9759 9.2749e-24
44.0773 9.24998e-24
44.1789 9.22532e-24
44.2808 9.20094e-24
44.3829 9.17682e-24
44.4853 9.15295e-24
44.5878 9.12935e-24
44.6907 9.10599e-24
44.7937 9.08289e-24
44.897 9.06003e-24
45.0005 9.03742e-24
45.1043 9.01504e-24
45.2083 8.99291e-24
45.3126 8.97101e-24
45.4171 8.94933e-24
45.5218 8.92789e-24
45.6268 8.90667e-24
45.732 8.88568e-24
45.8374 8.8649e-24
45.9431 8.84434e-24
46.0491 8.824e-24
46.1553 8.80386e-24
46.2617 8.78394e-24
46.3684 8.76422e-24
46.4753 8.7447e-24
46.5825 8.72538e-24
46.6899 8.70626e-24
46.7976 8.68734e-24
46.9055 8.66861e-24
47.0137 8.65007e-24
47.1221 8.63172e-24
47.2307 8.61355e-24
47.3397 8.59557e-24
47.4488 8.57777e-24
47.5582 8.56014e-24
47.6679 8.54269e-24
47.7778 8.52542e-24
47.888 8.50831e-24
47.9984 8.49138e-24
48.1091 8.47461e-24
48.2201 8.45801e-24
48.3313 8.44157e-24
48.4427 8.42529e-24
48.5544 8.40917e-24
48.6664 8.39321e-24
48.7786 8.3774e-24
48.8911 8.36174e-24
49.0038 8.34623e-24
49.1168 8.33087e-24
49.2301 8.31566e-24
49.3436 8.30059e-24
49.4574 8.28567e-24
49.5715 8.27088e-24
49.6858 8.25624e-24
49.8004 8.24173e-24
49.9152 8.22736e-24
50.0303 8.21312e-24
50.1457 8.19901e-24
50.2613 8.18504e-24
50.3772 8.17119e-24
50.4934 8.15747e-24
50.6098 8.14387e-24
50.7265 8.1304e-24
50.8435 8.11705e-24
50.9607 8.10382e-24
51.0783 8.09071e-24
51.196 8.07771e-24
51.3141 8.06483e-24
51.4324 8.05207e-24
51.551 8.03942e-24
51.6699 8.02688e-24
51.7891 8.01445e-24
51.9085 8.00213e-24
52.0282 7.98991e-24
52.1482 7.9778e-24
52.2684 7.9658e-24
52.389 7.95389e-24
52.5098 7.94209e-24
52.6309 7.93039e-24
52.7522 7.91879e-24
52.8739 7.90729e-24
52.9958 7.89588e-24
53.118 7.88457e-24
53.2405 7.87335e-24
53.3633 7.86223e-24
53.4863 7.8512e-24
53.6097 7.84025e-24
53.7333 7.8294e-24
53.8572 7.81863e-24
53.9814 7.80796e-24
54.1059 7.79736e-24
54.2306 7.78686e-24
54.3557 7.77643e-24
54.481 7.76609e-24
54.6067 7.75583e-24
54.7326 7.74565e-24
54.8588 7.73556e-24
54.9853 7.72554e-24
55.1121 7.71559e-24
55.2392 7.70573e-24
55.3666 7.69594e-24
55.4943 7.68622e-24
55.6222 7.67658e-24
55.7505 7.66701e-24
55.8791 7.65751e-24
56.0079 7.64809e-24
56.1371 7.63873e-24
56.2665 7.62945e-24
56.3963 7.62023e-24
56.5263 7.61108e-24
56.6567 7.60199e-24
56.7873 7.59298e-24
56.9183 7.58402e-24
57.0495 7.57514e-24
57.1811 7.56631e-24
57.3129 7.55755e-24
57.4451 7.54885e-24
57.5776 7.54021e-24
57.7104 7.53163e-24
57.8434 7.52312e-24
57.9768 7.51466e-24
58.1105 7.50626e-24
58.2445 7.49791e-24
58.3788 7.48963e-24
58.5135 7.4814e-24
58.6484 7.47322e-24
58.7836 7.4651e-24
58.9192 7.45704e-24
59.0551 7.44903e-24
59.1912 7.44107e-24
59.3277 7.43316e-24
59.4645 7.42531e-24
59.6017 7.4175e-24
59.7391 7.40975e-24
59.8769 7.40205e-24
60.0149 7.39439e-24
60.1533 7.38679e-24
60.2921 7.37923e-24
60.4311 7.37172e-24
60.5704 7.36426e-24
60.7101 7.35685e-24
60.8501 7.34948e-24
60.9904 7.34215e-24
61.1311 7.33487e-24
61.2721 7.32764e-24
61.4133 7.32045e-24
61.555 7.3133e-24
61.6969 7.3062e-24
61.8392 7.29914e-24
61.9818 7.29212e-24
62.1247 7.28514e-24
62.268 7.2782e-24
62.4116 7.2713e-24
62.5555 7.26445e-24
62.6997 7.25763e-24
62.8443 7.25085e-24
62.9892 7.24411e-24
63.1345 7.23741e-24
63.2801 7.23075e-24
63.426 7.22413e-24
63.5723 7.21754e-24
63.7189 7.21099e-24
63.8658 7.20447e-24
64.0131 7.19799e-24
64.1607 7.19155e-24
64.3087 7.18514e-24
64.457 7.17877e-24
64.6056 7.17243e-24
64.7546 7.16612e-24
64.9039 7.15985e-24
65.0536 7.15362e-24
65.2036 7.14741e-24
65.3539 7.14124e-24
65.5046 7.1351e-24
65.6557 7.12899e-24
65.8071 7.12291e-24
65.9589 7.11687e-24
66.111 7.11085e-24
66.2634 7.10487e-24
66.4162 7.09892e-24
66.5694 7.09299e-24
66.7229 7.0871e-24
66.8767 7.08124e-24
67.031 7.0754e-24
67.1855 7.0696e-24
67.3405 7.06382e-24
67.4958 7.05807e-24
67.6514 7.05235e-24
67.8074 7.04665e-24
67.9638 7.04099e-24
68.1205 7.03535e-24
68.2776 7.02974e-24
68.435 7.02415e-24
68.5928 7.01859e-24
68.751 7.01306e-24
68.9096 7.00755e-24
69.0685 7.00207e-24
69.2277 6.99661e-24
69.3874 6.99118e-24
69.5474 6.98578e-24
69.7078 6.9804e-24
69.8685 6.97504e-24
70.0296 6.96971e-24
70.1911 6.9644e-24
70.353 6.95911e-24
70.5152 6.95385e-24
70.6778 6.94861e-24
70.8408 6.9434e-24
71.0042 6.9382e-24
71.1679 6.93303e-24
71.332 6.92789e-24
71.4965 6.92276e-24
71.6614 6.91766e-24
71.8266 6.91258e-24
71.9923 6.90752e-24
72.1583 6.90248e-24
72.3247 6.89747e-24
72.4914 6.89247e-24
72.6586 6.8875e-24
72.8262 6.88254e-24
72.9941 6.87761e-24
73.1624 6.8727e-24
73.3311 6.8678e-24
73.5002 6.86293e-24
73.6697 6.85808e-24
73.8396 6.85324e-24
74.0099 6.84843e-24
74.1806 6.84364e-24
74.3516 6.83886e-24
74.5231 6.83411e-24
74.6949 6.82937e-24
74.8672 6.82465e-24
75.0398 6.81995e-24
75.2129 6.81527e-24
75.3863 6.81061e-24
75.5601 6.80596e-24
75.7344 6.80134e-24
75.909 6.79673e-24
76.0841 6.79214e-24
76.2595 6.78756e-24
76.4354 6.78301e-24
76.6116 6.77847e-24
76.7883 6.77394e-24
76.9654 6.76944e-24
77.1429 6.76495e-24
77.3208 6.76048e-24
77.4991 6.75603e-24
77.6778 6.75159e-24
77.8569 6.74717e-24
78.0364 6.74276e-24
78.2164 6.73837e-24
78.3968 6.734e-24
78.5775 6.72964e-24
78.7587 6.7253e-24
78.9404 6.72097e-24
79.1224 6.71666e-24
79.3049 6.71237e-24
79.4877 6.70809e-24
79.671 6.70382e-24
79.8548 6.69957e-24
80.0389 6.69534e-24
80.2235 6.69112e-24
80.4085 6.68692e-24
80.5939 6.68273e-24
80.7797 6.67855e-24
80.966 6.67439e-24
81.1527 6.67024e-24
81.3399 6.66611e-24
81.5274 6.66199e-24
81.7154 6.65789e-24
81.9039 6.6538e-24
82.0927 6.64972e-24
82.282 6.64566e-24
82.4718 6.64161e-24
82.662 6.63757e-24
82.8526 6.63355e-24
83.0437 6.62955e-24
83.2352 6.62555e-24
83.4271 6.62157e-24
83.6195 6.6176e-24
83.8123 6.61364e-24
84.0056 6.6097e-24
84.1993 6.60577e-24
84.3935 6.60186e-24
84.5881 6.59795e-24
84.7831 6.59406e-24
84.9786 6.59018e-24
85.1746 6.58632e-24
85.371 6.58246e-24
85.5679 6.57862e-24
85.7652 6.57479e-24
85.963 6.57098e-24
86.1612 6.56717e-24
86.3599 6.56338e-24
86.559 6.5596e-24
86.7586 6.55583e-24
86.9587 6.55208e-24
87.1592 6.54833e-24
87.3602 6.5446e-24
87.5617 6.54088e-24
87.7636 6.53717e-24
87.966 6.53347e-24
88.1688 6.52978e-24
88.3722 6.52611e-24
88.5759 6.52244e-24
88.7802 6.51879e-24
88.9849 6.51515e-24
89.1901 6.51152e-24
89.3958 6.5079e-24
89.6019 6.50429e-24
89.8086 6.50069e-24
90.0157 6.49711e-24
90.2232 6.49353e-24
90.4313 6.48997e-24
90.6398 6.48641e-24
90.8489 6.48287e-24
91.0583 6.47934e-24
91.2683 6.47581e-24
91.4788 6.4723e-24
91.6897 6.4688e-24
91.9012 6.46531e-24
92.1131 6.46183e-24
92.3255 6.45836e-24
92.5384 6.4549e-24
92.7518 6.45145e-24
92.9657 6.44801e-24
93.1801 6.44458e-24
93.395 6.44116e-24
93.6103 6.43775e-24
93.8262 6.43435e-24
94.0426 6.43096e-24
94.2594 6.42758e-24
94.4768 6.42421e-24
94.6946 6.42085e-24
94.913 6.4175e-24
95.1319 6.41416e-24
95.3513 6.41083e-24
95.5711 6.40751e-24
95.7915 6.4042e-24
96.0124 6.40089e-24
96.2338 6.3976e-24
96.4557 6.39432e-24
96.6782 6.39104e-24
96.9011 6.38778e-24
97.1246 6.38452e-24
97.3485 6.38127e-24
97.573 6.37804e-24
97.798 6.37481e-24
98.0236 6.37159e-24
98.2496 6.36838e-24
98.4762 6.36518e-24
98.7032 6.36199e-24
98.9309 6.3588e-24
99.159 6.35563e-24
99.3877 6.35246e-24
99.6168 6.34931e-24
99.8466 6.34616e-24
100.077 6.34302e-24
100.308 6.33989e-24
100.539 6.33677e-24
100.771 6.33366e-24
101.003 6.33055e-24
101.236 6.32746e-24
101.469 6.32437e-24
101.703 6.32129e-24
101.938 6.31822e-24
102.173 6.31516e-24
102.409 6.31211e-24
102.645 6.30906e-24
102.882 6.30603e-24
103.119 6.303e-24
103.357 6.29998e-24
103.595 6.29697e-24
103.834 6.29396e-24
104.073 6.29097e-24
104.313 6.28798e-24
104.554 6.285e-24
104.795 6.28203e-24
105.037 6.27907e-24
105.279 6.27612e-24
105.522 6.27317e-24
105.765 6.27023e-24
106.009 6.2673e-24
106.253 6.26438e-24
106.498 6.26146e-24
106.744 6.25856e-24
106.99 6.25566e-24
107.237 6.25277e-24
107.484 6.24988e-24
107.732 6.24701e-24
107.98 6.24414e-24
108.229 6.24128e-24
108.479 6.23843e-24
108.729 6.23558e-24
108.98 6.23274e-24
109.231 6.22992e-24
109.483 6.22709e-24
109.735 6.22428e-24
109.988 6.22147e-24
110.242 6.21867e-24
110.496 6.21588e-24
110.751 6.2131e-24
111.007 6.21032e-24
111.262 6.20755e-24
111.519 6.20479e-24
111.776 6.20204e-24
112.034 6.19929e-24
112.292 6.19655e-24
112.551 6.19382e-24
112.811 6.19109e-24
113.071 6.18837e-24
113.332 6.18566e-24
113.593 6.18296e-24
113.855 6.18026e-24
114.118 6.17757e-24
114.381 6.17489e-24
114.644 6.17222e-24
114.909 6.16955e-24
115.174 6.16689e-24
115.439 6.16423e-24
115.706 6.16159e-24
115.972 6.15895e-24
116.24 6.15632e-24
116.508 6.15369e-24
116.777 6.15107e-24
117.046 6.14846e-24
117.316 6.14586e-24
117.586 6.14326e-24
117.857 6.14067e-24
118.129 6.13809e-24
118.402 6.13551e-24
118.675 6.13294e-24
118.948 6.13038e-24
119.223 6.12782e-24
119.498 6.12527e-24
119.773 6.12273e-24
120.049 6.12019e-24
120.326 6.11766e-24
120.604 6.11514e-24
120.882 6.11262e-24
121.161 6.11011e-24
121.44 6.10761e-24
121.72 6.10512e-24
122.001 6.10263e-24
122.282 6.10014e-24
122.564 6.09767e-24
122.847 6.0952e-24
123.13 6.09274e-24
123.414 6.09028e-24
123.698 6.08783e-24
123.984 6.08539e-24
124.27 6.08295e-24
124.556 6.08052e-24
124.843 6.0781e-24
125.131 6.07568e-24
125.42 6.07327e-24
125.709 6.07087e-24
125.999 6.06847e-24
126.289 6.06608e-24
126.581 6.06369e-24
126.873 6.06131e-24
127.165 6.05894e-24
127.458 6.05658e-24
127.752 6.05422e-24
128.047 6.05186e-24
128.342 6.04952e-24
128.638 6.04718e-24
128.935 6.04484e-24
129.232 6.04252e-24
129.53 6.04019e-24
129.829 6.03788e-24
130.128 6.03557e-24
130.428 6.03327e-24
130.729 6.03097e-24
131.031 6.02868e-24
131.333 6.0264e-24
131.636 6.02412e-24
131.939 6.02185e-24
132.243 6.01958e-24
132.548 6.01732e-24
132.854 6.01507e-24
133.16 6.01282e-24
133.467 6.01058e-24
133.775 6.00835e-24
134.084 6.00612e-24
134.393 6.0039e-24
134.703 6.00168e-24
135.013 5.99947e-24
135.325 5.99726e-24
135.637 5.99507e-24
135.95 5.99287e-24
136.263 5.99069e-24
136.577 5.98851e-24
136.892 5.98633e-24
137.208 5.98416e-24
137.524 5.982e-24
137.841 5.97985e-24
138.159 5.9777e-24
138.478 5.97555e-24
138.797 5.97341e-24
139.117 5.97128e-24
139.438 5.96915e-24
139.76 5.96703e-24
140.082 5.96492e-24
140.405 5.96281e-24
140.729 5.96071e-24
141.053 5.95861e-24
141.379 5.95652e-24
141.705 5.95443e-24
142.031 5.95235e-24
142.359 5.95028e-24
142.687 5.94821e-24
143.016 5.94615e-24
143.346 5.94409e-24
143.677 5.94204e-24
144.008 5.94e-24
144.34 5.93796e-24
144.673 5.93593e-24
145.006 5.9339e-24
145.341 5.93188e-24
145.676 5.92986e-24
146.012 5.92785e-24
146.349 5.92585e-24
146.686 5.92385e-24
147.024 5.92186e-24
147.363 5.91987e-24
147.703 5.91789e-24
148.044 5.91591e-24
148.385 5.91395e-24
148.727 5.91198e-24
149.07 5.91002e-24
149.414 5.90807e-24
149.759 5.90612e-24
150.104 5.90418e-24
150.45 5.90225e-24
150.797 5.90032e-24
151.145 5.89839e-24
151.493 5.89647e-24
151.843 5.89456e-24
152.193 5.89265e-24
152.544 5.89075e-24
152.896 5.88885e-24
153.248 5.88696e-24
153.601 5.88508e-24
153.956 5.8832e-24
154.311 5.88133e-24
154.667 5.87946e-24
155.023 5.8776e-24
155.381 5.87574e-24
155.739 5.87389e-24
156.098 5.87204e-24
156.458 5.8702e-24
156.819 5.86837e-24
157.181 5.86654e-24
157.543 5.86471e-24
157.906 5.8629e-24
158.27 5.86108e-24
158.635 5.85928e-24
159.001 5.85748e-24
159.368 5.85568e-24
159.735 5.85389e-24
160.104 5.85211e-24
160.473 5.85033e-24
160.843 5.84855e-24
161.214 5.84678e-24
161.586 5.84502e-24
161.958 5.84326e-24
162.332 5.84151e-24
162.706 5.83977e-24
163.081 5.83803e-24
163.457 5.83629e-24
163.834 5.83456e-24
164.212 5.83284e-24
164.591 5.83112e-24
164.97 5.8294e-24
165.351 5.8277e-24
165.732 5.82599e-24
166.114 5.8243e-24
166.497 5.82261e-24
166.881 5.82092e-24
167.266 5.81924e-24
167.652 5.81756e-24
168.038 5.81589e-24
168.426 5.81423e-24
168.814 5.81257e-24
169.204 5.81092e-24
169.594 5.80927e-24
169.985 5.80763e-24
170.377 5.80599e-24
170.77 5.80436e-24
171.163 5.80273e-24
171.558 5.80111e-24
171.954 5.7995e-24
172.35 5.79789e-24
172.748 5.79628e-24
173.146 5.79468e-24
173.545 5.79309e-24
173.946 5.7915e-24
174.347 5.78992e-24
174.749 5.78834e-24
175.152 5.78677e-24
175.556 5.7852e-24
175.96 5.78364e-24
176.366 5.78208e-24
176.773 5.78053e-24
177.181 5.77899e-24
177.589 5.77745e-24
177.999 5.77591e-24
178.409 5.77438e-24
178.821 5.77286e-24
179.233 5.77134e-24
179.646 5.76983e-24
180.061 5.76832e-24
180.476 5.76682e-24
180.892 5.76532e-24
181.309 5.76383e-24
181.727 5.76235e-24
182.146 5.76087e-24
182.566 5.75939e-24
182.987 5.75792e-24
183.409 5.75646e-24
183.832 5.755e-24
184.256 5.75354e-24
184.681 5.75209e-24
185.107 5.75065e-24
185.534 5.74921e-24
185.962 5.74778e-24
186.39 5.74635e-24
186.82 5.74493e-24
187.251 5.74352e-24
187.683 5.74211e-24
188.116 5.7407e-24
188.549 5.7393e-24
188.984 5.73791e-24
189.42 5.73652e-24
189.857 5.73513e-24
190.295 5.73375e-24
190.733 5.73238e-24
191.173 5.73101e-24
191.614 5.72965e-24
192.056 5.72829e-24
192.499 5.72694e-24
192.943 5.7256e-24
193.388 5.72425e-24
193.834 5.72292e-24
194.281 5.72159e-24
194.729 5.72026e-24
195.178 5.71895e-24
195.628 5.71763e-24
196.079 5.71632e-24
196.531 5.71502e-24
196.984 5.71372e-24
197.438 5.71243e-24
197.894 5.71114e-24
198.35 5.70986e-24
198.808 5.70858e-24
199.266 5.70731e-24
199.725 5.70605e-24
200.186 5.70479e-24
200.648 5.70353e-24
201.11 5.70228e-24
201.574 5.70104e-24
202.039 5.6998e-24
202.505 5.69857e-24
202.972 5.69734e-24
203.44 5.69612e-24
203.909 5.6949e-24
204.379 5.69369e-24
204.851 5.69248e-24
205.323 5.69128e-24
205.796 5.69009e-24
206.271 5.6889e-24
206.747 5.68771e-24
207.223 5.68653e-24
207.701 5.68536e-24
208.18 5.68419e-24
208.66 5.68303e-24
209.141 5.68187e-24
209.624 5.68072e-24
210.107 5.67957e-24
210.592 5.67843e-24
211.077 5.6773e-24
211.564 5.67617e-24
212.052 5.67504e-24
212.541 5.67392e-24
213.031 5.67281e-24
213.522 5.6717e-24
214.015 5.6706e-24
214.508 5.6695e-24
215.003 5.66841e-24
215.499 5.66732e-24
215.996 5.66624e-24
216.494 5.66517e-24
216.993 5.6641e-24
217.493 5.66303e-24
217.995 5.66198e-24
218.498 5.66092e-24
219.001 5.65987e-24
219.506 5.65883e-24
220.013 5.6578e-24
220.52 5.65676e-24
221.028 5.65574e-24
221.538 5.65472e-24
222.049 5.6537e-24
222.561 5.6527e-24
223.074 5.65169e-24
223.589 5.65069e-24
224.104 5.6497e-24
224.621 5.64871e-24
225.139 5.64773e-24
225.658 5.64676e-24
226.179 5.64579e-24
226.7 5.64482e-24
227.223 5.64386e-24
227.747 5.64291e-24
228.272 5.64196e-24
228.798 5.64102e-24
229.326 5.64008e-24
229.855 5.63915e-24
230.385 5.63823e-24
230.916 5.63731e-24
231.449 5.63639e-24
231.982 5.63549e-24
232.517 5.63458e-24
233.054 5.63368e-24
233.591 5.63279e-24
234.13 5.63191e-24
234.67 5.63103e-24
235.211 5.63015e-24
235.753 5.62928e-24
236.297 5.62842e-24
236.842 5.62756e-24
237.388 5.62671e-24
237.935 5.62587e-24
238.484 5.62502e-24
239.034 5.62419e-24
239.585 5.62336e-24
240.138 5.62254e-24
240.691 5.62172e-24
241.246 5.62091e-24
241.803 5.6201e-24
242.36 5.6193e-24
242.919 5.61851e-24
243.479 5.61772e-24
244.041 5.61694e-24
244.604 5.61616e-24
245.168 5.61539e-24
245.733 5.61462e-24
246.3 5.61386e-24
246.868 5.61311e-24
247.437 5.61236e-24
248.007 5.61162e-24
248.579 5.61088e-24
249.153 5.61015e-24
249.727 5.60942e-24
250.303 5.60871e-24
250.88 5.60799e-24
251.459 5.60729e-24
252.039 5.60658e-24
252.62 5.60589e-24
253.202 5.6052e-24
253.786 5.60452e-24
254.372 5.60384e-24
254.958 5.60317e-24
255.546 5.6025e-24
256.135 5.60184e-24
256.726 5.60119e-24
257.318 5.60054e-24
257.911 5.5999e-24
258.506 5.59926e-24
259.102 5.59863e-24
259.7 5.59801e-24
260.299 5.59739e-24
260.899 5.59678e-24
261.5 5.59617e-24
262.103 5.59557e-24
262.708 5.59498e-24
263.314 5.59439e-24
263.921 5.59381e-24
264.53 5.59323e-24
265.14 5.59266e-24
265.751 5.5921e-24
266.364 5.59154e-24
266.978 5.59099e-24
267.594 5.59044e-24
268.211 5.5899e-24
268.829 5.58937e-24
269.449 5.58884e-24
270.071 5.58832e-24
270.693 5.58781e-24
271.318 5.5873e-24
271.943 5.5868e-24
272.57 5.5863e-24
273.199 5.58581e-24
273.829 5.58533e-24
274.46 5.58485e-24
275.093 5.58438e-24
275.728 5.58391e-24
276.363 5.58346e-24
277.001 5.583e-24
277.639 5.58256e-24
278.28 5.58212e-24
278.921 5.58169e-24
279.565 5.58126e-24
280.209 5.58084e-24
280.855 5.58042e-24
281.503 5.58002e-24
282.152 5.57961e-24
282.803 5.57922e-24
283.455 5.57883e-24
284.109 5.57845e-24
284.764 5.57807e-24
285.421 5.5777e-24
286.079 5.57734e-24
286.738 5.57698e-24
287.4 5.57663e-24
288.062 5.57629e-24
288.727 5.57595e-24
289.392 5.57562e-24
290.06 5.5753e-24
290.729 5.57498e-24
291.399 5.57467e-24
292.071 5.57436e-24
292.745 5.57406e-24
293.42 5.57377e-24
294.096 5.57349e-24
294.774 5.57321e-24
295.454 5.57294e-24
296.136 5.57267e-24
296.818 5.57241e-24
297.503 5.57216e-24
298.189 5.57192e-24
298.877 5.57168e-24
299.566 5.57145e-24
300.257 5.57122e-24
300.949 5.57101e-24
301.643 5.57079e-24
302.339 5.57059e-24
303.036 5.57039e-24
303.735 5.5702e-24
304.435 5.57002e-24
305.137 5.56984e-24
305.841 5.56967e-24
306.546 5.56951e-24
307.253 5.56935e-24
307.961 5.5692e-24
308.671 5.56906e-24
309.383 5.56892e-24
310.097 5.56879e-24
310.812 5.56867e-24
311.529 5.56855e-24
312.247 5.56844e-24
312.967 5.56834e-24
313.689 5.56825e-24
314.412 5.56816e-24
315.137 5.56808e-24
315.864 5.56801e-24
316.592 5.56794e-24
317.322 5.56788e-24
318.054 5.56783e-24
318.787 5.56778e-24
319.523 5.56775e-24
320.259 5.56772e-24
320.998 5.56769e-24
321.738 5.56768e-24
322.48 5.56767e-24
323.224 5.56767e-24
323.969 5.56767e-24
324.716 5.56768e-24
325.465 5.5677e-24
326.215 5.56773e-24
326.968 5.56777e-24
327.722 5.56781e-24
328.477 5.56786e-24
329.235 5.56791e-24
329.994 5.56798e-24
330.755 5.56805e-24
331.518 5.56813e-24
332.282 5.56821e-24
333.049 5.56831e-24
333.817 5.56841e-24
334.586 5.56851e-24
335.358 5.56863e-24
336.131 5.56875e-24
336.906 5.56888e-24
337.683 5.56902e-24
338.462 5.56917e-24
339.242 5.56932e-24
340.025 5.56948e-24
340.809 5.56965e-24
341.595 5.56983e-24
342.382 5.57001e-24
343.172 5.57021e-24
343.963 5.57041e-24
344.757 5.57061e-24
345.552 5.57083e-24
346.348 5.57105e-24
347.147 5.57128e-24
347.948 5.57152e-24
348.75 5.57177e-24
349.554 5.57202e-24
350.36 5.57228e-24
351.168 5.57255e-24
351.978 5.57283e-24
352.79 5.57311e-24
353.603 5.57341e-24
354.419 5.57371e-24
355.236 5.57402e-24
356.055 5.57434e-24
356.876 5.57466e-24
357.699 5.575e-24
358.524 5.57534e-24
359.351 5.57569e-24
360.179 5.57605e-24
361.01 5.57641e-24
361.842 5.57679e-24
362.677 5.57717e-24
363.513 5.57756e-24
364.351 5.57796e-24
365.192 5.57836e-24
366.034 5.57878e-24
366.878 5.5792e-24
367.724 5.57964e-24
368.572 5.58008e-24
369.422 5.58052e-24
370.274 5.58098e-24
371.128 5.58145e-24
371.983 5.58192e-24
372.841 5.5824e-24
373.701 5.58289e-24
374.563 5.58339e-24
375.426 5.5839e-24
376.292 5.58442e-24
377.16 5.58494e-24
378.03 5.58548e-24
378.901 5.58602e-24
379.775 5.58657e-24
380.651 5.58713e-24
381.529 5.5877e-24
382.408 5.58827e-24
383.29 5.58886e-24
384.174 5.58946e-24
385.06 5.59006e-24
385.948 5.59067e-24
386.838 5.59129e-24
387.73 5.59192e-24
388.624 5.59256e-24
389.52 5.59321e-24
390.419 5.59387e-24
391.319 5.59453e-24
392.221 5.59521e-24
393.126 5.59589e-24
394.032 5.59659e-24
394.941 5.59729e-24
395.852 5.598e-24
396.765 5.59872e-24
397.679 5.59945e-24
398.597 5.60019e-24
399.516 5.60094e-24
400.437 5.6017e-24
401.36 5.60247e-24
402.286 5.60325e-24
403.214 5.60404e-24
404.143 5.60483e-24
405.075 5.60564e-24
406.009 5.60646e-24
406.946 5.60729e-24
407.884 5.60812e-24
408.825 5.60897e-24
409.767 5.60983e-24
410.712 5.6107e-24
411.66 5.61158e-24
412.609 5.61247e-24
413.56 5.61337e-24
414.514 5.61428e-24
415.47 5.6152e-24
416.428 5.61614e-24
417.388 5.61709e-24
418.351 5.61805e-24
419.315 5.61903e-24
420.282 5.62002e-24
421.252 5.62103e-24
422.223 5.62206e-24
423.197 5.6231e-24
424.173 5.62418e-24
425.151 5.62527e-24
426.131 5.62641e-24
427.114 5.62758e-24
428.099 5.62882e-24
429.086 5.63013e-24
430.075 5.63156e-24
431.067 5.63317e-24
432.061 5.63508e-24
433.057 5.63754e-24
434.056 5.64116e-24
435.057 5.64771e-24
436.06 5.6643e-24
437.066 5.74867e-24
438.074 1.05781e-22
439.084 5.74387e-24
440.096 5.66697e-24
441.111 5.65349e-24
442.129 5.64955e-24
443.148 5.64837e-24
444.17 5.64829e-24
445.194 5.64873e-24
446.221 5.64946e-24
447.25 5.65035e-24
448.281 5.65135e-24
449.315 5.65242e-24
450.351 5.65355e-24
451.39 5.65471e-24
452.43 5.65592e-24
453.474 5.65714e-24
454.519 5.65839e-24
455.568 5.65966e-24
456.618 5.66095e-24
457.671 5.66226e-24
458.727 5.66358e-24
459.784 5.66491e-24
460.845 5.66626e-24
461.907 5.66762e-24
462.972 5.669e-24
464.04 5.67039e-24
465.11 5.67179e-24
466.183 5.6732e-24
467.258 5.67463e-24
468.335 5.67607e-24
469.415 5.67752e-24
470.498 5.67898e-24
471.583 5.68046e-24
472.67 5.68194e-24
473.76 5.68344e-24
474.853 5.68495e-24
475.948 5.68647e-24
477.045 5.68801e-24
478.145 5.68955e-24
479.248 5.69111e-24
480.353 5.69268e-24
481.461 5.69426e-24
482.571 5.69585e-24
483.684 5.69746e-24
484.799 5.69907e-24
485.917 5.7007e-24
487.038 5.70234e-24
488.161 5.70399e-24
489.286 5.70566e-24
490.415 5.70733e-24
491.546 5.70902e-24
492.679 5.71072e-24
493.815 5.71244e-24
494.954 5.71416e-24
496.095 5.7159e-24
497.239 5.71765e-24
498.386 5.71941e-24
499.535 5.72118e-24
500.687 5.72297e-24
501.842 5.72476e-24
502.999 5.72658e-24
504.159 5.7284e-24
505.322 5.73023e-24
506.487 5.73208e-24
507.655 5.73394e-24
508.825 5.73581e-24
509.999 5.7377e-24
511.175 5.7396e-24
512.354 5.74151e-24
513.535 5.74343e-24
514.719 5.74537e-24
515.906 5.74732e-24
517.096 5.74928e-24
518.288 5.75125e-24
519.484 5.75324e-24
520.682 5.75524e-24
521.882 5.75725e-24
523.086 5.75928e-24
524.292 5.76132e-24
525.501 5.76337e-24
526.713 5.76544e-24
527.927 5.76751e-24
529.145 5.76961e-24
530.365 5.77171e-24
531.588 5.77383e-24
532.814 5.77596e-24
534.043 5.77811e-24
535.274 5.78026e-24
536.508 5.78244e-24
537.746 5.78462e-24
538.986 5.78682e-24
540.229 5.78903e-24
541.474 5.79126e-24
542.723 5.7935e-24
543.974 5.79575e-24
545.229 5.79802e-24
546.486 5.8003e-24
547.746 5.80259e-24
549.01 5.8049e-24
550.276 5.80722e-24
551.544 5.80956e-24
552.816 5.81191e-24
554.091 5.81427e-24
555.369 5.81665e-24
556.65 5.81904e-24
557.933 5.82145e-24
559.22 5.82387e-24
560.509 5.8263e-24
561.802 5.82875e-24
563.097 5.83122e-24
564.396 5.83369e-24
565.697 5.83619e-24
567.002 5.83869e-24
568.309 5.84121e-24
569.62 5.84375e-24
570.933 5.8463e-24
572.25 5.84886e-24
573.57 5.85144e-24
574.892 5.85404e-24
576.218 5.85665e-24
577.547 5.85927e-24
578.879 5.86191e-24
580.214 5.86456e-24
581.552 5.86723e-24
582.893 5.86991e-24
584.237 5.87261e-24
585.584 5.87533e-24
586.934 5.87806e-24
588.288 5.8808e-24
589.644 5.88356e-24
591.004 5.88633e-24
592.367 5.88912e-24
593.733 5.89193e-24
595.102 5.89475e-24
596.474 5.89758e-24
597.85 5.90043e-24
599.229 5.9033e-24
600.61 5.90618e-24
601.995 5.90908e-24
603.384 5.91199e-24
604.775 5.91492e-24
606.17 5.91787e-24
607.567 5.92083e-24
608.969 5.92381e-24
610.373 5.9268e-24
611.78 5.92981e-24
613.191 5.93283e-24
614.605 5.93587e-24
616.022 5.93893e-24
617.443 5.942e-24
618.867 5.94509e-24
620.294 5.9482e-24
621.724 5.95132e-24
623.158 5.95446e-24
624.595 5.95761e-24
626.035 5.96078e-24
627.479 5.96397e-24
628.926 5.96718e-24
630.376 5.9704e-24
631.83 5.97363e-24
633.287 5.97689e-24
634.747 5.98016e-24
636.211 5.98345e-24
637.678 5.98675e-24
639.149 5.99007e-24
640.623 5.99341e-24
642.1 5.99677e-24
643.58 6.00014e-24
645.065 6.00353e-24
646.552 6.00694e-24
648.043 6.01036e-24
649.537 6.0138e-24
651.035 6.01726e-24
652.537 6.02074e-24
654.041 6.02423e-24
655.55 6.02774e-24
657.061 6.03127e-24
658.576 6.03481e-24
660.095 6.03838e-24
661.617 6.04196e-24
663.143 6.04556e-24
664.672 6.04917e-24
666.205 6.05281e-24
667.741 6.05646e-24
669.281 6.06013e-24
670.824 6.06382e-24
672.371 6.06753e-24
673.922 6.07125e-24
675.476 6.07499e-24
677.034 6.07875e-24
678.595 6.08253e-24
680.16 6.08633e-24
681.728 6.09015e-24
683.3 6.09398e-24
684.876 6.09783e-24
686.455 6.10171e-24
688.038 6.1056e-24
689.625 6.1095e-24
691.215 6.11343e-24
692.809 6.11738e-24
694.407 6.12134e-24
696.008 6.12533e-24
697.613 6.12933e-24
699.222 6.13335e-24
700.834 6.13739e-24
702.45 6.14145e-24
704.07 6.14553e-24
705.694 6.14963e-24
707.321 6.15375e-24
708.952 6.15788e-24
710.587 6.16204e-24
712.226 6.16621e-24
713.868 6.17041e-24
715.514 6.17462e-24
717.164 6.17886e-24
718.818 6.18311e-24
720.475 6.18739e-24
722.137 6.19168e-24
723.802 6.19599e-24
725.471 6.20032e-24
727.144 6.20468e-24
728.821 6.20905e-24
730.502 6.21344e-24
732.186 6.21786e-24
733.875 6.22229e-24
735.567 6.22674e-24
737.263 6.23122e-24
738.963 6.23571e-24
740.667 6.24023e-24
742.375 6.24476e-24
744.087 6.24932e-24
745.803 6.25389e-24
747.523 6.25849e-24
749.247 6.26311e-24
750.975 6.26774e-24
752.706 6.2724e-24
754.442 6.27708e-24
756.182 6.28178e-24
757.926 6.28651e-24
759.673 6.29125e-24
761.425 6.29601e-24
763.181 6.3008e-24
764.941 6.3056e-24
766.705 6.31043e-24
768.473 6.31528e-24
770.245 6.32015e-24
772.021 6.32504e-24
773.801 6.32996e-24
775.586 6.33489e-24
777.374 6.33985e-24
779.167 6.34483e-24
780.964 6.34983e-24
782.765 6.35485e-24
784.57 6.35989e-24
786.379 6.36496e-24
788.192 6.37005e-24
790.01 6.37516e-24
791.832 6.38029e-24
793.658 6.38545e-24
795.488 6.39062e-24
797.322 6.39582e-24
799.161 6.40104e-24
801.004 6.40629e-24
802.851 6.41155e-24
804.702 6.41684e-24
806.558 6.42216e-24
808.418 6.42749e-24
810.282 6.43285e-24
812.151 6.43823e-24
814.023 6.44363e-24
815.901 6.44906e-24
817.782 6.45451e-24
819.668 6.45998e-24
821.558 6.46548e-24
823.452 6.471e-24
825.351 6.47655e-24
827.255 6.48211e-24
829.162 6.4877e-24
831.074 6.49332e-24
832.991 6.49896e-24
834.912 6.50463e-24
836.837 6.51032e-24
838.767 6.51603e-24
840.701 6.52178e-24
842.64 6.52755e-24
844.583 6.53336e-24
846.53 6.5392e-24
848.482 6.54509e-24
850.439 6.55106e-24
852.4 6.55718e-24
854.366 6.56372e-24
856.336 6.57239e-24
858.311 6.68107e-24
860.29 6.59043e-24
862.274 6.58818e-24
864.262 6.59308e-24
866.255 6.59878e-24
868.253 6.60469e-24
870.255 6.61071e-24
872.262 6.61678e-24
874.273 6.6229e-24
876.289 6.62905e-24
878.31 6.63523e-24
880.336 6.64144e-24
882.366 6.64767e-24
884.4 6.65394e-24
886.44 6.66023e-24
888.484 6.66655e-24
890.533 6.67289e-24
892.586 6.67926e-24
894.645 6.68565e-24
896.708 6.69208e-24
898.775 6.69852e-24
900.848 6.705e-24
902.925 6.7115e-24
905.008 6.71802e-24
907.095 6.72457e-24
909.186 6.73115e-24
911.283 6.73775e-24
913.384 6.74438e-24
915.491 6.75104e-24
917.602 6.75772e-24
919.718 6.76443e-24
921.839 6.77117e-24
923.964 6.77793e-24
926.095 6.78472e-24
928.231 6.79154e-24
930.371 6.79838e-24
932.517 6.80525e-24
934.667 6.81214e-24
936.822 6.81907e-24
938.983 6.82602e-24
941.148 6.833e-24
943.318 6.84e-24
945.494 6.84703e-24
947.674 6.85409e-24
949.859 6.86118e-24
952.05 6.86829e-24
954.245 6.87543e-24
956.445 6.8826e-24
958.651 6.8898e-24
960.862 6.89702e-24
963.077 6.90428e-24
965.298 6.91156e-24
967.524 6.91887e-24
969.755 6.9262e-24
971.992 6.93357e-24
974.233 6.94096e-24
976.48 6.94838e-24
978.731 6.95583e-24
980.988 6.96331e-24
983.251 6.97081e-24
985.518 6.97835e-24
987.791 6.98591e-24
990.068 6.9935e-24
992.352 7.00112e-24
994.64 7.00877e-24
996.934 7.01645e-24
999.233 7.02416e-24
1001.54 7.03189e-24
1003.85 7.03966e-24
1006.16 7.04745e-24
1008.48 7.05528e-24
1010.81 7.06313e-24
1013.14 7.07101e-24
1015.47 7.07893e-24
1017.82 7.08687e-24
1020.16 7.09484e-24
1022.52 7.10284e-24
1024.87 7.11087e-24
1027.24 7.11893e-24
1029.61 7.12702e-24
1031.98 7.13514e-24
1034.36 7.14329e-24
1036.74 7.15147e-24
1039.14 7.15969e-24
1041.53 7.16793e-24
1043.93 7.1762e-24
1046.34 7.1845e-24
1048.75 7.19283e-24
1051.17 7.2012e-24
1053.6 7.20959e-24
1056.03 7.21801e-24
1058.46 7.22647e-24
1060.9 7.23496e-24
1063.35 7.24347e-24
1065.8 7.25202e-24
1068.26 7.2606e-24
1070.72 7.26921e-24
1073.19 7.27785e-24
1075.67 7.28653e-24
1078.15 7.29523e-24
1080.63 7.30397e-24
1083.12 7.31274e-24
1085.62 7.32154e-24
1088.13 7.33037e-24
1090.63 7.33923e-24
1093.15 7.34813e-24
1095.67 7.35705e-24
1098.2 7.36601e-24
1100.73 7.375e-24
1103.27 7.38403e-24
1105.81 7.39308e-24
1108.36 7.40217e-24
1110.92 7.41129e-24
1113.48 7.42044e-24
1116.05 7.42963e-24
1118.62 7.43885e-24
1121.2 7.4481e-24
1123.79 7.45738e-24
1126.38 7.4667e-24
1128.97 7.47605e-24
1131.58 7.48543e-24
1134.19 7.49485e-24
1136.8 7.50429e-24
1139.42 7.51378e-24
1142.05 7.52329e-24
1144.69 7.53284e-24
1147.33 7.54243e-24
1149.97 7.55204e-24
1152.62 7.56169e-24
1155.28 7.57138e-24
1157.94 7.58109e-24
1160.62 7.59085e-24
1163.29 7.60063e-24
1165.97 7.61045e-24
1168.66 7.6203e-24
1171.36 7.63019e-24
1174.06 7.64012e-24
1176.77 7.65007e-24
1179.48 7.66006e-24
1182.2 7.67009e-24
1184.93 7.68015e-24
1187.66 7.69025e-24
1190.4 7.70038e-24
1193.14 7.71054e-24
1195.89 7.72075e-24
1198.65 7.73098e-24
1201.42 7.74125e-24
1204.19 7.75156e-24
1206.96 7.7619e-24
1209.75 7.77228e-24
1212.54 7.7827e-24
1215.33 7.79315e-24
1218.13 7.80364e-24
1220.94 7.81417e-24
1223.76 7.82473e-24
1226.58 7.83534e-24
1229.41 7.84601e-24
1232.24 7.85676e-24
1235.09 7.86768e-24
1237.93 7.87957e-24
1240.79 8.25916e-24
1243.65 7.90157e-24
1246.52 7.91087e-24
1249.39 7.92149e-24
1252.27 7.93232e-24
1255.16 7.94323e-24
1258.06 7.9542e-24
1260.96 7.96522e-24
1263.86 7.97627e-24
1266.78 7.98737e-24
1269.7 7.9985e-24
1272.63 8.00968e-24
1275.56 8.02089e-24
1278.5 8.03214e-24
1281.45 8.04342e-24
1284.41 8.05475e-24
1287.37 8.06611e-24
1290.34 8.07751e-24
1293.31 8.08895e-24
1296.3 8.10043e-24
1299.29 8.11194e-24
1302.28 8.12349e-24
1305.28 8.13508e-24
1308.29 8.14671e-24
1311.31 8.15838e-24
1314.34 8.17009e-24
1317.37 8.18183e-24
1320.4 8.19361e-24
1323.45 8.20543e-24
1326.5 8.2173e-24
1329.56 8.22919e-24
1332.63 8.24113e-24
1335.7 8.25311e-24
1338.78 8.26513e-24
1341.87 8.27718e-24
1344.96 8.28928e-24
1348.06 8.30141e-24
1351.17 8.31359e-24
1354.29 8.3258e-24
1357.41 8.33805e-24
1360.54 8.35035e-24
1363.68 8.36268e-24
1366.82 8.37505e-24
1369.97 8.38746e-24
1373.13 8.39992e-24
1376.3 8.41241e-24
1379.47 8.42494e-24
1382.65 8.43752e-24
1385.84 8.45013e-24
1389.04 8.46278e-24
1392.24 8.47548e-24
1395.45 8.48822e-24
1398.67 8.50099e-24
1401.9 8.51381e-24
1405.13 8.52667e-24
1408.37 8.53957e-24
1411.62 8.55251e-24
1414.87 8.56549e-24
1418.13 8.57852e-24
1421.4 8.59158e-24
1424.68 8.60469e-24
1427.97 8.61784e-24
1431.26 8.63103e-24
1434.56 8.64426e-24
1437.87 8.65753e-24
1441.18 8.67085e-24
1444.51 8.6842e-24
1447.84 8.6976e-24
1451.18 8.71105e-24
1454.52 8.72453e-24
1457.88 8.73806e-24
1461.24 8.75163e-24
1464.61 8.76524e-24
1467.99 8.77889e-24
1471.37 8.79259e-24
1474.77 8.80633e-24
1478.17 8.82012e-24
1481.57 8.83394e-24
1484.99 8.84781e-24
1488.42 8.86173e-24
1491.85 8.87568e-24
1495.29 8.88968e-24
1498.74 8.90373e-24
1502.19 8.91781e-24
1505.66 8.93194e-24
1509.13 8.94612e-24
1512.61 8.96034e-24
1516.1 8.9746e-24
1519.59 8.98891e-24
1523.1 9.00326e-24
1526.61 9.01766e-24
1530.13 9.0321e-24
1533.66 9.04658e-24
1537.19 9.06111e-24
1540.74 9.07569e-24
1544.29 9.09031e-24
1547.85 9.10498e-24
1551.42 9.11969e-24
1555 9.13445e-24
1558.59 9.14926e-24
1562.18 9.16412e-24
1565.78 9.17906e-24
1569.39 9.19412e-24
1573.01 9.20993e-24
1576.64 9.26045e-24
1580.28 9.23955e-24
1583.92 9.25426e-24
1587.57 9.26933e-24
1591.23 9.28451e-24
1594.9 9.29975e-24
1598.58 9.31505e-24
1602.27 9.33039e-24
1605.96 9.34578e-24
1609.67 9.36122e-24
1613.38 9.37671e-24
1617.1 9.39224e-24
1620.83 9.40783e-24
1624.56 9.42345e-24
1628.31 9.43913e-24
1632.07 9.45485e-24
1635.83 9.47062e-24
1639.6 9.48644e-24
1643.38 9.50231e-24
1647.17 9.51822e-24
1650.97 9.53418e-24
1654.78 9.55019e-24
1658.59 9.56625e-24
1662.42 9.58235e-24
1666.25 9.59851e-24
1670.09 9.61471e-24
1673.95 9.63096e-24
1677.81 9.64725e-24
1681.67 9.6636e-24
1685.55 9.68e-24
1689.44 9.69644e-24
1693.34 9.71293e-24
1697.24 9.72947e-24
1701.15 9.74606e-24
1705.08 9.7627e-24
1709.01 9.77939e-24
1712.95 9.79613e-24
1716.9 9.81292e-24
1720.86 9.82976e-24
1724.83 9.84664e-24
1728.8 9.86358e-24
1732.79 9.88057e-24
1736.79 9.8976e-24
1740.79 9.91469e-24
1744.81 9.93182e-24
1748.83 9.94901e-24
1752.86 9.96625e-24
1756.9 9.98354e-24
1760.96 1.00009e-23
1765.02 1.00183e-23
1769.09 1.00357e-23
1773.17 1.00532e-23
1777.26 1.00707e-23
1781.35 1.00883e-23
1785.46 1.0106e-23
1789.58 1.01237e-23
1793.71 1.01414e-23
1797.84 1.01592e-23
1801.99 1.01771e-23
1806.14 1.0195e-23
1810.31 1.02129e-23
1814.48 1.02309e-23
1818.67 1.0249e-23
1822.86 1.02671e-23
1827.06 1.02853e-23
1831.28 1.03035e-23
1835.5 1.03217e-23
1839.73 1.03401e-23
1843.98 1.03584e-23
1848.23 1.03769e-23
1852.49 1.03953e-23
1856.76 1.04139e-23
1861.04 1.04325e-23
1865.34 1.04511e-23
1869.64 1.04698e-23
1873.95 1.04885e-23
1878.27 1.05073e-23
1882.6 1.05262e-23
1886.94 1.05451e-23
1891.29 1.05641e-23
1895.65 1.05837e-23
1900.03 1.0604e-23
1904.41 1.06214e-23
1908.8 1.06405e-23
1913.2 1.06597e-23
1917.61 1.0679e-23
1922.03 1.06983e-23
1926.47 1.07177e-23
1930.91 1.07372e-23
1935.36 1.07567e-23
1939.83 1.07762e-23
1944.3 1.07958e-23
1948.78 1.08155e-23
1953.28 1.08353e-23
1957.78 1.0855e-23
1962.29 1.08749e-23
1966.82 1.08948e-23
1971.36 1.09147e-23
1975.9 1.09347e-23
1980.46 1.09548e-23
1985.02 1.09749e-23
1989.6 1.09951e-23
1994.19 1.10153e-23
1998.79 1.10356e-23
2003.4 1.1056e-23
2008.02 1.10764e-23
2012.65 1.10968e-23
2017.29 1.11174e-23
2021.94 1.11379e-23
2026.6 1.11586e-23
2031.28 1.11793e-23
2035.96 1.12e-23
2040.66 1.12208e-23
2045.36 1.12417e-23
2050.08 1.12626e-23
2054.81 1.12836e-23
2059.54 1.13046e-23
2064.29 1.13257e-23
2069.05 1.13469e-23
2073.83 1.13681e-23
2078.61 1.13894e-23
2083.4 1.14107e-23
2088.21 1.14321e-23
2093.02 1.14536e-23
2097.85 1.14751e-23
2102.69 1.14967e-23
2107.53 1.15183e-23
2112.39 1.154e-23
2117.27 1.15617e-23
2122.15 1.15835e-23
2127.04 1.16054e-23
2131.95 1.16274e-23
2136.86 1.16493e-23
2141.79 1.16714e-23
2146.73 1.16935e-23
2151.68 1.17157e-23
2156.64 1.17379e-23
2161.61 1.17602e-23
2166.6 1.17826e-23
2171.6 1.1805e-23
2176.6 1.18275e-23
2181.62 1.185e-23
2186.65 1.18726e-23
2191.7 1.18953e-23
2196.75 1.1918e-23
2201.82 1.19408e-23
2206.89 1.19636e-23
2211.98 1.19866e-23
2217.08 1.20095e-23
2222.2 1.20326e-23
2227.32 1.20557e-23
2232.46 1.20788e-23
2237.6 1.21021e-23
2242.76 1.21253e-23
2247.94 1.21487e-23
2253.12 1.21722e-23
2258.32 1.21972e-23
2263.52 1.22192e-23
2268.74 1.22427e-23
2273.97 1.22664e-23
2279.22 1.22901e-23
2284.47 1.23139e-23
2289.74 1.23378e-23
2295.02 1.23617e-23
2300.31 1.23857e-23
2305.62 1.24098e-23
2310.94 1.24339e-23
2316.27 1.24581e-23
2321.61 1.24823e-23
2326.96 1.25066e-23
2332.33 1.2531e-23
2337.7 1.25555e-23
2343.1 1.258e-23
2348.5 1.26046e-23
2353.91 1.26292e-23
2359.34 1.26539e-23
2364.78 1.26787e-23
2370.24 1.27035e-23
2375.7 1.27284e-23
2381.18 1.27534e-23
2386.67 1.27785e-23
2392.17 1.28036e-23
2397.69 1.28288e-23
2403.22 1.2854e-23
2408.76 1.28793e-23
2414.32 1.29047e-23
2419.88 1.29301e-23
2425.46 1.29556e-23
2431.06 1.29812e-23
2436.66 1.30069e-23
2442.28 1.30326e-23
2447.91 1.30584e-23
2453.56 1.30842e-23
2459.22 1.31102e-23
2464.89 1.31361e-23
2470.57 1.31622e-23
2476.27 1.31883e-23
2481.98 1.32145e-23
2487.7 1.32408e-23
2493.44 1.32671e-23
2499.19 1.32935e-23
2504.95 1.332e-23
2510.73 1.33466e-23
2516.52 1.33732e-23
2522.32 1.33999e-23
2528.14 1.34266e-23
2533.97 1.34535e-23
2539.81 1.34804e-23
2545.67 1.35073e-23
2551.54 1.35344e-23
2557.42 1.35615e-23
2563.32 1.35887e-23
2569.23 1.36159e-23
2575.16 1.36432e-23
2581.09 1.36706e-23
2587.05 1.36981e-23
2593.01 1.37256e-23
2598.99 1.37533e-23
2604.99 1.37809e-23
2610.99 1.38087e-23
2617.01 1.38365e-23
2623.05 1.38644e-23
2629.1 1.38924e-23
2635.16 1.39205e-23
2641.24 1.39486e-23
2647.33 1.39768e-23
2653.43 1.4005e-23
2659.55 1.40334e-23
2665.68 1.40619e-23
2671.83 1.40903e-23
2677.99 1.41189e-23
2684.17 1.41475e-23
2690.36 1.41762e-23
2696.56 1.4205e-23
2702.78 1.42339e-23
2709.01 1.42628e-23
2715.26 1.42918e-23
2721.52 1.43209e-23
2727.8 1.43501e-23
2734.09 1.43793e-23
2740.39 1.44086e-23
2746.71 1.4438e-23
2753.04 1.44675e-23
2759.39 1.4497e-23
2765.76 1.45266e-23
2772.13 1.45563e-23
2778.53 1.45861e-23
2784.93 1.4616e-23
2791.36 1.46459e-23
2797.79 1.46759e-23
2804.24 1.4706e-23
2810.71 1.47361e-23
2817.19 1.47664e-23
2823.69 1.47967e-23
2830.2 1.48271e-23
2836.73 1.48576e-23
2843.27 1.48881e-23
2849.83 1.49187e-23
2856.4 1.49494e-23
2862.98 1.49802e-23
2869.59 1.50111e-23
2876.2 1.50421e-23
2882.84 1.50731e-23
2889.48 1.51042e-23
2896.15 1.51354e-23
2902.83 1.51666e-23
2909.52 1.5198e-23
2916.23 1.52294e-23
2922.95 1.52609e-23
2929.69 1.52925e-23
2936.45 1.53242e-23
2943.22 1.53559e-23
2950.01 1.53878e-23
2956.81 1.54197e-23
2963.63 1.54517e-23
2970.46 1.54837e-23
2977.31 1.55159e-23
2984.18 1.55481e-23
2991.06 1.55805e-23
2997.96 1.56129e-23
3004.87 1.56454e-23
3011.8 1.5678e-23
3018.75 1.57107e-23
3025.71 1.57434e-23
3032.68 1.57762e-23
3039.68 1.58092e-23
3046.69 1.58422e-23
3053.71 1.58753e-23
3060.76 1.59084e-23
3067.81 1.59417e-23
3074.89 1.5975e-23
3081.98 1.60085e-23
3089.09 1.6042e-23
3096.21 1.60758e-23
3103.35 1.61093e-23
3110.51 1.6143e-23
3117.68 1.61769e-23
3124.87 1.62108e-23
3132.07 1.62448e-23
3139.3 1.62789e-23
3146.54 1.63131e-23
3153.79 1.63474e-23
3161.06 1.63818e-23
3168.35 1.64162e-23
3175.66 1.64508e-23
3182.98 1.64854e-23
3190.32 1.65201e-23
3197.68 1.65549e-23
3205.05 1.65898e-23
3212.44 1.66248e-23
3219.85 1.66598e-23
3227.28 1.6695e-23
3234.72 1.67302e-23
3242.18 1.67655e-23
3249.66 1.6801e-23
3257.15 1.68365e-23
3264.66 1.68721e-23
3272.19 1.69077e-23
3279.73 1.69435e-23
3287.3 1.69794e-23
3294.88 1.70153e-23
3302.48 1.70514e-23
3310.09 1.70875e-23
3317.72 1.71237e-23
3325.37 1.71601e-23
3333.04 1.71965e-23
3340.73 1.7233e-23
3348.43 1.72695e-23
3356.15 1.73062e-23
3363.89 1.7343e-23
3371.65 1.73798e-23
3379.43 1.74168e-23
3387.22 1.74538e-23
3395.03 1.7491e-23
3402.86 1.75282e-23
3410.71 1.75655e-23
3418.57 1.7603e-23
3426.45 1.76405e-23
3434.36 1.76781e-23
3442.28 1.77158e-23
3450.21 1.77536e-23
3458.17 1.77914e-23
3466.14 1.78294e-23
3474.14 1.78675e-23
3482.15 1.79057e-23
3490.18 1.79439e-23
3498.23 1.79823e-23
3506.29 1.80207e-23
3514.38 1.80593e-23
3522.48 1.80979e-23
3530.61 1.81367e-23
3538.75 1.81755e-23
3546.91 1.82144e-23
3555.09 1.82534e-23
3563.29 1.82926e-23
3571.5 1.83318e-23
3579.74 1.83711e-23
3587.99 1.84105e-23
3596.27 1.845e-23
3604.56 1.84896e-23
3612.87 1.85294e-23
3621.2 1.85692e-23
3629.55 1.86091e-23
3637.92 1.86491e-23
3646.31 1.86892e-23
3654.72 1.87294e-23
3663.15 1.87697e-23
3671.6 1.88101e-23
3680.06 1.88506e-23
3688.55 1.88912e-23
3697.06 1.89319e-23
3705.58 1.89727e-23
3714.13 1.90136e-23
3722.69 1.90546e-23
3731.28 1.90957e-23
3739.88 1.91369e-23
3748.5 1.91782e-23
3757.15 1.92197e-23
3765.81 1.92612e-23
3774.5 1.93028e-23
3783.2 1.93446e-23
3791.92 1.93864e-23
3800.67 1.94284e-23
3809.43 1.94704e-23
3818.22 1.95126e-23
3827.02 1.95548e-23
3835.85 1.95972e-23
3844.69 1.96396e-23
3853.56 1.96822e-23
3862.44 1.97249e-23
3871.35 1.97676e-23
3880.28 1.98105e-23
3889.23 1.98535e-23
3898.2 1.98966e-23
3907.18 1.99398e-23
3916.19 1.99831e-23
3925.23 2.00265e-23
3934.28 2.007e-23
3943.35 2.01136e-23
3952.44 2.01574e-23
3961.56 2.02012e-23
3970.69 2.02451e-23
3979.85 2.02898e-23
3989.03 2.03333e-23
3998.23 2.03776e-23
4007.45 2.0422e-23
4016.69 2.04664e-23
4025.95 2.0511e-23
4035.23 2.05557e-23
4044.54 2.06005e-23
4053.87 2.06454e-23
4063.21 2.06905e-23
4072.58 2.07356e-23
4081.97 2.07808e-23
4091.39 2.08262e-23
4100.82 2.08716e-23
4110.28 2.09172e-23
4119.76 2.09629e-23
4129.26 2.10087e-23
4138.78 2.10546e-23
4148.32 2.11006e-23
4157.89 2.11467e-23
4167.48 2.1193e-23
4177.09 2.12393e-23
4186.72 2.12858e-23
4196.38 2.13324e-23
4206.05 2.13791e-23
4215.75 2.14259e-23
4225.47 2.14728e-23
4235.22 2.15198e-23
4244.98 2.1567e-23
4254.77 2.16142e-23
4264.58 2.16616e-23
4274.42 2.17091e-23
4284.27 2.17567e-23
4294.15 2.18044e-23
4304.06 2.18523e-23
4313.98 2.19002e-23
4323.93 2.19483e-23
4333.9 2.19965e-23
4343.89 2.20448e-23
4353.91 2.20932e-23
4363.95 2.21417e-23
4374.02 2.21904e-23
4384.1 2.22391e-23
4394.21 2.2288e-23
4404.34 2.2337e-23
4414.5 2.23862e-23
4424.68 2.24354e-23
4434.88 2.24848e-23
4445.11 2.25342e-23
4455.36 2.25838e-23
4465.64 2.26336e-23
4475.93 2.26834e-23
4486.26 2.27334e-23
4496.6 2.27834e-23
4506.97 2.28336e-23
4517.36 2.2884e-23
4527.78 2.29344e-23
4538.22 2.2985e-23
4548.69 2.30357e-23
4559.18 2.30865e-23
4569.69 2.31374e-23
4580.23 2.31885e-23
4590.79 2.32396e-23
4601.38 2.32909e-23
4611.99 2.33424e-23
4622.62 2.33939e-23
4633.28 2.34456e-23
4643.97 2.34974e-23
4654.67 2.35493e-23
4665.41 2.36013e-23
4676.17 2.36535e-23
4686.95 2.37058e-23
4697.76 2.37582e-23
4708.59 2.38108e-23
4719.45 2.38634e-23
4730.33 2.39162e-23
4741.24 2.39692e-23
4752.17 2.40222e-23
4763.13 2.40754e-23
4774.12 2.41287e-23
4785.13 2.41822e-23
4796.16 2.42357e-23
4807.22 2.42894e-23
4818.31 2.43432e-23
4829.42 2.43972e-23
4840.55 2.44513e-23
4851.72 2.45055e-23
4862.9 2.45598e-23
4874.12 2.46143e-23
4885.36 2.46689e-23
4896.62 2.47236e-23
4907.91 2.47785e-23
4919.23 2.48335e-23
4930.58 2.48886e-23
4941.95 2.49439e-23
4953.34 2.49993e-23
4964.76 2.50548e-23
4976.21 2.51104e-23
4987.69 2.51662e-23
4999.19 2.52221e-23
5010.72 2.52782e-23
5022.27 2.53344e-23
5033.85 2.53907e-23
5045.46 2.54472e-23
5057.1 2.55038e-23
5068.76 2.55605e-23
5080.45 2.56174e-23
5092.16 2.56744e-23
5103.91 2.57315e-23
5115.68 2.57888e-23
5127.47 2.58462e-23
5139.3 2.59037e-23
5151.15 2.59614e-23
5163.03 2.60192e-23
5174.93 2.60772e-23
5186.87 2.61353e-23
5198.83 2.61935e-23
5210.81 2.62519e-23
5222.83 2.63104e-23
5234.87 2.63691e-23
5246.95 2.64279e-23
5259.05 2.64868e-23
5271.17 2.65459e-23
5283.33 2.66051e-23
5295.51 2.66645e-23
5307.72 2.6724e-23
5319.96 2.67836e-23
5332.23 2.68434e-23
5344.53 2.69033e-23
5356.85 2.69634e-23
5369.2 2.70236e-23
5381.59 2.70839e-23
5394 2.71444e-23
5406.43 2.72051e-23
5418.9 2.72659e-23
5431.4 2.73268e-23
5443.92 2.73879e-23
5456.48 2.74491e-23
5469.06 2.75105e-23
5481.67 2.7572e-23
5494.31 2.76336e-23
5506.98 2.76954e-23
5519.68 2.77574e-23
5532.41 2.78195e-23
5545.17 2.78817e-23
5557.95 2.79441e-23
5570.77 2.80067e-23
5583.62 2.80694e-23
5596.49 2.81322e-23
5609.4 2.81952e-23
5622.33 2.82583e-23
5635.3 2.83216e-23
5648.29 2.83851e-23
5661.32 2.84487e-23
5674.37 2.85124e-23
5687.46 2.85763e-23
5700.57 2.86403e-23
5713.72 2.87045e-23
5726.9 2.87689e-23
5740.1 2.88334e-23
5753.34 2.8898e-23
5766.61 2.89628e-23
5779.9 2.90278e-23
5793.23 2.90929e-23
5806.59 2.91582e-23
5819.98 2.92236e-23
5833.4 2.92892e-23
5846.85 2.93549e-23
5860.34 2.94208e-23
5873.85 2.94869e-23
5887.4 2.95531e-23
5900.97 2.96194e-23
5914.58 2.96859e-23
5928.22 2.97526e-23
5941.89 2.98194e-23
5955.59 2.98864e-23
5969.33 2.99536e-23
5983.09 3.00209e-23
5996.89 3.00883e-23
6010.72 3.0156e-23
6024.58 3.02238e-23
6038.47 3.02917e-23
6052.4 3.03598e-23
6066.35 3.04281e-23
6080.34 3.04965e-23
6094.36 3.05651e-23
6108.42 3.06338e-23
6122.5 3.07028e-23
6136.62 3.07718e-23
6150.77 3.08411e-23
6164.96 3.09105e-23
6179.17 3.09801e-23
6193.42 3.10498e-23
6207.7 3.11197e-23
6222.02 3.11897e-23
6236.37 3.126e-23
6250.75 3.13304e-23
6265.16 3.14018e-23
6279.61 3.14717e-23
6294.09 3.15426e-23
6308.6 3.16136e-23
6323.15 3.16848e-23
6337.73 3.17562e-23
6352.35 3.18278e-23
6367 3.18995e-23
6381.68 3.19714e-23
6396.4 3.20435e-23
6411.15 3.21158e-23
6425.93 3.21882e-23
6440.75 3.22608e-23
6455.6 3.23335e-23
6470.49 3.24064e-23
6485.41 3.24795e-23
6500.36 3.25528e-23
6515.35 3.26263e-23
6530.38 3.26999e-23
6545.44 3.27737e-23
6560.53 3.28476e-23
6575.66 3.29218e-23
6590.82 3.29961e-23
6606.02 3.30706e-23
6621.26 3.31452e-23
6636.52 3.32201e-23
6651.83 3.32951e-23
6667.17 3.33703e-23
6682.54 3.34457e-23
6697.95 3.35212e-23
6713.4 3.35969e-23
6728.88 3.36728e-23
6744.39 3.37489e-23
6759.95 3.38252e-23
6775.54 3.39016e-23
6791.16 3.39782e-23
6806.82 3.4055e-23
6822.52 3.4132e-23
6838.25 3.42092e-23
6854.02 3.42865e-23
6869.82 3.4364e-23
6885.67 3.44418e-23
6901.54 3.45196e-23
6917.46 3.45977e-23
6933.41 3.4676e-23
6949.4 3.47544e-23
6965.43 3.4833e-23
6981.49 3.49119e-23
6997.59 3.49908e-23
7013.72 3.507e-23
7029.9 3.51494e-23
7046.11 3.5229e-23
7062.36 3.53087e-23
7078.64 3.53886e-23
7094.97 3.54687e-23
7111.33 3.5549e-23
7127.73 3.56295e-23
7144.16 3.57102e-23
7160.64 3.57911e-23
7177.15 3.58721e-23
7193.7 3.59534e-23
7210.29 3.60348e-23
7226.92 3.61165e-23
7243.58 3.61983e-23
7260.28 3.62803e-23
7277.03 3.63625e-23
7293.81 3.64449e-23
7310.63 3.65275e-23
7327.49 3.66103e-23
7344.38 3.66933e-23
7361.32 3.67765e-23
7378.29 3.68598e-23
7395.31 3.69434e-23
7412.36 3.70272e-23
7429.46 3.71111e-23
7446.59 3.71953e-23
7463.76 3.72797e-23
7480.97 3.73642e-23
7498.22 3.7449e-23
7515.51 3.75339e-23
7532.84 3.76191e-23
7550.22 3.77044e-23
7567.63 3.779e-23
7585.08 3.78757e-23
7602.57 3.79617e-23
7620.1 3.80478e-23
7637.67 3.81342e-23
7655.28 3.82207e-23
7672.94 3.83075e-23
7690.63 3.83944e-23
7708.37 3.84816e-23
7726.14 3.8569e-23
7743.96 3.86566e-23
7761.82 3.87443e-23
7779.71 3.88323e-23
7797.65 3.89205e-23
7815.64 3.90089e-23
7833.66 3.90975e-23
7851.72 3.91863e-23
7869.83 3.92753e-23
7887.98 3.93646e-23
7906.17 3.9454e-23
7924.4 3.95437e-23
7942.67 3.96335e-23
7960.99 3.97236e-23
7979.35 3.98139e-23
7997.75 3.99043e-23
8016.19 3.9995e-23
8034.68 4.0086e-23
8053.2 4.01774e-23
8071.77 4.02684e-23
8090.39 4.036e-23
8109.04 4.04517e-23
8127.74 4.05437e-23
8146.49 4.06359e-23
8165.27 4.07283e-23
8184.1 4.0821e-23
8202.97 4.09138e-23
8221.89 4.10069e-23
8240.85 4.11001e-23
8259.85 4.11936e-23
8278.9 4.12874e-23
8297.99 4.13813e-23
8317.13 4.14754e-23
8336.31 4.15698e-23
8355.53 4.16644e-23
8374.8 4.17592e-23
8394.11 4.18543e-23
8413.47 4.19495e-23
8432.87 4.2045e-23
8452.31 4.21407e-23
8471.81 4.22366e-23
8491.34 4.23328e-23
8510.92 4.24292e-23
8530.55 4.25258e-23
8550.22 4.26226e-23
8569.94 4.27197e-23
8589.7 4.28169e-23
8609.51 4.29144e-23
8629.36 4.30122e-23
8649.26 4.31101e-23
8669.21 4.32083e-23
8689.2 4.33068e-23
8709.23 4.34054e-23
8729.32 4.35043e-23
8749.45 4.36034e-23
8769.62 4.37027e-23
8789.85 4.38023e-23
8810.12 4.39021e-23
8830.43 4.40022e-23
8850.8 4.41024e-23
8871.21 4.4203e-23
8891.66 4.43037e-23
8912.17 4.44047e-23
8932.72 4.45059e-23
8953.32 4.46073e-23
8973.96 4.4709e-23
8994.66 4.4811e-23
9015.4 4.49131e-23
9036.19 4.50155e-23
9057.03 4.51182e-23
9077.91 4.5221e-23
9098.85 4.53241e-23
9119.83 4.54275e-23
9140.86 4.55311e-23
9161.94 4.56349e-23
9183.07 4.5739e-23
9204.24 4.58434e-23
9225.47 4.59479e-23
9246.74 4.60527e-23
9268.06 4.61578e-23
9289.44 4.62631e-23
9310.86 4.63686e-23
9332.33 4.64744e-23
9353.85 4.65805e-23
9375.42 4.66868e-23
9397.04 4.67933e-23
9418.71 4.69001e-23
9440.43 4.70071e-23
9462.2 4.71144e-23
9484.02 4.72219e-23
9505.89 4.73297e-23
9527.81 4.74377e-23
9549.78 4.7546e-23
9571.8 4.76546e-23
9593.87 4.77634e-23
9616 4.78724e-23
9638.17 4.79817e-23
9660.4 4.80913e-23
9682.67 4.82011e-23
9705 4.83111e-23
9727.38 4.84214e-23
9749.81 4.8532e-23
9772.3 4.86429e-23
9794.83 4.87539e-23
9817.42 4.88653e-23
9840.06 4.89769e-23
9862.75 4.90888e-23
9885.49 4.92009e-23
9908.29 4.93133e-23
9931.14 4.94259e-23
9954.04 4.95389e-23
9976.99 4.9652e-23
10000 4.97655e-23
