10 5.00221e-20
10.0231 4.95635e-20
10.0462 4.9109e-20
10.0693 4.86587e-20
10.0926 4.82125e-20
10.1158 4.77705e-20
10.1392 4.73324e-20
10.1625 4.68984e-20
10.186 4.64684e-20
10.2095 4.60423e-20
10.233 4.56202e-20
10.2566 4.52019e-20
10.2803 4.47874e-20
10.304 4.43768e-20
10.3277 4.39699e-20
10.3515 4.35667e-20
10.3754 4.31672e-20
10.3993 4.27714e-20
10.4233 4.23793e-20
10.4474 4.19907e-20
10.4714 4.16057e-20
10.4956 4.12242e-20
10.5198 4.08462e-20
10.5441 4.04717e-20
10.5684 4.01006e-20
10.5927 3.97329e-20
10.6172 3.93686e-20
10.6417 3.90077e-20
10.6662 3.865e-20
10.6908 3.82956e-20
10.7154 3.79445e-20
10.7401 3.75966e-20
10.7649 3.72519e-20
10.7897 3.69104e-20
10.8146 3.65719e-20
10.8396 3.62366e-20
10.8646 3.59044e-20
10.8896 3.55752e-20
10.9147 3.5249e-20
10.9399 3.49258e-20
10.9651 3.46056e-20
10.9904 3.42883e-20
11.0157 3.3974e-20
11.0412 3.36625e-20
11.0666 3.33538e-20
11.0921 3.3048e-20
11.1177 3.2745e-20
11.1433 3.24448e-20
11.169 3.21474e-20
11.1948 3.18526e-20
11.2206 3.15606e-20
11.2465 3.12712e-20
11.2724 3.09845e-20
11.2984 3.07005e-20
11.3245 3.0419e-20
11.3506 3.01401e-20
11.3768 2.98638e-20
11.403 2.959e-20
11.4293 2.93187e-20
11.4556 2.90499e-20
11.4821 2.87836e-20
11.5085 2.85197e-20
11.5351 2.82582e-20
11.5617 2.79992e-20
11.5883 2.77425e-20
11.6151 2.74882e-20
11.6418 2.72361e-20
11.6687 2.69865e-20
11.6956 2.67391e-20
11.7226 2.64939e-20
11.7496 2.6251e-20
11.7767 2.60104e-20
11.8039 2.57719e-20
11.8311 2.55357e-20
11.8584 2.53016e-20
11.8857 2.50696e-20
11.9131 2.48398e-20
11.9406 2.46121e-20
11.9681 2.43864e-20
11.9957 2.41629e-20
12.0234 2.39414e-20
12.0511 2.37219e-20
12.0789 2.35044e-20
12.1068 2.3289e-20
12.1347 2.30755e-20
12.1627 2.28639e-20
12.1907 2.26543e-20
12.2188 2.24467e-20
12.247 2.22409e-20
12.2752 2.2037e-20
12.3035 2.1835e-20
12.3319 2.16348e-20
12.3603 2.14365e-20
12.3888 2.124e-20
12.4174 2.10453e-20
12.4461 2.08524e-20
12.4748 2.06613e-20
12.5035 2.04719e-20
12.5324 2.02842e-20
12.5613 2.00983e-20
12.5902 1.9914e-20
12.6193 1.97315e-20
12.6484 1.95506e-20
12.6775 1.93714e-20
12.7068 1.91939e-20
12.7361 1.90179e-20
12.7654 1.88436e-20
12.7949 1.86709e-20
12.8244 1.84997e-20
12.8539 1.83302e-20
12.8836 1.81622e-20
12.9133 1.79957e-20
12.9431 1.78307e-20
12.9729 1.76673e-20
13.0028 1.75054e-20
13.0328 1.73449e-20
13.0629 1.71859e-20
13.093 1.70284e-20
13.1232 1.68723e-20
13.1534 1.67177e-20
13.1838 1.65645e-20
13.2142 1.64126e-20
13.2447 1.62622e-20
13.2752 1.61132e-20
13.3058 1.59655e-20
13.3365 1.58192e-20
13.3672 1.56742e-20
13.3981 1.55305e-20
13.429 1.53882e-20
13.4599 1.52471e-20
13.491 1.51074e-20
13.5221 1.49689e-20
13.5533 1.48318e-20
13.5845 1.46958e-20
13.6158 1.45611e-20
13.6472 1.44277e-20
13.6787 1.42955e-20
13.7103 1.41645e-20
13.7419 1.40347e-20
13.7736 1.3906e-20
13.8053 1.37786e-20
13.8372 1.36523e-20
13.8691 1.35272e-20
13.9011 1.34032e-20
13.9331 1.32804e-20
13.9652 1.31587e-20
13.9974 1.30381e-20
14.0297 1.29187e-20
14.0621 1.28003e-20
14.0945 1.2683e-20
14.127 1.25668e-20
14.1596 1.24516e-20
14.1922 1.23375e-20
14.225 1.22244e-20
14.2578 1.21124e-20
14.2906 1.20014e-20
14.3236 1.18915e-20
14.3566 1.17825e-20
14.3897 1.16745e-20
14.4229 1.15676e-20
14.4562 1.14616e-20
14.4895 1.13566e-20
14.5229 1.12525e-20
14.5564 1.11494e-20
14.59 1.10473e-20
14.6236 1.0946e-20
14.6573 1.08457e-20
14.6911 1.07464e-20
14.725 1.06479e-20
14.759 1.05504e-20
14.793 1.04537e-20
14.8271 1.03579e-20
14.8613 1.0263e-20
14.8956 1.0169e-20
14.9299 1.00758e-20
14.9644 9.98354e-21
14.9989 9.89208e-21
15.0335 9.80146e-21
15.0681 9.71167e-21
15.1029 9.62271e-21
15.1377 9.53456e-21
15.1726 9.44722e-21
15.2076 9.36069e-21
15.2427 9.27494e-21
15.2778 9.18999e-21
15.3131 9.10581e-21
15.3484 9.02241e-21
15.3838 8.93977e-21
15.4192 8.85789e-21
15.4548 8.77677e-21
15.4904 8.69639e-21
15.5261 8.61675e-21
15.5619 8.53784e-21
15.5978 8.45965e-21
15.6338 8.38219e-21
15.6699 8.30544e-21
15.706 8.22939e-21
15.7422 8.15405e-21
15.7785 8.0794e-21
15.8149 8.00544e-21
15.8514 7.93216e-21
15.8879 7.85956e-21
15.9246 7.78763e-21
15.9613 7.71637e-21
15.9981 7.64577e-21
16.035 7.57583e-21
16.072 7.50655e-21
16.109 7.43791e-21
16.1462 7.36992e-21
16.1834 7.30258e-21
16.2207 7.23589e-21
16.2581 7.16984e-21
16.2956 7.10444e-21
16.3332 7.03971e-21
16.3709 6.97564e-21
16.4086 6.91227e-21
16.4464 6.84964e-21
16.4844 6.7878e-21
16.5224 6.72685e-21
16.5605 6.66697e-21
16.5987 6.60849e-21
16.6369 6.55208e-21
16.6753 6.49923e-21
16.7138 6.45393e-21
16.7523 6.42988e-21
16.7909 6.50263e-21
16.8297 8.27108e-21
16.8685 7.27361e-21
16.9074 6.28958e-21
16.9464 6.13445e-21
16.9854 6.04992e-21
17.0246 5.98262e-21
17.0639 5.92176e-21
17.1032 5.86403e-21
17.1427 5.80814e-21
17.1822 5.75349e-21
17.2218 5.69979e-21
17.2615 5.64686e-21
17.3013 5.5946e-21
17.3412 5.54296e-21
17.3812 5.49188e-21
17.4213 5.44134e-21
17.4615 5.39131e-21
17.5017 5.34178e-21
17.5421 5.29274e-21
17.5825 5.24417e-21
17.6231 5.19606e-21
17.6637 5.14841e-21
17.7045 5.10121e-21
17.7453 5.05445e-21
17.7862 5.00813e-21
17.8272 4.96225e-21
17.8683 4.91679e-21
17.9095 4.87175e-21
17.9508 4.82713e-21
17.9922 4.78292e-21
18.0337 4.73912e-21
18.0753 4.69572e-21
18.117 4.65273e-21
18.1588 4.61013e-21
18.2006 4.56793e-21
18.2426 4.52611e-21
18.2847 4.48468e-21
18.3268 4.44363e-21
18.3691 4.40296e-21
18.4115 4.36266e-21
18.4539 4.32273e-21
18.4965 4.28317e-21
18.5391 4.24397e-21
18.5819 4.20513e-21
18.6247 4.16665e-21
18.6677 4.12853e-21
18.7107 4.09075e-21
18.7539 4.05332e-21
18.7971 4.01624e-21
18.8405 3.97949e-21
18.8839 3.94308e-21
18.9275 3.90701e-21
18.9711 3.87127e-21
19.0149 3.83585e-21
19.0587 3.80076e-21
19.1027 3.76599e-21
19.1467 3.73155e-21
19.1909 3.69741e-21
19.2351 3.66359e-21
19.2795 3.63009e-21
19.3239 3.59688e-21
19.3685 3.56399e-21
19.4132 3.53139e-21
19.4579 3.4991e-21
19.5028 3.4671e-21
19.5478 3.43539e-21
19.5928 3.40398e-21
19.638 3.37285e-21
19.6833 3.34201e-21
19.7287 3.31145e-21
19.7742 3.28117e-21
19.8198 3.25117e-21
19.8655 3.22145e-21
19.9113 3.192e-21
19.9572 3.16281e-21
20.0032 3.1339e-21
20.0494 3.10525e-21
20.0956 3.07687e-21
20.1419 3.04874e-21
20.1884 3.02087e-21
20.2349 2.99326e-21
20.2816 2.9659e-21
20.3284 2.93879e-21
20.3753 2.91193e-21
20.4222 2.88532e-21
20.4693 2.85895e-21
20.5165 2.83283e-21
20.5638 2.80694e-21
20.6113 2.78129e-21
20.6588 2.75587e-21
20.7064 2.73069e-21
20.7542 2.70574e-21
20.802 2.68102e-21
20.85 2.65653e-21
20.8981 2.63226e-21
20.9463 2.60821e-21
20.9946 2.58438e-21
21.043 2.56077e-21
21.0915 2.53738e-21
21.1402 2.5142e-21
21.1889 2.49124e-21
21.2378 2.46849e-21
21.2868 2.44594e-21
21.3358 2.4236e-21
21.385 2.40147e-21
21.4344 2.37954e-21
21.4838 2.35781e-21
21.5333 2.33628e-21
21.583 2.31495e-21
21.6327 2.29381e-21
21.6826 2.27287e-21
21.7326 2.25211e-21
21.7828 2.23155e-21
21.833 2.21118e-21
21.8833 2.191e-21
21.9338 2.171e-21
21.9844 2.15118e-21
22.0351 2.13154e-21
22.0859 2.11209e-21
22.1368 2.09281e-21
22.1879 2.07371e-21
22.239 2.05479e-21
22.2903 2.03604e-21
22.3417 2.01746e-21
22.3932 1.99905e-21
22.4449 1.98081e-21
22.4966 1.96274e-21
22.5485 1.94483e-21
22.6005 1.92709e-21
22.6526 1.90951e-21
22.7049 1.89209e-21
22.7572 1.87484e-21
22.8097 1.85774e-21
22.8623 1.84079e-21
22.915 1.824e-21
22.9679 1.80737e-21
23.0208 1.79089e-21
23.0739 1.77456e-21
23.1271 1.75838e-21
23.1804 1.74235e-21
23.2339 1.72646e-21
23.2875 1.71072e-21
23.3412 1.69513e-21
23.395 1.67968e-21
23.4489 1.66437e-21
23.503 1.6492e-21
23.5572 1.63416e-21
23.6115 1.61927e-21
23.666 1.60452e-21
23.7206 1.5899e-21
23.7753 1.57541e-21
23.8301 1.56106e-21
23.885 1.54683e-21
23.9401 1.53274e-21
23.9953 1.51878e-21
24.0507 1.50495e-21
24.1061 1.49124e-21
24.1617 1.47766e-21
24.2174 1.4642e-21
24.2733 1.45087e-21
24.3292 1.43765e-21
24.3854 1.42456e-21
24.4416 1.41159e-21
24.4979 1.39874e-21
24.5544 1.38601e-21
24.6111 1.37339e-21
24.6678 1.36089e-21
24.7247 1.34851e-21
24.7817 1.33623e-21
24.8389 1.32407e-21
24.8961 1.31203e-21
24.9536 1.30009e-21
25.0111 1.28826e-21
25.0688 1.27654e-21
25.1266 1.26493e-21
25.1845 1.25342e-21
25.2426 1.24202e-21
25.3008 1.23073e-21
25.3592 1.21954e-21
25.4176 1.20845e-21
25.4762 1.19746e-21
25.535 1.18657e-21
25.5939 1.17578e-21
25.6529 1.1651e-21
25.7121 1.15451e-21
25.7713 1.14401e-21
25.8308 1.13362e-21
25.8903 1.12332e-21
25.95 1.11311e-21
26.0099 1.103e-21
26.0699 1.09298e-21
26.13 1.08305e-21
26.1902 1.07321e-21
26.2506 1.06346e-21
26.3112 1.05381e-21
26.3718 1.04424e-21
26.4326 1.03476e-21
26.4936 1.02536e-21
26.5547 1.01605e-21
26.6159 1.00683e-21
26.6773 9.97694e-22
26.7388 9.88639e-22
26.8005 9.79668e-22
26.8623 9.7078e-22
26.9242 9.61972e-22
26.9863 9.53246e-22
27.0486 9.446e-22
27.1109 9.36032e-22
27.1734 9.27544e-22
27.2361 9.19134e-22
27.2989 9.108e-22
27.3619 9.02543e-22
27.425 8.94362e-22
27.4882 8.86256e-22
27.5516 8.78224e-22
27.6151 8.70266e-22
27.6788 8.62381e-22
27.7426 8.54568e-22
27.8066 8.46827e-22
27.8707 8.39158e-22
27.935 8.31558e-22
27.9994 8.24028e-22
28.064 8.16567e-22
28.1287 8.09175e-22
28.1936 8.01851e-22
28.2586 7.94593e-22
28.3237 7.87403e-22
28.3891 7.80278e-22
28.4545 7.73219e-22
28.5201 7.66224e-22
28.5859 7.59294e-22
28.6518 7.52427e-22
28.7179 7.45623e-22
28.7841 7.38882e-22
28.8505 7.32203e-22
28.917 7.25585e-22
28.9837 7.19027e-22
29.0506 7.1253e-22
29.1175 7.06092e-22
29.1847 6.99714e-22
29.252 6.93394e-22
29.3194 6.87132e-22
29.3871 6.80927e-22
29.4548 6.7478e-22
29.5227 6.68689e-22
29.5908 6.62654e-22
29.6591 6.56674e-22
29.7275 6.50749e-22
29.796 6.44878e-22
29.8647 6.39062e-22
29.9336 6.33298e-22
30.0026 6.27588e-22
30.0718 6.2193e-22
30.1411 6.16324e-22
30.2106 6.10769e-22
30.2803 6.05266e-22
30.3501 5.99813e-22
30.4201 5.9441e-22
30.4903 5.89056e-22
30.5606 5.83752e-22
30.6311 5.78497e-22
30.7017 5.73289e-22
30.7725 5.6813e-22
30.8435 5.63018e-22
30.9146 5.57952e-22
30.9859 5.52934e-22
31.0573 5.47961e-22
31.1289 5.43034e-22
31.2007 5.38152e-22
31.2727 5.33316e-22
31.3448 5.28523e-22
31.4171 5.23775e-22
31.4895 5.1907e-22
31.5621 5.14408e-22
31.6349 5.09789e-22
31.7079 5.05213e-22
31.781 5.00678e-22
31.8543 4.96186e-22
31.9277 4.91734e-22
32.0014 4.87323e-22
32.0752 4.82953e-22
32.1491 4.78623e-22
32.2233 4.74333e-22
32.2976 4.70082e-22
32.372 4.6587e-22
32.4467 4.61697e-22
32.5215 4.57563e-22
32.5965 4.53466e-22
32.6717 4.49407e-22
32.747 4.45385e-22
32.8225 4.414e-22
32.8982 4.37452e-22
32.9741 4.3354e-22
33.0501 4.29664e-22
33.1263 4.25823e-22
33.2027 4.22018e-22
33.2793 4.18248e-22
33.356 4.14512e-22
33.433 4.10811e-22
33.51 4.07144e-22
33.5873 4.0351e-22
33.6648 3.9991e-22
33.7424 3.96343e-22
33.8202 3.92809e-22
33.8982 3.89307e-22
33.9764 3.85838e-22
34.0547 3.824e-22
34.1333 3.78994e-22
34.212 3.75619e-22
34.2909 3.72275e-22
34.3699 3.68962e-22
34.4492 3.6568e-22
34.5286 3.62427e-22
34.6083 3.59205e-22
34.6881 3.56012e-22
34.7681 3.52849e-22
34.8482 3.49714e-22
34.9286 3.46609e-22
35.0091 3.43532e-22
35.0899 3.40483e-22
35.1708 3.37462e-22
35.2519 3.3447e-22
35.3332 3.31504e-22
35.4147 3.28566e-22
35.4963 3.25655e-22
35.5782 3.22771e-22
35.6602 3.19913e-22
35.7425 3.17082e-22
35.8249 3.14276e-22
35.9075 3.11497e-22
35.9903 3.08743e-22
36.0733 3.06014e-22
36.1565 3.03311e-22
36.2398 3.00632e-22
36.3234 2.97978e-22
36.4072 2.95349e-22
36.4911 2.92743e-22
36.5753 2.90162e-22
36.6596 2.87604e-22
36.7442 2.8507e-22
36.8289 2.8256e-22
36.9138 2.80072e-22
36.999 2.77608e-22
37.0843 2.75166e-22
37.1698 2.72746e-22
37.2555 2.70349e-22
37.3414 2.67974e-22
37.4275 2.65621e-22
37.5138 2.63289e-22
37.6003 2.60979e-22
37.687 2.5869e-22
37.7739 2.56423e-22
37.8611 2.54176e-22
37.9484 2.5195e-22
38.0359 2.49745e-22
38.1236 2.47559e-22
38.2115 2.45394e-22
38.2996 2.43249e-22
38.3879 2.41124e-22
38.4765 2.39018e-22
38.5652 2.36932e-22
38.6541 2.34865e-22
38.7433 2.32817e-22
38.8326 2.30788e-22
38.9221 2.28778e-22
39.0119 2.26786e-22
39.1019 2.24813e-22
39.192 2.22858e-22
39.2824 2.2092e-22
39.373 2.19001e-22
39.4638 2.171e-22
39.5548 2.15216e-22
39.646 2.13349e-22
39.7374 2.115e-22
39.8291 2.09668e-22
39.9209 2.07852e-22
40.013 2.06054e-22
40.1052 2.04272e-22
40.1977 2.02507e-22
40.2904 2.00758e-22
40.3833 1.99025e-22
40.4764 1.97308e-22
40.5698 1.95607e-22
40.6633 1.93922e-22
40.7571 1.92252e-22
40.8511 1.90598e-22
40.9453 1.88959e-22
41.0397 1.87335e-22
41.1344 1.85726e-22
41.2292 1.84132e-22
41.3243 1.82553e-22
41.4196 1.80989e-22
41.5151 1.79439e-22
41.6108 1.77903e-22
41.7068 1.76382e-22
41.803 1.74875e-22
41.8994 1.73381e-22
41.996 1.71902e-22
42.0928 1.70436e-22
42.1899 1.68984e-22
42.2872 1.67545e-22
42.3847 1.6612e-22
42.4824 1.64708e-22
42.5804 1.63309e-22
42.6786 1.61923e-22
42.777 1.6055e-22
42.8757 1.59189e-22
42.9745 1.57842e-22
43.0736 1.56506e-22
43.173 1.55184e-22
43.2725 1.53873e-22
43.3723 1.52575e-22
43.4723 1.51289e-22
43.5726 1.50014e-22
43.673 1.48752e-22
43.7737 1.47501e-22
43.8747 1.46262e-22
43.9759 1.45034e-22
44.0773 1.43818e-22
44.1789 1.42614e-22
44.2808 1.4142e-22
44.3829 1.40238e-22
44.4853 1.39066e-22
44.5878 1.37906e-22
44.6907 1.36756e-22
44.7937 1.35617e-22
44.897 1.34489e-22
45.0005 1.33371e-22
45.1043 1.32264e-22
45.2083 1.31167e-22
45.3126 1.3008e-22
45.4171 1.29003e-22
45.5218 1.27937e-22
45.6268 1.2688e-22
45.732 1.25834e-22
45.8374 1.24797e-22
45.9431 1.2377e-22
46.0491 1.22752e-22
46.1553 1.21744e-22
46.2617 1.20745e-22
46.3684 1.19756e-22
46.4753 1.18776e-22
46.5825 1.17805e-22
46.6899 1.16844e-22
46.7976 1.15891e-22
46.9055 1.14947e-22
47.0137 1.14013e-22
47.1221 1.13087e-22
47.2307 1.12169e-22
47.3397 1.1126e-22
47.4488 1.1036e-22
47.5582 1.09469e-22
47.6679 1.08585e-22
47.7778 1.0771e-22
47.888 1.06844e-22
47.9984 1.05985e-22
48.1091 1.05134e-22
48.2201 1.04292e-22
48.3313 1.03457e-22
48.4427 1.02631e-22
48.5544 1.01812e-22
48.6664 1.01001e-22
48.7786 1.00197e-22
48.8911 9.94017e-23
49.0038 9.86133e-23
49.1168 9.78325e-23
49.2301 9.70591e-23
49.3436 9.62929e-23
49.4574 9.55341e-23
49.5715 9.47824e-23
49.6858 9.40379e-23
49.8004 9.33004e-23
49.9152 9.257e-23
50.0303 9.18464e-23
50.1457 9.11298e-23
50.2613 9.042e-23
50.3772 8.97169e-23
50.4934 8.90206e-23
50.6098 8.83308e-23
50.7265 8.76477e-23
50.8435 8.6971e-23
50.9607 8.63008e-23
51.0783 8.5637e-23
51.196 8.49796e-23
51.3141 8.43284e-23
51.4324 8.36835e-23
51.551 8.30448e-23
51.6699 8.24121e-23
51.7891 8.17855e-23
51.9085 8.1165e-23
52.0282 8.05504e-23
52.1482 7.99417e-23
52.2684 7.93388e-23
52.389 7.87417e-23
52.5098 7.81504e-23
52.6309 7.75648e-23
52.7522 7.69848e-23
52.8739 7.64104e-23
52.9958 7.58415e-23
53.118 7.52782e-23
53.2405 7.47202e-23
53.3633 7.41677e-23
53.4863 7.36205e-23
53.6097 7.30786e-23
53.7333 7.2542e-23
53.8572 7.20105e-23
53.9814 7.14842e-23
54.1059 7.09631e-23
54.2306 7.0447e-23
54.3557 6.99359e-23
54.481 6.94297e-23
54.6067 6.89285e-23
54.7326 6.84322e-23
54.8588 6.79408e-23
54.9853 6.74541e-23
55.1121 6.69722e-23
55.2392 6.6495e-23
55.3666 6.60224e-23
55.4943 6.55545e-23
55.6222 6.50912e-23
55.7505 6.46324e-23
55.8791 6.41781e-23
56.0079 6.37283e-23
56.1371 6.32829e-23
56.2665 6.28419e-23
56.3963 6.24053e-23
56.5263 6.19729e-23
56.6567 6.15448e-23
56.7873 6.1121e-23
56.9183 6.07013e-23
57.0495 6.02858e-23
57.1811 5.98744e-23
57.3129 5.9467e-23
57.4451 5.90638e-23
57.5776 5.86645e-23
57.7104 5.82692e-23
57.8434 5.78778e-23
57.9768 5.74903e-23
58.1105 5.71067e-23
58.2445 5.67269e-23
58.3788 5.63509e-23
58.5135 5.59787e-23
58.6484 5.56102e-23
58.7836 5.52454e-23
58.9192 5.48842e-23
59.0551 5.45267e-23
59.1912 5.41727e-23
59.3277 5.38223e-23
59.4645 5.34755e-23
59.6017 5.31321e-23
59.7391 5.27922e-23
59.8769 5.24558e-23
60.0149 5.21227e-23
60.1533 5.1793e-23
60.2921 5.14667e-23
60.4311 5.11436e-23
60.5704 5.08239e-23
60.7101 5.05074e-23
60.8501 5.01941e-23
60.9904 4.9884e-23
61.1311 4.9577e-23
61.2721 4.92732e-23
61.4133 4.89725e-23
61.555 4.86749e-23
61.6969 4.83803e-23
61.8392 4.80888e-23
61.9818 4.78002e-23
62.1247 4.75146e-23
62.268 4.7232e-23
62.4116 4.69522e-23
62.5555 4.66753e-23
62.6997 4.64013e-23
62.8443 4.61302e-23
62.9892 4.58618e-23
63.1345 4.55962e-23
63.2801 4.53334e-23
63.426 4.50733e-23
63.5723 4.48158e-23
63.7189 4.45611e-23
63.8658 4.4309e-23
64.0131 4.40596e-23
64.1607 4.38128e-23
64.3087 4.35685e-23
64.457 4.33268e-23
64.6056 4.30876e-23
64.7546 4.28509e-23
64.9039 4.26168e-23
65.0536 4.2385e-23
65.2036 4.21558e-23
65.3539 4.19289e-23
65.5046 4.17044e-23
65.6557 4.14823e-23
65.8071 4.12626e-23
65.9589 4.10452e-23
66.111 4.083e-23
66.2634 4.06172e-23
66.4162 4.04066e-23
66.5694 4.01983e-23
66.7229 3.99922e-23
66.8767 3.97882e-23
67.031 3.95865e-23
67.1855 3.93869e-23
67.3405 3.91895e-23
67.4958 3.89941e-23
67.6514 3.88009e-23
67.8074 3.86097e-23
67.9638 3.84206e-23
68.1205 3.82335e-23
68.2776 3.80484e-23
68.435 3.78654e-23
68.5928 3.76843e-23
68.751 3.75051e-23
68.9096 3.73279e-23
69.0685 3.71527e-23
69.2277 3.69793e-23
69.3874 3.68078e-23
69.5474 3.66382e-23
69.7078 3.64704e-23
69.8685 3.63044e-23
70.0296 3.61403e-23
70.1911 3.5978e-23
70.353 3.58174e-23
70.5152 3.56586e-23
70.6778 3.55015e-23
70.8408 3.53461e-23
71.0042 3.51925e-23
71.1679 3.50405e-23
71.332 3.48903e-23
71.4965 3.47416e-23
71.6614 3.45946e-23
71.8266 3.44493e-23
71.9923 3.43055e-23
72.1583 3.41633e-23
72.3247 3.40228e-23
72.4914 3.38837e-23
72.6586 3.37462e-23
72.8262 3.36103e-23
72.9941 3.34758e-23
73.1624 3.33429e-23
73.3311 3.32114e-23
73.5002 3.30814e-23
73.6697 3.29529e-23
73.8396 3.28258e-23
74.0099 3.27001e-23
74.1806 3.25758e-23
74.3516 3.24529e-23
74.5231 3.23314e-23
74.6949 3.22113e-23
74.8672 3.20925e-23
75.0398 3.1975e-23
75.2129 3.18589e-23
75.3863 3.17441e-23
75.5601 3.16306e-23
75.7344 3.15184e-23
75.909 3.14074e-23
76.0841 3.12977e-23
76.2595 3.11893e-23
76.4354 3.1082e-23
76.6116 3.0976e-23
76.7883 3.08712e-23
76.9654 3.07676e-23
77.1429 3.06652e-23
77.3208 3.05639e-23
77.4991 3.04638e-23
77.6778 3.03649e-23
77.8569 3.02671e-23
78.0364 3.01704e-23
78.2164 3.00748e-23
78.3968 2.99803e-23
78.5775 2.98869e-23
78.7587 2.97945e-23
78.9404 2.97032e-23
79.1224 2.9613e-23
79.3049 2.95238e-23
79.4877 2.94357e-23
79.671 2.93485e-23
79.8548 2.92624e-23
80.0389 2.91773e-23
80.2235 2.90931e-23
80.4085 2.90099e-23
80.5939 2.89277e-23
80.7797 2.88465e-23
80.966 2.87662e-23
81.1527 2.86868e-23
81.3399 2.86083e-23
81.5274 2.85308e-23
81.7154 2.84541e-23
81.9039 2.83784e-23
82.0927 2.83035e-23
82.282 2.82296e-23
82.4718 2.81564e-23
82.662 2.80842e-23
82.8526 2.80128e-23
83.0437 2.79422e-23
83.2352 2.78724e-23
83.4271 2.78035e-23
83.6195 2.77354e-23
83.8123 2.76681e-23
84.0056 2.76015e-23
84.1993 2.75358e-23
84.3935 2.74708e-23
84.5881 2.74066e-23
84.7831 2.73432e-23
84.9786 2.72805e-23
85.1746 2.72186e-23
85.371 2.71573e-23
85.5679 2.70969e-23
85.7652 2.70371e-23
85.963 2.6978e-23
86.1612 2.69197e-23
86.3599 2.6862e-23
86.559 2.6805e-23
86.7586 2.67487e-23
86.9587 2.66931e-23
87.1592 2.66382e-23
87.3602 2.65839e-23
87.5617 2.65302e-23
87.7636 2.64772e-23
87.966 2.64248e-23
88.1688 2.63731e-23
88.3722 2.6322e-23
88.5759 2.62714e-23
88.7802 2.62215e-23
88.9849 2.61722e-23
89.1901 2.61235e-23
89.3958 2.60754e-23
89.6019 2.60279e-23
89.8086 2.59809e-23
90.0157 2.59345e-23
90.2232 2.58887e-23
90.4313 2.58434e-23
90.6398 2.57987e-23
90.8489 2.57545e-23
91.0583 2.57109e-23
91.2683 2.56677e-23
91.4788 2.56252e-23
91.6897 2.55831e-23
91.9012 2.55415e-23
92.1131 2.55005e-23
92.3255 2.546e-23
92.5384 2.54199e-23
92.7518 2.53804e-23
92.9657 2.53413e-23
93.1801 2.53027e-23
93.395 2.52646e-23
93.6103 2.5227e-23
93.8262 2.51898e-23
94.0426 2.51531e-23
94.2594 2.51168e-23
94.4768 2.5081e-23
94.6946 2.50457e-23
94.913 2.50107e-23
95.1319 2.49763e-23
95.3513 2.49422e-23
95.5711 2.49086e-23
95.7915 2.48754e-23
96.0124 2.48426e-23
96.2338 2.48102e-23
96.4557 2.47782e-23
96.6782 2.47466e-23
96.9011 2.47155e-23
97.1246 2.46847e-23
97.3485 2.46543e-23
97.573 2.46243e-23
97.798 2.45947e-23
98.0236 2.45654e-23
98.2496 2.45366e-23
98.4762 2.45081e-23
98.7032 2.44799e-23
98.9309 2.44521e-23
99.159 2.44247e-23
99.3877 2.43976e-23
99.6168 2.43709e-23
99.8466 2.43446e-23
100.077 2.43185e-23
100.308 2.42928e-23
100.539 2.42675e-23
100.771 2.42425e-23
101.003 2.42178e-23
101.236 2.41934e-23
101.469 2.41693e-23
101.703 2.41456e-23
101.938 2.41222e-23
102.173 2.4099e-23
102.409 2.40762e-23
102.645 2.40537e-23
102.882 2.40315e-23
103.119 2.40096e-23
103.357 2.3988e-23
103.595 2.39667e-23
103.834 2.39457e-23
104.073 2.39249e-23
104.313 2.39044e-23
104.554 2.38843e-23
104.795 2.38643e-23
105.037 2.38447e-23
105.279 2.38253e-23
105.522 2.38062e-23
105.765 2.37874e-23
106.009 2.37688e-23
106.253 2.37505e-23
106.498 2.37324e-23
106.744 2.37146e-23
106.99 2.36971e-23
107.237 2.36798e-23
107.484 2.36627e-23
107.732 2.36459e-23
107.98 2.36293e-23
108.229 2.3613e-23
108.479 2.35969e-23
108.729 2.3581e-23
108.98 2.35654e-23
109.231 2.355e-23
109.483 2.35348e-23
109.735 2.35198e-23
109.988 2.35051e-23
110.242 2.34906e-23
110.496 2.34763e-23
110.751 2.34622e-23
111.007 2.34483e-23
111.262 2.34347e-23
111.519 2.34212e-23
111.776 2.3408e-23
112.034 2.3395e-23
112.292 2.33821e-23
112.551 2.33695e-23
112.811 2.33571e-23
113.071 2.33449e-23
113.332 2.33328e-23
113.593 2.3321e-23
113.855 2.33093e-23
114.118 2.32979e-23
114.381 2.32866e-23
114.644 2.32755e-23
114.909 2.32646e-23
115.174 2.32539e-23
115.439 2.32433e-23
115.706 2.3233e-23
115.972 2.32228e-23
116.24 2.32128e-23
116.508 2.32029e-23
116.777 2.31933e-23
117.046 2.31838e-23
117.316 2.31745e-23
117.586 2.31653e-23
117.857 2.31563e-23
118.129 2.31475e-23
118.402 2.31389e-23
118.675 2.31304e-23
118.948 2.3122e-23
119.223 2.31139e-23
119.498 2.31058e-23
119.773 2.3098e-23
120.049 2.30903e-23
120.326 2.30827e-23
120.604 2.30753e-23
120.882 2.30681e-23
121.161 2.3061e-23
121.44 2.3054e-23
121.72 2.30472e-23
122.001 2.30406e-23
122.282 2.3034e-23
122.564 2.30277e-23
122.847 2.30214e-23
123.13 2.30154e-23
123.414 2.30094e-23
123.698 2.30036e-23
123.984 2.29979e-23
124.27 2.29924e-23
124.556 2.2987e-23
124.843 2.29817e-23
125.131 2.29766e-23
125.42 2.29716e-23
125.709 2.29667e-23
125.999 2.2962e-23
126.289 2.29574e-23
126.581 2.29529e-23
126.873 2.29485e-23
127.165 2.29443e-23
127.458 2.29402e-23
127.752 2.29362e-23
128.047 2.29323e-23
128.342 2.29286e-23
128.638 2.2925e-23
128.935 2.29215e-23
129.232 2.29181e-23
129.53 2.29148e-23
129.829 2.29117e-23
130.128 2.29086e-23
130.428 2.29057e-23
130.729 2.29029e-23
131.031 2.29003e-23
131.333 2.28977e-23
131.636 2.28952e-23
131.939 2.28929e-23
132.243 2.28906e-23
132.548 2.28885e-23
132.854 2.28865e-23
133.16 2.28846e-23
133.467 2.28828e-23
133.775 2.28811e-23
134.084 2.28795e-23
134.393 2.2878e-23
134.703 2.28766e-23
135.013 2.28754e-23
135.325 2.28742e-23
135.637 2.28731e-23
135.95 2.28721e-23
136.263 2.28713e-23
136.577 2.28705e-23
136.892 2.28699e-23
137.208 2.28693e-23
137.524 2.28688e-23
137.841 2.28685e-23
138.159 2.28682e-23
138.478 2.2868e-23
138.797 2.28679e-23
139.117 2.28679e-23
139.438 2.28681e-23
139.76 2.28683e-23
140.082 2.28686e-23
140.405 2.2869e-23
140.729 2.28695e-23
141.053 2.287e-23
141.379 2.28707e-23
141.705 2.28715e-23
142.031 2.28723e-23
142.359 2.28733e-23
142.687 2.28743e-23
143.016 2.28754e-23
143.346 2.28767e-23
143.677 2.2878e-23
144.008 2.28793e-23
144.34 2.28808e-23
144.673 2.28824e-23
145.006 2.2884e-23
145.341 2.28858e-23
145.676 2.28876e-23
146.012 2.28895e-23
146.349 2.28915e-23
146.686 2.28936e-23
147.024 2.28958e-23
147.363 2.2898e-23
147.703 2.29003e-23
148.044 2.29027e-23
148.385 2.29052e-23
148.727 2.29078e-23
149.07 2.29105e-23
149.414 2.29132e-23
149.759 2.29161e-23
150.104 2.2919e-23
150.45 2.29219e-23
150.797 2.2925e-23
151.145 2.29281e-23
151.493 2.29314e-23
151.843 2.29347e-23
152.193 2.29381e-23
152.544 2.29415e-23
152.896 2.29451e-23
153.248 2.29487e-23
153.601 2.29524e-23
153.956 2.29561e-23
154.311 2.296e-23
154.667 2.29639e-23
155.023 2.29679e-23
155.381 2.2972e-23
155.739 2.29761e-23
156.098 2.29804e-23
156.458 2.29847e-23
156.819 2.29891e-23
157.181 2.29935e-23
157.543 2.2998e-23
157.906 2.30026e-23
158.27 2.30073e-23
158.635 2.30121e-23
159.001 2.30169e-23
159.368 2.30218e-23
159.735 2.30268e-23
160.104 2.30318e-23
160.473 2.30369e-23
160.843 2.30421e-23
161.214 2.30474e-23
161.586 2.30527e-23
161.958 2.30581e-23
162.332 2.30636e-23
162.706 2.30692e-23
163.081 2.30748e-23
163.457 2.30805e-23
163.834 2.30862e-23
164.212 2.30921e-23
164.591 2.3098e-23
164.97 2.3104e-23
165.351 2.311e-23
165.732 2.31161e-23
166.114 2.31223e-23
166.497 2.31286e-23
166.881 2.31349e-23
167.266 2.31413e-23
167.652 2.31478e-23
168.038 2.31543e-23
168.426 2.31609e-23
168.814 2.31676e-23
169.204 2.31743e-23
169.594 2.31812e-23
169.985 2.3188e-23
170.377 2.3195e-23
170.77 2.3202e-23
171.163 2.32091e-23
171.558 2.32163e-23
171.954 2.32235e-23
172.35 2.32308e-23
172.748 2.32382e-23
173.146 2.32456e-23
173.545 2.32531e-23
173.946 2.32607e-23
174.347 2.32683e-23
174.749 2.3276e-23
175.152 2.32838e-23
175.556 2.32916e-23
175.96 2.32995e-23
176.366 2.33075e-23
176.773 2.33155e-23
177.181 2.33236e-23
177.589 2.33318e-23
177.999 2.33401e-23
178.409 2.33484e-23
178.821 2.33567e-23
179.233 2.33652e-23
179.646 2.33737e-23
180.061 2.33823e-23
180.476 2.33909e-23
180.892 2.33996e-23
181.309 2.34084e-23
181.727 2.34173e-23
182.146 2.34262e-23
182.566 2.34351e-23
182.987 2.34442e-23
183.409 2.34533e-23
183.832 2.34625e-23
184.256 2.34717e-23
184.681 2.3481e-23
185.107 2.34904e-23
185.534 2.34999e-23
185.962 2.35094e-23
186.39 2.3519e-23
186.82 2.35286e-23
187.251 2.35383e-23
187.683 2.35481e-23
188.116 2.3558e-23
188.549 2.35679e-23
188.984 2.35779e-23
189.42 2.35879e-23
189.857 2.3598e-23
190.295 2.36082e-23
190.733 2.36184e-23
191.173 2.36288e-23
191.614 2.36391e-23
192.056 2.36496e-23
192.499 2.36601e-23
192.943 2.36707e-23
193.388 2.36813e-23
193.834 2.3692e-23
194.281 2.37028e-23
194.729 2.37137e-23
195.178 2.37246e-23
195.628 2.37356e-23
196.079 2.37466e-23
196.531 2.37577e-23
196.984 2.37689e-23
197.438 2.37802e-23
197.894 2.37915e-23
198.35 2.38029e-23
198.808 2.38143e-23
199.266 2.38259e-23
199.725 2.38375e-23
200.186 2.38491e-23
200.648 2.38608e-23
201.11 2.38726e-23
201.574 2.38845e-23
202.039 2.38964e-23
202.505 2.39084e-23
202.972 2.39205e-23
203.44 2.39326e-23
203.909 2.39448e-23
204.379 2.39571e-23
204.851 2.39694e-23
205.323 2.39818e-23
205.796 2.39943e-23
206.271 2.40068e-23
206.747 2.40194e-23
207.223 2.40321e-23
207.701 2.40449e-23
208.18 2.40577e-23
208.66 2.40706e-23
209.141 2.40835e-23
209.624 2.40965e-23
210.107 2.41096e-23
210.592 2.41228e-23
211.077 2.4136e-23
211.564 2.41493e-23
212.052 2.41627e-23
212.541 2.41761e-23
213.031 2.41896e-23
213.522 2.42032e-23
214.015 2.42169e-23
214.508 2.42306e-23
215.003 2.42444e-23
215.499 2.42582e-23
215.996 2.42722e-23
216.494 2.42862e-23
216.993 2.43002e-23
217.493 2.43144e-23
217.995 2.43286e-23
218.498 2.43429e-23
219.001 2.43572e-23
219.506 2.43716e-23
220.013 2.43861e-23
220.52 2.44007e-23
221.028 2.44153e-23
221.538 2.44301e-23
222.049 2.44448e-23
222.561 2.44597e-23
223.074 2.44746e-23
223.589 2.44896e-23
224.104 2.45047e-23
224.621 2.45198e-23
225.139 2.4535e-23
225.658 2.45503e-23
226.179 2.45657e-23
226.7 2.45811e-23
227.223 2.45966e-23
227.747 2.46122e-23
228.272 2.46279e-23
228.798 2.46436e-23
229.326 2.46594e-23
229.855 2.46753e-23
230.385 2.46912e-23
230.916 2.47073e-23
231.449 2.47234e-23
231.982 2.47395e-23
232.517 2.47558e-23
233.054 2.47721e-23
233.591 2.47885e-23
234.13 2.4805e-23
234.67 2.48215e-23
235.211 2.48381e-23
235.753 2.48548e-23
236.297 2.48716e-23
236.842 2.48884e-23
237.388 2.49054e-23
237.935 2.49224e-23
238.484 2.49394e-23
239.034 2.49566e-23
239.585 2.49738e-23
240.138 2.49911e-23
240.691 2.50085e-23
241.246 2.5026e-23
241.803 2.50435e-23
242.36 2.50611e-23
242.919 2.50788e-23
243.479 2.50966e-23
244.041 2.51144e-23
244.604 2.51324e-23
245.168 2.51504e-23
245.733 2.51685e-23
246.3 2.51866e-23
246.868 2.52049e-23
247.437 2.52232e-23
248.007 2.52416e-23
248.579 2.52601e-23
249.153 2.52786e-23
249.727 2.52973e-23
250.303 2.5316e-23
250.88 2.53348e-23
251.459 2.53537e-23
252.039 2.53726e-23
252.62 2.53917e-23
253.202 2.54108e-23
253.786 2.543e-23
254.372 2.54493e-23
254.958 2.54686e-23
255.546 2.54881e-23
256.135 2.55076e-23
256.726 2.55272e-23
257.318 2.55469e-23
257.911 2.55667e-23
258.506 2.55865e-23
259.102 2.56065e-23
259.7 2.56265e-23
260.299 2.56466e-23
260.899 2.56668e-23
261.5 2.56871e-23
262.103 2.57074e-23
262.708 2.57279e-23
263.314 2.57484e-23
263.921 2.5769e-23
264.53 2.57897e-23
265.14 2.58105e-23
265.751 2.58313e-23
266.364 2.58523e-23
266.978 2.58733e-23
267.594 2.58944e-23
268.211 2.59156e-23
268.829 2.59369e-23
269.449 2.59583e-23
270.071 2.59798e-23
270.693 2.60013e-23
271.318 2.6023e-23
271.943 2.60447e-23
272.57 2.60665e-23
273.199 2.60884e-23
273.829 2.61104e-23
274.46 2.61325e-23
275.093 2.61547e-23
275.728 2.61769e-23
276.363 2.61992e-23
277.001 2.62217e-23
277.639 2.62442e-23
278.28 2.62668e-23
278.921 2.62895e-23
279.565 2.63123e-23
280.209 2.63352e-23
280.855 2.63582e-23
281.503 2.63812e-23
282.152 2.64044e-23
282.803 2.64276e-23
283.455 2.64509e-23
284.109 2.64744e-23
284.764 2.64979e-23
285.421 2.65215e-23
286.079 2.65452e-23
286.738 2.6569e-23
287.4 2.65929e-23
288.062 2.66168e-23
288.727 2.66409e-23
289.392 2.66651e-23
290.06 2.66893e-23
290.729 2.67137e-23
291.399 2.67381e-23
292.071 2.67627e-23
292.745 2.67873e-23
293.42 2.6812e-23
294.096 2.68369e-23
294.774 2.68618e-23
295.454 2.68868e-23
296.136 2.69119e-23
296.818 2.69371e-23
297.503 2.69624e-23
298.189 2.69878e-23
298.877 2.70133e-23
299.566 2.70389e-23
300.257 2.70646e-23
300.949 2.70904e-23
301.643 2.71163e-23
302.339 2.71423e-23
303.036 2.71684e-23
303.735 2.71945e-23
304.435 2.72208e-23
305.137 2.72472e-23
305.841 2.72737e-23
306.546 2.73002e-23
307.253 2.73269e-23
307.961 2.73537e-23
308.671 2.73806e-23
309.383 2.74076e-23
310.097 2.74346e-23
310.812 2.74618e-23
311.529 2.74891e-23
312.247 2.75165e-23
312.967 2.7544e-23
313.689 2.75715e-23
314.412 2.75992e-23
315.137 2.7627e-23
315.864 2.76549e-23
316.592 2.76829e-23
317.322 2.7711e-23
318.054 2.77392e-23
318.787 2.77675e-23
319.523 2.77959e-23
320.259 2.78245e-23
320.998 2.78531e-23
321.738 2.78818e-23
322.48 2.79106e-23
323.224 2.79396e-23
323.969 2.79686e-23
324.716 2.79978e-23
325.465 2.8027e-23
326.215 2.80564e-23
326.968 2.80858e-23
327.722 2.81154e-23
328.477 2.81451e-23
329.235 2.81749e-23
329.994 2.82048e-23
330.755 2.82348e-23
331.518 2.82649e-23
332.282 2.82951e-23
333.049 2.83255e-23
333.817 2.83559e-23
334.586 2.83865e-23
335.358 2.84171e-23
336.131 2.84479e-23
336.906 2.84788e-23
337.683 2.85098e-23
338.462 2.85409e-23
339.242 2.85721e-23
340.025 2.86034e-23
340.809 2.86349e-23
341.595 2.86664e-23
342.382 2.86981e-23
343.172 2.87298e-23
343.963 2.87617e-23
344.757 2.87937e-23
345.552 2.88259e-23
346.348 2.88581e-23
347.147 2.88904e-23
347.948 2.89229e-23
348.75 2.89555e-23
349.554 2.89882e-23
350.36 2.9021e-23
351.168 2.90539e-23
351.978 2.90869e-23
352.79 2.91201e-23
353.603 2.91533e-23
354.419 2.91867e-23
355.236 2.92202e-23
356.055 2.92538e-23
356.876 2.92876e-23
357.699 2.93214e-23
358.524 2.93554e-23
359.351 2.93895e-23
360.179 2.94237e-23
361.01 2.9458e-23
361.842 2.94925e-23
362.677 2.95271e-23
363.513 2.95617e-23
364.351 2.95966e-23
365.192 2.96315e-23
366.034 2.96665e-23
366.878 2.97017e-23
367.724 2.9737e-23
368.572 2.97724e-23
369.422 2.9808e-23
370.274 2.98436e-23
371.128 2.98794e-23
371.983 2.99153e-23
372.841 2.99513e-23
373.701 2.99875e-23
374.563 3.00238e-23
375.426 3.00602e-23
376.292 3.00967e-23
377.16 3.01334e-23
378.03 3.01701e-23
378.901 3.0207e-23
379.775 3.02441e-23
380.651 3.02812e-23
381.529 3.03185e-23
382.408 3.03559e-23
383.29 3.03934e-23
384.174 3.04311e-23
385.06 3.04689e-23
385.948 3.05068e-23
386.838 3.05449e-23
387.73 3.0583e-23
388.624 3.06213e-23
389.52 3.06598e-23
390.419 3.06983e-23
391.319 3.0737e-23
392.221 3.07758e-23
393.126 3.08148e-23
394.032 3.08539e-23
394.941 3.08931e-23
395.852 3.09324e-23
396.765 3.09719e-23
397.679 3.10115e-23
398.597 3.10513e-23
399.516 3.10912e-23
400.437 3.11312e-23
401.36 3.11713e-23
402.286 3.12116e-23
403.214 3.1252e-23
404.143 3.12925e-23
405.075 3.13332e-23
406.009 3.1374e-23
406.946 3.1415e-23
407.884 3.14561e-23
408.825 3.14973e-23
409.767 3.15387e-23
410.712 3.15802e-23
411.66 3.16218e-23
412.609 3.16636e-23
413.56 3.17055e-23
414.514 3.17475e-23
415.47 3.17897e-23
416.428 3.1832e-23
417.388 3.18745e-23
418.351 3.19171e-23
419.315 3.19599e-23
420.282 3.20028e-23
421.252 3.20458e-23
422.223 3.2089e-23
423.197 3.21323e-23
424.173 3.21757e-23
425.151 3.22193e-23
426.131 3.22631e-23
427.114 3.2307e-23
428.099 3.2351e-23
429.086 3.23952e-23
430.075 3.24396e-23
431.067 3.24841e-23
432.061 3.25289e-23
433.057 3.25738e-23
434.056 3.26192e-23
435.057 3.26651e-23
436.06 3.2713e-23
437.066 3.27728e-23
438.074 1.10605e-22
439.084 3.28625e-23
440.096 3.28947e-23
441.111 3.29381e-23
442.129 3.29833e-23
443.148 3.30291e-23
444.17 3.30752e-23
445.194 3.31216e-23
446.221 3.31681e-23
447.25 3.32149e-23
448.281 3.32618e-23
449.315 3.33088e-23
450.351 3.3356e-23
451.39 3.34034e-23
452.43 3.34509e-23
453.474 3.34986e-23
454.519 3.35465e-23
455.568 3.35944e-23
456.618 3.36426e-23
457.671 3.36909e-23
458.727 3.37393e-23
459.784 3.37879e-23
460.845 3.38367e-23
461.907 3.38856e-23
462.972 3.39347e-23
464.04 3.39839e-23
465.11 3.40333e-23
466.183 3.40828e-23
467.258 3.41325e-23
468.335 3.41824e-23
469.415 3.42324e-23
470.498 3.42826e-23
471.583 3.43329e-23
472.67 3.43834e-23
473.76 3.4434e-23
474.853 3.44848e-23
475.948 3.45357e-23
477.045 3.45869e-23
478.145 3.46381e-23
479.248 3.46896e-23
480.353 3.47412e-23
481.461 3.47929e-23
482.571 3.48448e-23
483.684 3.48969e-23
484.799 3.49492e-23
485.917 3.50016e-23
487.038 3.50541e-23
488.161 3.51069e-23
489.286 3.51598e-23
490.415 3.52128e-23
491.546 3.5266e-23
492.679 3.53194e-23
493.815 3.5373e-23
494.954 3.54267e-23
496.095 3.54806e-23
497.239 3.55346e-23
498.386 3.55888e-23
499.535 3.56432e-23
500.687 3.56977e-23
501.842 3.57525e-23
502.999 3.58073e-23
504.159 3.58624e-23
505.322 3.59176e-23
506.487 3.5973e-23
507.655 3.60286e-23
508.825 3.60843e-23
509.999 3.61402e-23
511.175 3.61963e-23
512.354 3.62525e-23
513.535 3.63089e-23
514.719 3.63655e-23
515.906 3.64222e-23
517.096 3.64792e-23
518.288 3.65363e-23
519.484 3.65935e-23
520.682 3.6651e-23
521.882 3.67086e-23
523.086 3.67664e-23
524.292 3.68244e-23
525.501 3.68825e-23
526.713 3.69408e-23
527.927 3.69993e-23
529.145 3.7058e-23
530.365 3.71169e-23
531.588 3.71759e-23
532.814 3.72351e-23
534.043 3.72945e-23
535.274 3.7354e-23
536.508 3.74138e-23
537.746 3.74737e-23
538.986 3.75338e-23
540.229 3.75941e-23
541.474 3.76545e-23
542.723 3.77152e-23
543.974 3.7776e-23
545.229 3.7837e-23
546.486 3.78982e-23
547.746 3.79596e-23
549.01 3.80211e-23
550.276 3.80829e-23
551.544 3.81448e-23
552.816 3.82069e-23
554.091 3.82692e-23
555.369 3.83316e-23
556.65 3.83943e-23
557.933 3.84571e-23
559.22 3.85202e-23
560.509 3.85834e-23
561.802 3.86468e-23
563.097 3.87104e-23
564.396 3.87741e-23
565.697 3.88381e-23
567.002 3.89023e-23
568.309 3.89666e-23
569.62 3.90311e-23
570.933 3.90959e-23
572.25 3.91608e-23
573.57 3.92259e-23
574.892 3.92912e-23
576.218 3.93567e-23
577.547 3.94223e-23
578.879 3.94882e-23
580.214 3.95543e-23
581.552 3.96205e-23
582.893 3.9687e-23
584.237 3.97536e-23
585.584 3.98205e-23
586.934 3.98875e-23
588.288 3.99547e-23
589.644 4.00221e-23
591.004 4.00898e-23
592.367 4.01576e-23
593.733 4.02256e-23
595.102 4.02938e-23
596.474 4.03622e-23
597.85 4.04308e-23
599.229 4.04996e-23
600.61 4.05686e-23
601.995 4.06378e-23
603.384 4.07072e-23
604.775 4.07768e-23
606.17 4.08467e-23
607.567 4.09167e-23
608.969 4.09869e-23
610.373 4.10573e-23
611.78 4.11279e-23
613.191 4.11987e-23
614.605 4.12697e-23
616.022 4.1341e-23
617.443 4.14124e-23
618.867 4.1484e-23
620.294 4.15559e-23
621.724 4.16279e-23
623.158 4.17002e-23
624.595 4.17726e-23
626.035 4.18453e-23
627.479 4.19182e-23
628.926 4.19912e-23
630.376 4.20645e-23
631.83 4.2138e-23
633.287 4.22117e-23
634.747 4.22857e-23
636.211 4.23598e-23
637.678 4.24341e-23
639.149 4.25087e-23
640.623 4.25835e-23
642.1 4.26584e-23
643.58 4.27336e-23
645.065 4.2809e-23
646.552 4.28846e-23
648.043 4.29605e-23
649.537 4.30365e-23
651.035 4.31128e-23
652.537 4.31892e-23
654.041 4.32659e-23
655.55 4.33428e-23
657.061 4.342e-23
658.576 4.34973e-23
660.095 4.35748e-23
661.617 4.36526e-23
663.143 4.37306e-23
664.672 4.38088e-23
666.205 4.38873e-23
667.741 4.39659e-23
669.281 4.40448e-23
670.824 4.41239e-23
672.371 4.42032e-23
673.922 4.42827e-23
675.476 4.43625e-23
677.034 4.44425e-23
678.595 4.45227e-23
680.16 4.46031e-23
681.728 4.46838e-23
683.3 4.47647e-23
684.876 4.48458e-23
686.455 4.49271e-23
688.038 4.50087e-23
689.625 4.50904e-23
691.215 4.51724e-23
692.809 4.52547e-23
694.407 4.53372e-23
696.008 4.54199e-23
697.613 4.55028e-23
699.222 4.55859e-23
700.834 4.56693e-23
702.45 4.57529e-23
704.07 4.58368e-23
705.694 4.59209e-23
707.321 4.60052e-23
708.952 4.60897e-23
710.587 4.61745e-23
712.226 4.62595e-23
713.868 4.63448e-23
715.514 4.64302e-23
717.164 4.6516e-23
718.818 4.66019e-23
720.475 4.66881e-23
722.137 4.67745e-23
723.802 4.68612e-23
725.471 4.69481e-23
727.144 4.70352e-23
728.821 4.71226e-23
730.502 4.72102e-23
732.186 4.72981e-23
733.875 4.73862e-23
735.567 4.74745e-23
737.263 4.75631e-23
738.963 4.76519e-23
740.667 4.7741e-23
742.375 4.78303e-23
744.087 4.79198e-23
745.803 4.80096e-23
747.523 4.80997e-23
749.247 4.81899e-23
750.975 4.82805e-23
752.706 4.83712e-23
754.442 4.84623e-23
756.182 4.85535e-23
757.926 4.8645e-23
759.673 4.87368e-23
761.425 4.88288e-23
763.181 4.89211e-23
764.941 4.90136e-23
766.705 4.91064e-23
768.473 4.91994e-23
770.245 4.92926e-23
772.021 4.93862e-23
773.801 4.94799e-23
775.586 4.95739e-23
777.374 4.96682e-23
779.167 4.97627e-23
780.964 4.98575e-23
782.765 4.99526e-23
784.57 5.00479e-23
786.379 5.01434e-23
788.192 5.02392e-23
790.01 5.03353e-23
791.832 5.04316e-23
793.658 5.05282e-23
795.488 5.0625e-23
797.322 5.07221e-23
799.161 5.08195e-23
801.004 5.09171e-23
802.851 5.1015e-23
804.702 5.11131e-23
806.558 5.12116e-23
808.418 5.13102e-23
810.282 5.14092e-23
812.151 5.15084e-23
814.023 5.16078e-23
815.901 5.17075e-23
817.782 5.18075e-23
819.668 5.19078e-23
821.558 5.20083e-23
823.452 5.21091e-23
825.351 5.22102e-23
827.255 5.23115e-23
829.162 5.24131e-23
831.074 5.2515e-23
832.991 5.26171e-23
834.912 5.27195e-23
836.837 5.28222e-23
838.767 5.29252e-23
840.701 5.30284e-23
842.64 5.31319e-23
844.583 5.32357e-23
846.53 5.33397e-23
848.482 5.34441e-23
850.439 5.35487e-23
852.4 5.36536e-23
854.366 5.37588e-23
856.336 5.38646e-23
858.311 5.39829e-23
860.29 5.4077e-23
862.274 5.41823e-23
864.262 5.42887e-23
866.255 5.43955e-23
868.253 5.45025e-23
870.255 5.46099e-23
872.262 5.47176e-23
874.273 5.48255e-23
876.289 5.49338e-23
878.31 5.50423e-23
880.336 5.51511e-23
882.366 5.52602e-23
884.4 5.53695e-23
886.44 5.54792e-23
888.484 5.55892e-23
890.533 5.56994e-23
892.586 5.58099e-23
894.645 5.59207e-23
896.708 5.60318e-23
898.775 5.61432e-23
900.848 5.62549e-23
902.925 5.63669e-23
905.008 5.64791e-23
907.095 5.65917e-23
909.186 5.67045e-23
911.283 5.68177e-23
913.384 5.69311e-23
915.491 5.70449e-23
917.602 5.71589e-23
919.718 5.72732e-23
921.839 5.73879e-23
923.964 5.75028e-23
926.095 5.7618e-23
928.231 5.77335e-23
930.371 5.78493e-23
932.517 5.79655e-23
934.667 5.80819e-23
936.822 5.81986e-23
938.983 5.83156e-23
941.148 5.8433e-23
943.318 5.85506e-23
945.494 5.86685e-23
947.674 5.87868e-23
949.859 5.89053e-23
952.05 5.90242e-23
954.245 5.91433e-23
956.445 5.92628e-23
958.651 5.93825e-23
960.862 5.95026e-23
963.077 5.9623e-23
965.298 5.97437e-23
967.524 5.98647e-23
969.755 5.99861e-23
971.992 6.01077e-23
974.233 6.02296e-23
976.48 6.03519e-23
978.731 6.04745e-23
980.988 6.05974e-23
983.251 6.07206e-23
985.518 6.08441e-23
987.791 6.09679e-23
990.068 6.10921e-23
992.352 6.12166e-23
994.64 6.13414e-23
996.934 6.14665e-23
999.233 6.15919e-23
1001.54 6.17177e-23
1003.85 6.18437e-23
1006.16 6.19701e-23
1008.48 6.20968e-23
1010.81 6.22239e-23
1013.14 6.23513e-23
1015.47 6.24789e-23
1017.82 6.2607e-23
1020.16 6.27353e-23
1022.52 6.2864e-23
1024.87 6.2993e-23
1027.24 6.31223e-23
1029.61 6.3252e-23
1031.98 6.3382e-23
1034.36 6.35123e-23
1036.74 6.36429e-23
1039.14 6.37739e-23
1041.53 6.39052e-23
1043.93 6.40369e-23
1046.34 6.41689e-23
1048.75 6.43012e-23
1051.17 6.44338e-23
1053.6 6.45668e-23
1056.03 6.47002e-23
1058.46 6.48338e-23
1060.9 6.49678e-23
1063.35 6.51022e-23
1065.8 6.52368e-23
1068.26 6.53719e-23
1070.72 6.55072e-23
1073.19 6.56429e-23
1075.67 6.5779e-23
1078.15 6.59154e-23
1080.63 6.60521e-23
1083.12 6.61892e-23
1085.62 6.63267e-23
1088.13 6.64644e-23
1090.63 6.66026e-23
1093.15 6.6741e-23
1095.67 6.68799e-23
1098.2 6.7019e-23
1100.73 6.71585e-23
1103.27 6.72984e-23
1105.81 6.74386e-23
1108.36 6.75792e-23
1110.92 6.77202e-23
1113.48 6.78614e-23
1116.05 6.80031e-23
1118.62 6.81451e-23
1121.2 6.82874e-23
1123.79 6.84302e-23
1126.38 6.85732e-23
1128.97 6.87167e-23
1131.58 6.88604e-23
1134.19 6.90046e-23
1136.8 6.91491e-23
1139.42 6.9294e-23
1142.05 6.94392e-23
1144.69 6.95848e-23
1147.33 6.97308e-23
1149.97 6.98771e-23
1152.62 7.00238e-23
1155.28 7.01709e-23
1157.94 7.03183e-23
1160.62 7.04661e-23
1163.29 7.06143e-23
1165.97 7.07628e-23
1168.66 7.09117e-23
1171.36 7.1061e-23
1174.06 7.12107e-23
1176.77 7.13607e-23
1179.48 7.15111e-23
1182.2 7.16619e-23
1184.93 7.1813e-23
1187.66 7.19645e-23
1190.4 7.21164e-23
1193.14 7.22687e-23
1195.89 7.24214e-23
1198.65 7.25744e-23
1201.42 7.27279e-23
1204.19 7.28817e-23
1206.96 7.30358e-23
1209.75 7.31904e-23
1212.54 7.33454e-23
1215.33 7.35007e-23
1218.13 7.36564e-23
1220.94 7.38125e-23
1223.76 7.3969e-23
1226.58 7.41259e-23
1229.41 7.42832e-23
1232.24 7.44409e-23
1235.09 7.4599e-23
1237.93 7.47575e-23
1240.79 7.49561e-23
1243.65 7.50757e-23
1246.52 7.52351e-23
1249.39 7.53951e-23
1252.27 7.55555e-23
1255.16 7.57163e-23
1258.06 7.58776e-23
1260.96 7.60392e-23
1263.86 7.62012e-23
1266.78 7.63636e-23
1269.7 7.65264e-23
1272.63 7.66896e-23
1275.56 7.68532e-23
1278.5 7.70172e-23
1281.45 7.71817e-23
1284.41 7.73465e-23
1287.37 7.75117e-23
1290.34 7.76774e-23
1293.31 7.78434e-23
1296.3 7.80099e-23
1299.29 7.81768e-23
1302.28 7.83441e-23
1305.28 7.85118e-23
1308.29 7.86799e-23
1311.31 7.88484e-23
1314.34 7.90173e-23
1317.37 7.91867e-23
1320.4 7.93564e-23
1323.45 7.95266e-23
1326.5 7.96972e-23
1329.56 7.98682e-23
1332.63 8.00397e-23
1335.7 8.02116e-23
1338.78 8.03838e-23
1341.87 8.05565e-23
1344.96 8.07297e-23
1348.06 8.09032e-23
1351.17 8.10772e-23
1354.29 8.12516e-23
1357.41 8.14265e-23
1360.54 8.16017e-23
1363.68 8.17774e-23
1366.82 8.19535e-23
1369.97 8.21301e-23
1373.13 8.23071e-23
1376.3 8.24845e-23
1379.47 8.26623e-23
1382.65 8.28406e-23
1385.84 8.30194e-23
1389.04 8.31985e-23
1392.24 8.33781e-23
1395.45 8.35582e-23
1398.67 8.37386e-23
1401.9 8.39196e-23
1405.13 8.41009e-23
1408.37 8.42827e-23
1411.62 8.4465e-23
1414.87 8.46477e-23
1418.13 8.48308e-23
1421.4 8.50144e-23
1424.68 8.51984e-23
1427.97 8.53829e-23
1431.26 8.55678e-23
1434.56 8.57532e-23
1437.87 8.5939e-23
1441.18 8.61253e-23
1444.51 8.6312e-23
1447.84 8.64992e-23
1451.18 8.66869e-23
1454.52 8.6875e-23
1457.88 8.70635e-23
1461.24 8.72526e-23
1464.61 8.7442e-23
1467.99 8.7632e-23
1471.37 8.78224e-23
1474.77 8.80133e-23
1478.17 8.82046e-23
1481.57 8.83964e-23
1484.99 8.85886e-23
1488.42 8.87814e-23
1491.85 8.89745e-23
1495.29 8.91682e-23
1498.74 8.93623e-23
1502.19 8.95569e-23
1505.66 8.9752e-23
1509.13 8.99476e-23
1512.61 9.01436e-23
1516.1 9.03401e-23
1519.59 9.05371e-23
1523.1 9.07345e-23
1526.61 9.09324e-23
1530.13 9.11308e-23
1533.66 9.13297e-23
1537.19 9.15291e-23
1540.74 9.17289e-23
1544.29 9.19293e-23
1547.85 9.21301e-23
1551.42 9.23314e-23
1555 9.25332e-23
1558.59 9.27355e-23
1562.18 9.29382e-23
1565.78 9.31415e-23
1569.39 9.33453e-23
1573.01 9.35496e-23
1576.64 9.37578e-23
1580.28 9.39595e-23
1583.92 9.41652e-23
1587.57 9.43714e-23
1591.23 9.45781e-23
1594.9 9.47853e-23
1598.58 9.4993e-23
1602.27 9.52013e-23
1605.96 9.541e-23
1609.67 9.56192e-23
1613.38 9.58289e-23
1617.1 9.60392e-23
1620.83 9.62499e-23
1624.56 9.64612e-23
1628.31 9.66729e-23
1632.07 9.68852e-23
1635.83 9.7098e-23
1639.6 9.73112e-23
1643.38 9.7525e-23
1647.17 9.77394e-23
1650.97 9.79542e-23
1654.78 9.81695e-23
1658.59 9.83854e-23
1662.42 9.86018e-23
1666.25 9.88187e-23
1670.09 9.90361e-23
1673.95 9.92541e-23
1677.81 9.94726e-23
1681.67 9.96916e-23
1685.55 9.99111e-23
1689.44 1.00131e-22
1693.34 1.00352e-22
1697.24 1.00573e-22
1701.15 1.00794e-22
1705.08 1.01017e-22
1709.01 1.01239e-22
1712.95 1.01463e-22
1716.9 1.01686e-22
1720.86 1.01911e-22
1724.83 1.02136e-22
1728.8 1.02361e-22
1732.79 1.02587e-22
1736.79 1.02813e-22
1740.79 1.0304e-22
1744.81 1.03268e-22
1748.83 1.03496e-22
1752.86 1.03725e-22
1756.9 1.03954e-22
1760.96 1.04184e-22
1765.02 1.04414e-22
1769.09 1.04645e-22
1773.17 1.04876e-22
1777.26 1.05108e-22
1781.35 1.05341e-22
1785.46 1.05574e-22
1789.58 1.05807e-22
1793.71 1.06041e-22
1797.84 1.06276e-22
1801.99 1.06511e-22
1806.14 1.06747e-22
1810.31 1.06984e-22
1814.48 1.07221e-22
1818.67 1.07458e-22
1822.86 1.07696e-22
1827.06 1.07935e-22
1831.28 1.08174e-22
1835.5 1.08414e-22
1839.73 1.08655e-22
1843.98 1.08896e-22
1848.23 1.09137e-22
1852.49 1.09379e-22
1856.76 1.09622e-22
1861.04 1.09865e-22
1865.34 1.10109e-22
1869.64 1.10354e-22
1873.95 1.10599e-22
1878.27 1.10844e-22
1882.6 1.1109e-22
1886.94 1.11337e-22
1891.29 1.11585e-22
1895.65 1.11833e-22
1900.03 1.12081e-22
1904.41 1.1233e-22
1908.8 1.1258e-22
1913.2 1.1283e-22
1917.61 1.13081e-22
1922.03 1.13333e-22
1926.47 1.13585e-22
1930.91 1.13838e-22
1935.36 1.14091e-22
1939.83 1.14345e-22
1944.3 1.146e-22
1948.78 1.14855e-22
1953.28 1.1511e-22
1957.78 1.15367e-22
1962.29 1.15624e-22
1966.82 1.15881e-22
1971.36 1.1614e-22
1975.9 1.16398e-22
1980.46 1.16658e-22
1985.02 1.16918e-22
1989.6 1.17178e-22
1994.19 1.1744e-22
1998.79 1.17702e-22
2003.4 1.17964e-22
2008.02 1.18227e-22
2012.65 1.18491e-22
2017.29 1.18755e-22
2021.94 1.1902e-22
2026.6 1.19286e-22
2031.28 1.19552e-22
2035.96 1.19819e-22
2040.66 1.20087e-22
2045.36 1.20355e-22
2050.08 1.20624e-22
2054.81 1.20893e-22
2059.54 1.21163e-22
2064.29 1.21434e-22
2069.05 1.21705e-22
2073.83 1.21977e-22
2078.61 1.2225e-22
2083.4 1.22523e-22
2088.21 1.22797e-22
2093.02 1.23072e-22
2097.85 1.23347e-22
2102.69 1.23623e-22
2107.53 1.239e-22
2112.39 1.24177e-22
2117.27 1.24455e-22
2122.15 1.24733e-22
2127.04 1.25012e-22
2131.95 1.25292e-22
2136.86 1.25573e-22
2141.79 1.25854e-22
2146.73 1.26136e-22
2151.68 1.26418e-22
2156.64 1.26702e-22
2161.61 1.26985e-22
2166.6 1.2727e-22
2171.6 1.27555e-22
2176.6 1.27841e-22
2181.62 1.28127e-22
2186.65 1.28415e-22
2191.7 1.28703e-22
2196.75 1.28991e-22
2201.82 1.2928e-22
2206.89 1.2957e-22
2211.98 1.29861e-22
2217.08 1.30152e-22
2222.2 1.30444e-22
2227.32 1.30737e-22
2232.46 1.3103e-22
2237.6 1.31324e-22
2242.76 1.31619e-22
2247.94 1.31915e-22
2253.12 1.32211e-22
2258.32 1.32508e-22
2263.52 1.32805e-22
2268.74 1.33104e-22
2273.97 1.33402e-22
2279.22 1.33702e-22
2284.47 1.34003e-22
2289.74 1.34304e-22
2295.02 1.34605e-22
2300.31 1.34908e-22
2305.62 1.35211e-22
2310.94 1.35515e-22
2316.27 1.3582e-22
2321.61 1.36125e-22
2326.96 1.36431e-22
2332.33 1.36738e-22
2337.7 1.37046e-22
2343.1 1.37354e-22
2348.5 1.37663e-22
2353.91 1.37973e-22
2359.34 1.38283e-22
2364.78 1.38594e-22
2370.24 1.38906e-22
2375.7 1.39219e-22
2381.18 1.39532e-22
2386.67 1.39846e-22
2392.17 1.40161e-22
2397.69 1.40477e-22
2403.22 1.40793e-22
2408.76 1.4111e-22
2414.32 1.41428e-22
2419.88 1.41747e-22
2425.46 1.42066e-22
2431.06 1.42386e-22
2436.66 1.42707e-22
2442.28 1.43028e-22
2447.91 1.43351e-22
2453.56 1.43674e-22
2459.22 1.43998e-22
2464.89 1.44322e-22
2470.57 1.44648e-22
2476.27 1.44974e-22
2481.98 1.45301e-22
2487.7 1.45629e-22
2493.44 1.45957e-22
2499.19 1.46286e-22
2504.95 1.46616e-22
2510.73 1.46947e-22
2516.52 1.47279e-22
2522.32 1.47611e-22
2528.14 1.47944e-22
2533.97 1.48278e-22
2539.81 1.48613e-22
2545.67 1.48948e-22
2551.54 1.49284e-22
2557.42 1.49621e-22
2563.32 1.49959e-22
2569.23 1.50298e-22
2575.16 1.50637e-22
2581.09 1.50978e-22
2587.05 1.51319e-22
2593.01 1.5166e-22
2598.99 1.52003e-22
2604.99 1.52347e-22
2610.99 1.52691e-22
2617.01 1.53036e-22
2623.05 1.53382e-22
2629.1 1.53728e-22
2635.16 1.54076e-22
2641.24 1.54424e-22
2647.33 1.54773e-22
2653.43 1.55123e-22
2659.55 1.55474e-22
2665.68 1.55826e-22
2671.83 1.56178e-22
2677.99 1.56531e-22
2684.17 1.56885e-22
2690.36 1.5724e-22
2696.56 1.57596e-22
2702.78 1.57952e-22
2709.01 1.5831e-22
2715.26 1.58668e-22
2721.52 1.59027e-22
2727.8 1.59387e-22
2734.09 1.59748e-22
2740.39 1.60109e-22
2746.71 1.60472e-22
2753.04 1.60835e-22
2759.39 1.61199e-22
2765.76 1.61564e-22
2772.13 1.6193e-22
2778.53 1.62297e-22
2784.93 1.62664e-22
2791.36 1.63033e-22
2797.79 1.63402e-22
2804.24 1.63772e-22
2810.71 1.64143e-22
2817.19 1.64515e-22
2823.69 1.64888e-22
2830.2 1.65262e-22
2836.73 1.65636e-22
2843.27 1.66012e-22
2849.83 1.66388e-22
2856.4 1.66765e-22
2862.98 1.67143e-22
2869.59 1.67522e-22
2876.2 1.67902e-22
2882.84 1.68282e-22
2889.48 1.68664e-22
2896.15 1.69046e-22
2902.83 1.6943e-22
2909.52 1.69814e-22
2916.23 1.70199e-22
2922.95 1.70585e-22
2929.69 1.70972e-22
2936.45 1.7136e-22
2943.22 1.71749e-22
2950.01 1.72139e-22
2956.81 1.72529e-22
2963.63 1.72921e-22
2970.46 1.73313e-22
2977.31 1.73707e-22
2984.18 1.74101e-22
2991.06 1.74496e-22
2997.96 1.74892e-22
3004.87 1.75289e-22
3011.8 1.75687e-22
3018.75 1.76086e-22
3025.71 1.76486e-22
3032.68 1.76887e-22
3039.68 1.77288e-22
3046.69 1.77691e-22
3053.71 1.78094e-22
3060.76 1.78499e-22
3067.81 1.78904e-22
3074.89 1.79311e-22
3081.98 1.79718e-22
3089.09 1.80127e-22
3096.21 1.80536e-22
3103.35 1.80946e-22
3110.51 1.81357e-22
3117.68 1.81769e-22
3124.87 1.82182e-22
3132.07 1.82597e-22
3139.3 1.83012e-22
3146.54 1.83428e-22
3153.79 1.83845e-22
3161.06 1.84263e-22
3168.35 1.84681e-22
3175.66 1.85101e-22
3182.98 1.85522e-22
3190.32 1.85944e-22
3197.68 1.86367e-22
3205.05 1.86791e-22
3212.44 1.87216e-22
3219.85 1.87641e-22
3227.28 1.88068e-22
3234.72 1.88496e-22
3242.18 1.88925e-22
3249.66 1.89355e-22
3257.15 1.89785e-22
3264.66 1.90217e-22
3272.19 1.9065e-22
3279.73 1.91084e-22
3287.3 1.91519e-22
3294.88 1.91955e-22
3302.48 1.92391e-22
3310.09 1.92829e-22
3317.72 1.93268e-22
3325.37 1.93708e-22
3333.04 1.94149e-22
3340.73 1.94591e-22
3348.43 1.95034e-22
3356.15 1.95478e-22
3363.89 1.95923e-22
3371.65 1.96369e-22
3379.43 1.96817e-22
3387.22 1.97265e-22
3395.03 1.97714e-22
3402.86 1.98164e-22
3410.71 1.98616e-22
3418.57 1.99068e-22
3426.45 1.99521e-22
3434.36 1.99976e-22
3442.28 2.00432e-22
3450.21 2.00888e-22
3458.17 2.01346e-22
3466.14 2.01805e-22
3474.14 2.02264e-22
3482.15 2.02725e-22
3490.18 2.03187e-22
3498.23 2.0365e-22
3506.29 2.04114e-22
3514.38 2.0458e-22
3522.48 2.05046e-22
3530.61 2.05513e-22
3538.75 2.05982e-22
3546.91 2.06451e-22
3555.09 2.06922e-22
3563.29 2.07394e-22
3571.5 2.07867e-22
3579.74 2.08341e-22
3587.99 2.08816e-22
3596.27 2.09292e-22
3604.56 2.09769e-22
3612.87 2.10247e-22
3621.2 2.10727e-22
3629.55 2.11207e-22
3637.92 2.11689e-22
3646.31 2.12172e-22
3654.72 2.12656e-22
3663.15 2.13141e-22
3671.6 2.13627e-22
3680.06 2.14115e-22
3688.55 2.14603e-22
3697.06 2.15093e-22
3705.58 2.15583e-22
3714.13 2.16075e-22
3722.69 2.16568e-22
3731.28 2.17063e-22
3739.88 2.17558e-22
3748.5 2.18054e-22
3757.15 2.18552e-22
3765.81 2.19051e-22
3774.5 2.19551e-22
3783.2 2.20052e-22
3791.92 2.20554e-22
3800.67 2.21058e-22
3809.43 2.21562e-22
3818.22 2.22068e-22
3827.02 2.22575e-22
3835.85 2.23083e-22
3844.69 2.23593e-22
3853.56 2.24103e-22
3862.44 2.24615e-22
3871.35 2.25128e-22
3880.28 2.25642e-22
3889.23 2.26157e-22
3898.2 2.26674e-22
3907.18 2.27191e-22
3916.19 2.2771e-22
3925.23 2.2823e-22
3934.28 2.28752e-22
3943.35 2.29274e-22
3952.44 2.29798e-22
3961.56 2.30323e-22
3970.69 2.30849e-22
3979.85 2.31376e-22
3989.03 2.31905e-22
3998.23 2.32435e-22
4007.45 2.32966e-22
4016.69 2.33498e-22
4025.95 2.34032e-22
4035.23 2.34567e-22
4044.54 2.35103e-22
4053.87 2.3564e-22
4063.21 2.36178e-22
4072.58 2.36718e-22
4081.97 2.37259e-22
4091.39 2.37802e-22
4100.82 2.38345e-22
4110.28 2.3889e-22
4119.76 2.39436e-22
4129.26 2.39983e-22
4138.78 2.40532e-22
4148.32 2.41082e-22
4157.89 2.41633e-22
4167.48 2.42185e-22
4177.09 2.42739e-22
4186.72 2.43294e-22
4196.38 2.4385e-22
4206.05 2.44408e-22
4215.75 2.44967e-22
4225.47 2.45527e-22
4235.22 2.46089e-22
4244.98 2.46651e-22
4254.77 2.47216e-22
4264.58 2.47781e-22
4274.42 2.48348e-22
4284.27 2.48916e-22
4294.15 2.49485e-22
4304.06 2.50056e-22
4313.98 2.50628e-22
4323.93 2.51201e-22
4333.9 2.51776e-22
4343.89 2.52352e-22
4353.91 2.52929e-22
4363.95 2.53508e-22
4374.02 2.54088e-22
4384.1 2.54669e-22
4394.21 2.55252e-22
4404.34 2.55836e-22
4414.5 2.56421e-22
4424.68 2.57008e-22
4434.88 2.57596e-22
4445.11 2.58186e-22
4455.36 2.58776e-22
4465.64 2.59369e-22
4475.93 2.59962e-22
4486.26 2.60557e-22
4496.6 2.61154e-22
4506.97 2.61751e-22
4517.36 2.62351e-22
4527.78 2.62951e-22
4538.22 2.63553e-22
4548.69 2.64156e-22
4559.18 2.64761e-22
4569.69 2.65367e-22
4580.23 2.65975e-22
4590.79 2.66584e-22
4601.38 2.67194e-22
4611.99 2.67806e-22
4622.62 2.68419e-22
4633.28 2.69034e-22
4643.97 2.6965e-22
4654.67 2.70267e-22
4665.41 2.70886e-22
4676.17 2.71506e-22
4686.95 2.72128e-22
4697.76 2.72751e-22
4708.59 2.73376e-22
4719.45 2.74002e-22
4730.33 2.7463e-22
4741.24 2.75259e-22
4752.17 2.75889e-22
4763.13 2.76521e-22
4774.12 2.77154e-22
4785.13 2.77789e-22
4796.16 2.78426e-22
4807.22 2.79063e-22
4818.31 2.79703e-22
4829.42 2.80343e-22
4840.55 2.80986e-22
4851.72 2.81629e-22
4862.9 2.82275e-22
4874.12 2.82921e-22
4885.36 2.8357e-22
4896.62 2.84219e-22
4907.91 2.84871e-22
4919.23 2.85523e-22
4930.58 2.86178e-22
4941.95 2.86833e-22
4953.34 2.87491e-22
4964.76 2.88149e-22
4976.21 2.8881e-22
4987.69 2.89472e-22
4999.19 2.90135e-22
5010.72 2.908e-22
5022.27 2.91466e-22
5033.85 2.92135e-22
5045.46 2.92804e-22
5057.1 2.93475e-22
5068.76 2.94148e-22
5080.45 2.94822e-22
5092.16 2.95498e-22
5103.91 2.96175e-22
5115.68 2.96854e-22
5127.47 2.97535e-22
5139.3 2.98217e-22
5151.15 2.98901e-22
5163.03 2.99586e-22
5174.93 3.00273e-22
5186.87 3.00961e-22
5198.83 3.01651e-22
5210.81 3.02343e-22
5222.83 3.03036e-22
5234.87 3.03731e-22
5246.95 3.04427e-22
5259.05 3.05125e-22
5271.17 3.05825e-22
5283.33 3.06526e-22
5295.51 3.07229e-22
5307.72 3.07934e-22
5319.96 3.0864e-22
5332.23 3.09348e-22
5344.53 3.10057e-22
5356.85 3.10768e-22
5369.2 3.11481e-22
5381.59 3.12195e-22
5394 3.12911e-22
5406.43 3.13629e-22
5418.9 3.14349e-22
5431.4 3.1507e-22
5443.92 3.15792e-22
5456.48 3.16517e-22
5469.06 3.17243e-22
5481.67 3.1797e-22
5494.31 3.187e-22
5506.98 3.19431e-22
5519.68 3.20164e-22
5532.41 3.20898e-22
5545.17 3.21634e-22
5557.95 3.22372e-22
5570.77 3.23112e-22
5583.62 3.23853e-22
5596.49 3.24596e-22
5609.4 3.25341e-22
5622.33 3.26088e-22
5635.3 3.26836e-22
5648.29 3.27586e-22
5661.32 3.28337e-22
5674.37 3.29091e-22
5687.46 3.29846e-22
5700.57 3.30603e-22
5713.72 3.31362e-22
5726.9 3.32122e-22
5740.1 3.32884e-22
5753.34 3.33648e-22
5766.61 3.34414e-22
5779.9 3.35181e-22
5793.23 3.35951e-22
5806.59 3.36722e-22
5819.98 3.37494e-22
5833.4 3.38269e-22
5846.85 3.39046e-22
5860.34 3.39824e-22
5873.85 3.40604e-22
5887.4 3.41386e-22
5900.97 3.42169e-22
5914.58 3.42955e-22
5928.22 3.43742e-22
5941.89 3.44531e-22
5955.59 3.45322e-22
5969.33 3.46115e-22
5983.09 3.46909e-22
5996.89 3.47706e-22
6010.72 3.48504e-22
6024.58 3.49304e-22
6038.47 3.50106e-22
6052.4 3.5091e-22
6066.35 3.51715e-22
6080.34 3.52523e-22
6094.36 3.53332e-22
6108.42 3.54143e-22
6122.5 3.54957e-22
6136.62 3.55772e-22
6150.77 3.56588e-22
6164.96 3.57407e-22
6179.17 3.58228e-22
6193.42 3.59051e-22
6207.7 3.59875e-22
6222.02 3.60701e-22
6236.37 3.6153e-22
6250.75 3.6236e-22
6265.16 3.63192e-22
6279.61 3.64026e-22
6294.09 3.64862e-22
6308.6 3.657e-22
6323.15 3.6654e-22
6337.73 3.67382e-22
6352.35 3.68226e-22
6367 3.69071e-22
6381.68 3.69919e-22
6396.4 3.70769e-22
6411.15 3.7162e-22
6425.93 3.72474e-22
6440.75 3.73329e-22
6455.6 3.74187e-22
6470.49 3.75046e-22
6485.41 3.75908e-22
6500.36 3.76771e-22
6515.35 3.77637e-22
6530.38 3.78504e-22
6545.44 3.79374e-22
6560.53 3.80245e-22
6575.66 3.81119e-22
6590.82 3.81994e-22
6606.02 3.82872e-22
6621.26 3.83751e-22
6636.52 3.84633e-22
6651.83 3.85517e-22
6667.17 3.86402e-22
6682.54 3.8729e-22
6697.95 3.8818e-22
6713.4 3.89072e-22
6728.88 3.89966e-22
6744.39 3.90862e-22
6759.95 3.9176e-22
6775.54 3.9266e-22
6791.16 3.93562e-22
6806.82 3.94467e-22
6822.52 3.95373e-22
6838.25 3.96281e-22
6854.02 3.97192e-22
6869.82 3.98105e-22
6885.67 3.9902e-22
6901.54 3.99936e-22
6917.46 4.00856e-22
6933.41 4.01777e-22
6949.4 4.027e-22
6965.43 4.03625e-22
6981.49 4.04553e-22
6997.59 4.05483e-22
7013.72 4.06415e-22
7029.9 4.07349e-22
7046.11 4.08285e-22
7062.36 4.09223e-22
7078.64 4.10164e-22
7094.97 4.11106e-22
7111.33 4.12051e-22
7127.73 4.12998e-22
7144.16 4.13947e-22
7160.64 4.14899e-22
7177.15 4.15853e-22
7193.7 4.16808e-22
7210.29 4.17766e-22
7226.92 4.18727e-22
7243.58 4.19689e-22
7260.28 4.20654e-22
7277.03 4.21621e-22
7293.81 4.2259e-22
7310.63 4.23561e-22
7327.49 4.24535e-22
7344.38 4.25511e-22
7361.32 4.26489e-22
7378.29 4.2747e-22
7395.31 4.28452e-22
7412.36 4.29437e-22
7429.46 4.30424e-22
7446.59 4.31414e-22
7463.76 4.32406e-22
7480.97 4.334e-22
7498.22 4.34396e-22
7515.51 4.35395e-22
7532.84 4.36396e-22
7550.22 4.37399e-22
7567.63 4.38405e-22
7585.08 4.39413e-22
7602.57 4.40423e-22
7620.1 4.41436e-22
7637.67 4.42451e-22
7655.28 4.43468e-22
7672.94 4.44488e-22
7690.63 4.4551e-22
7708.37 4.46534e-22
7726.14 4.47561e-22
7743.96 4.4859e-22
7761.82 4.49621e-22
7779.71 4.50655e-22
7797.65 4.51692e-22
7815.64 4.5273e-22
7833.66 4.53771e-22
7851.72 4.54815e-22
7869.83 4.55861e-22
7887.98 4.56909e-22
7906.17 4.5796e-22
7924.4 4.59013e-22
7942.67 4.60068e-22
7960.99 4.61126e-22
7979.35 4.62187e-22
7997.75 4.6325e-22
8016.19 4.64315e-22
8034.68 4.65383e-22
8053.2 4.66453e-22
8071.77 4.67526e-22
8090.39 4.68601e-22
8109.04 4.69679e-22
8127.74 4.70759e-22
8146.49 4.71842e-22
8165.27 4.72927e-22
8184.1 4.74015e-22
8202.97 4.75105e-22
8221.89 4.76198e-22
8240.85 4.77293e-22
8259.85 4.78391e-22
8278.9 4.79491e-22
8297.99 4.80594e-22
8317.13 4.817e-22
8336.31 4.82808e-22
8355.53 4.83918e-22
8374.8 4.85031e-22
8394.11 4.86147e-22
8413.47 4.87265e-22
8432.87 4.88386e-22
8452.31 4.8951e-22
8471.81 4.90636e-22
8491.34 4.91764e-22
8510.92 4.92896e-22
8530.55 4.94029e-22
8550.22 4.95166e-22
8569.94 4.96305e-22
8589.7 4.97447e-22
8609.51 4.98591e-22
8629.36 4.99738e-22
8649.26 5.00888e-22
8669.21 5.0204e-22
8689.2 5.03195e-22
8709.23 5.04353e-22
8729.32 5.05513e-22
8749.45 5.06676e-22
8769.62 5.07842e-22
8789.85 5.0901e-22
8810.12 5.10181e-22
8830.43 5.11355e-22
8850.8 5.12531e-22
8871.21 5.13711e-22
8891.66 5.14893e-22
8912.17 5.16077e-22
8932.72 5.17265e-22
8953.32 5.18455e-22
8973.96 5.19648e-22
8994.66 5.20843e-22
9015.4 5.22042e-22
9036.19 5.23243e-22
9057.03 5.24447e-22
9077.91 5.25654e-22
9098.85 5.26863e-22
9119.83 5.28075e-22
9140.86 5.29291e-22
9161.94 5.30508e-22
9183.07 5.31729e-22
9204.24 5.32953e-22
9225.47 5.34179e-22
9246.74 5.35408e-22
9268.06 5.3664e-22
9289.44 5.37875e-22
9310.86 5.39113e-22
9332.33 5.40354e-22
9353.85 5.41597e-22
9375.42 5.42843e-22
9397.04 5.44093e-22
9418.71 5.45345e-22
9440.43 5.466e-22
9462.2 5.47858e-22
9484.02 5.49118e-22
9505.89 5.50382e-22
9527.81 5.51649e-22
9549.78 5.52918e-22
9571.8 5.54191e-22
9593.87 5.55466e-22
9616 5.56744e-22
9638.17 5.58026e-22
9660.4 5.5931e-22
9682.67 5.60597e-22
9705 5.61887e-22
9727.38 5.63181e-22
9749.81 5.64477e-22
9772.3 5.65776e-22
9794.83 5.67078e-22
9817.42 5.68383e-22
9840.06 5.69692e-22
9862.75 5.71003e-22
9885.49 5.72317e-22
9908.29 5.73634e-22
9931.14 5.74955e-22
9954.04 5.76278e-22
9976.99 5.77604e-22
10000 5.78934e-22
