10 3.19888e-21
10.0231 3.1695e-21
10.0462 3.14039e-21
10.0693 3.11155e-21
10.0926 3.08298e-21
10.1158 3.05467e-21
10.1392 3.02662e-21
10.1625 2.99883e-21
10.186 2.97129e-21
10.2095 2.94402e-21
10.233 2.91699e-21
10.2566 2.89021e-21
10.2803 2.86368e-21
10.304 2.8374e-21
10.3277 2.81136e-21
10.3515 2.78555e-21
10.3754 2.75999e-21
10.3993 2.73466e-21
10.4233 2.70957e-21
10.4474 2.6847e-21
10.4714 2.66007e-21
10.4956 2.63567e-21
10.5198 2.61148e-21
10.5441 2.58753e-21
10.5684 2.56379e-21
10.5927 2.54027e-21
10.6172 2.51697e-21
10.6417 2.49388e-21
10.6662 2.47101e-21
10.6908 2.44835e-21
10.7154 2.42589e-21
10.7401 2.40364e-21
10.7649 2.3816e-21
10.7897 2.35976e-21
10.8146 2.33812e-21
10.8396 2.31669e-21
10.8646 2.29545e-21
10.8896 2.2744e-21
10.9147 2.25355e-21
10.9399 2.23289e-21
10.9651 2.21242e-21
10.9904 2.19214e-21
11.0157 2.17205e-21
11.0412 2.15214e-21
11.0666 2.13241e-21
11.0921 2.11287e-21
11.1177 2.0935e-21
11.1433 2.07432e-21
11.169 2.05531e-21
11.1948 2.03647e-21
11.2206 2.01781e-21
11.2465 1.99933e-21
11.2724 1.98101e-21
11.2984 1.96286e-21
11.3245 1.94487e-21
11.3506 1.92706e-21
11.3768 1.9094e-21
11.403 1.89191e-21
11.4293 1.87458e-21
11.4556 1.85741e-21
11.4821 1.8404e-21
11.5085 1.82354e-21
11.5351 1.80684e-21
11.5617 1.7903e-21
11.5883 1.7739e-21
11.6151 1.75766e-21
11.6418 1.74156e-21
11.6687 1.72562e-21
11.6956 1.70982e-21
11.7226 1.69416e-21
11.7496 1.67865e-21
11.7767 1.66329e-21
11.8039 1.64806e-21
11.8311 1.63297e-21
11.8584 1.61803e-21
11.8857 1.60322e-21
11.9131 1.58854e-21
11.9406 1.57401e-21
11.9681 1.5596e-21
11.9957 1.54533e-21
12.0234 1.53119e-21
12.0511 1.51718e-21
12.0789 1.5033e-21
12.1068 1.48954e-21
12.1347 1.47592e-21
12.1627 1.46241e-21
12.1907 1.44904e-21
12.2188 1.43578e-21
12.247 1.42265e-21
12.2752 1.40964e-21
12.3035 1.39674e-21
12.3319 1.38397e-21
12.3603 1.37132e-21
12.3888 1.35878e-21
12.4174 1.34635e-21
12.4461 1.33404e-21
12.4748 1.32185e-21
12.5035 1.30976e-21
12.5324 1.29779e-21
12.5613 1.28593e-21
12.5902 1.27417e-21
12.6193 1.26253e-21
12.6484 1.25099e-21
12.6775 1.23956e-21
12.7068 1.22823e-21
12.7361 1.21701e-21
12.7654 1.20589e-21
12.7949 1.19488e-21
12.8244 1.18396e-21
12.8539 1.17315e-21
12.8836 1.16243e-21
12.9133 1.15182e-21
12.9431 1.1413e-21
12.9729 1.13088e-21
13.0028 1.12055e-21
13.0328 1.11032e-21
13.0629 1.10019e-21
13.093 1.09015e-21
13.1232 1.0802e-21
13.1534 1.07034e-21
13.1838 1.06057e-21
13.2142 1.0509e-21
13.2447 1.04131e-21
13.2752 1.03181e-21
13.3058 1.0224e-21
13.3365 1.01308e-21
13.3672 1.00384e-21
13.3981 9.94686e-22
13.429 9.85618e-22
13.4599 9.76634e-22
13.491 9.67733e-22
13.5221 9.58914e-22
13.5533 9.50177e-22
13.5845 9.41521e-22
13.6158 9.32945e-22
13.6472 9.24449e-22
13.6787 9.16031e-22
13.7103 9.07692e-22
13.7419 8.9943e-22
13.7736 8.91244e-22
13.8053 8.83135e-22
13.8372 8.75101e-22
13.8691 8.67141e-22
13.9011 8.59256e-22
13.9331 8.51444e-22
13.9652 8.43705e-22
13.9974 8.36039e-22
14.0297 8.28444e-22
14.0621 8.20919e-22
14.0945 8.13466e-22
14.127 8.06082e-22
14.1596 7.98767e-22
14.1922 7.91521e-22
14.225 7.84343e-22
14.2578 7.77233e-22
14.2906 7.7019e-22
14.3236 7.63213e-22
14.3566 7.56303e-22
14.3897 7.49457e-22
14.4229 7.42677e-22
14.4562 7.35962e-22
14.4895 7.2931e-22
14.5229 7.22723e-22
14.5564 7.16198e-22
14.59 7.09737e-22
14.6236 7.03337e-22
14.6573 6.97e-22
14.6911 6.90725e-22
14.725 6.84511e-22
14.759 6.78358e-22
14.793 6.72265e-22
14.8271 6.66233e-22
14.8613 6.60262e-22
14.8956 6.5435e-22
14.9299 6.48498e-22
14.9644 6.42707e-22
14.9989 6.36974e-22
15.0335 6.31301e-22
15.0681 6.25688e-22
15.1029 6.20135e-22
15.1377 6.14641e-22
15.1726 6.09208e-22
15.2076 6.03834e-22
15.2427 5.98522e-22
15.2778 5.9327e-22
15.3131 5.8808e-22
15.3484 5.82953e-22
15.3838 5.77888e-22
15.4192 5.72889e-22
15.4548 5.67954e-22
15.4904 5.63087e-22
15.5261 5.58289e-22
15.5619 5.53562e-22
15.5978 5.48908e-22
15.6338 5.44331e-22
15.6699 5.39833e-22
15.706 5.3542e-22
15.7422 5.31095e-22
15.7785 5.26865e-22
15.8149 5.22737e-22
15.8514 5.18718e-22
15.8879 5.1482e-22
15.9246 5.11054e-22
15.9613 5.07435e-22
15.9981 5.03981e-22
16.035 5.00714e-22
16.072 4.97664e-22
16.109 4.94865e-22
16.1462 4.92362e-22
16.1834 4.90212e-22
16.2207 4.88491e-22
16.2581 4.87298e-22
16.2956 4.86764e-22
16.3332 4.8707e-22
16.3709 4.88465e-22
16.4086 4.91305e-22
16.4464 4.96105e-22
16.4844 5.03637e-22
16.5224 5.15098e-22
16.5605 5.32415e-22
16.5987 5.58857e-22
16.6369 6.0032e-22
16.6753 6.68369e-22
16.7138 7.88597e-22
16.7523 1.02956e-21
16.7909 1.65382e-21
16.8297 5.43899e-21
16.8685 3.84515e-21
16.9074 1.46065e-21
16.9464 9.42525e-22
16.9854 7.2677e-22
17.0246 6.13109e-22
17.0639 5.44943e-22
17.1032 5.00355e-22
17.1427 4.69233e-22
17.1822 4.46355e-22
17.2218 4.28801e-22
17.2615 4.14833e-22
17.3013 4.03368e-22
17.3412 3.93702e-22
17.3812 3.85364e-22
17.4213 3.78029e-22
17.4615 3.71466e-22
17.5017 3.65508e-22
17.5421 3.60032e-22
17.5825 3.54947e-22
17.6231 3.50183e-22
17.6637 3.45685e-22
17.7045 3.4141e-22
17.7453 3.37327e-22
17.7862 3.33407e-22
17.8272 3.29629e-22
17.8683 3.25976e-22
17.9095 3.22433e-22
17.9508 3.18988e-22
17.9922 3.15631e-22
18.0337 3.12354e-22
18.0753 3.09149e-22
18.117 3.06011e-22
18.1588 3.02935e-22
18.2006 2.99915e-22
18.2426 2.96949e-22
18.2847 2.94032e-22
18.3268 2.91162e-22
18.3691 2.88336e-22
18.4115 2.85552e-22
18.4539 2.82808e-22
18.4965 2.80102e-22
18.5391 2.77433e-22
18.5819 2.74799e-22
18.6247 2.72198e-22
18.6677 2.6963e-22
18.7107 2.67093e-22
18.7539 2.64587e-22
18.7971 2.62111e-22
18.8405 2.59663e-22
18.8839 2.57243e-22
18.9275 2.5485e-22
18.9711 2.52484e-22
19.0149 2.50144e-22
19.0587 2.4783e-22
19.1027 2.4554e-22
19.1467 2.43275e-22
19.1909 2.41034e-22
19.2351 2.38816e-22
19.2795 2.36621e-22
19.3239 2.34449e-22
19.3685 2.32299e-22
19.4132 2.30171e-22
19.4579 2.28065e-22
19.5028 2.2598e-22
19.5478 2.23916e-22
19.5928 2.21872e-22
19.638 2.19849e-22
19.6833 2.17846e-22
19.7287 2.15862e-22
19.7742 2.13898e-22
19.8198 2.11954e-22
19.8655 2.10028e-22
19.9113 2.08121e-22
19.9572 2.06232e-22
20.0032 2.04362e-22
20.0494 2.0251e-22
20.0956 2.00676e-22
20.1419 1.98859e-22
20.1884 1.9706e-22
20.2349 1.95278e-22
20.2816 1.93513e-22
20.3284 1.91765e-22
20.3753 1.90033e-22
20.4222 1.88318e-22
20.4693 1.86619e-22
20.5165 1.84937e-22
20.5638 1.8327e-22
20.6113 1.81619e-22
20.6588 1.79984e-22
20.7064 1.78364e-22
20.7542 1.7676e-22
20.802 1.7517e-22
20.85 1.73596e-22
20.8981 1.72036e-22
20.9463 1.70491e-22
20.9946 1.68961e-22
21.043 1.67445e-22
21.0915 1.65943e-22
21.1402 1.64455e-22
21.1889 1.62981e-22
21.2378 1.61521e-22
21.2868 1.60075e-22
21.3358 1.58642e-22
21.385 1.57222e-22
21.4344 1.55816e-22
21.4838 1.54422e-22
21.5333 1.53042e-22
21.583 1.51675e-22
21.6327 1.5032e-22
21.6826 1.48978e-22
21.7326 1.47649e-22
21.7828 1.46332e-22
21.833 1.45027e-22
21.8833 1.43734e-22
21.9338 1.42453e-22
21.9844 1.41185e-22
22.0351 1.39928e-22
22.0859 1.38682e-22
22.1368 1.37449e-22
22.1879 1.36226e-22
22.239 1.35015e-22
22.2903 1.33815e-22
22.3417 1.32627e-22
22.3932 1.31449e-22
22.4449 1.30283e-22
22.4966 1.29127e-22
22.5485 1.27981e-22
22.6005 1.26847e-22
22.6526 1.25723e-22
22.7049 1.24609e-22
22.7572 1.23506e-22
22.8097 1.22413e-22
22.8623 1.2133e-22
22.915 1.20257e-22
22.9679 1.19194e-22
23.0208 1.18141e-22
23.0739 1.17097e-22
23.1271 1.16063e-22
23.1804 1.15039e-22
23.2339 1.14024e-22
23.2875 1.13019e-22
23.3412 1.12023e-22
23.395 1.11036e-22
23.4489 1.10058e-22
23.503 1.0909e-22
23.5572 1.0813e-22
23.6115 1.07179e-22
23.666 1.06237e-22
23.7206 1.05304e-22
23.7753 1.04379e-22
23.8301 1.03463e-22
23.885 1.02555e-22
23.9401 1.01655e-22
23.9953 1.00764e-22
24.0507 9.98816e-23
24.1061 9.90069e-23
24.1617 9.81403e-23
24.2174 9.72817e-23
24.2733 9.64311e-23
24.3292 9.55883e-23
24.3854 9.47533e-23
24.4416 9.3926e-23
24.4979 9.31063e-23
24.5544 9.22943e-23
24.6111 9.14897e-23
24.6678 9.06925e-23
24.7247 8.99027e-23
24.7817 8.91202e-23
24.8389 8.8345e-23
24.8961 8.75769e-23
24.9536 8.68159e-23
25.0111 8.60619e-23
25.0688 8.53148e-23
25.1266 8.45747e-23
25.1845 8.38414e-23
25.2426 8.31149e-23
25.3008 8.23951e-23
25.3592 8.16819e-23
25.4176 8.09754e-23
25.4762 8.02753e-23
25.535 7.95817e-23
25.5939 7.88946e-23
25.6529 7.82137e-23
25.7121 7.75392e-23
25.7713 7.68709e-23
25.8308 7.62088e-23
25.8903 7.55527e-23
25.95 7.49028e-23
26.0099 7.42588e-23
26.0699 7.36208e-23
26.13 7.29887e-23
26.1902 7.23624e-23
26.2506 7.1742e-23
26.3112 7.11272e-23
26.3718 7.05181e-23
26.4326 6.99147e-23
26.4936 6.93168e-23
26.5547 6.87245e-23
26.6159 6.81377e-23
26.6773 6.75562e-23
26.7388 6.69802e-23
26.8005 6.64094e-23
26.8623 6.5844e-23
26.9242 6.52837e-23
26.9863 6.47287e-23
27.0486 6.41788e-23
27.1109 6.36339e-23
27.1734 6.30941e-23
27.2361 6.25593e-23
27.2989 6.20295e-23
27.3619 6.15045e-23
27.425 6.09844e-23
27.4882 6.04692e-23
27.5516 5.99586e-23
27.6151 5.94529e-23
27.6788 5.89517e-23
27.7426 5.84553e-23
27.8066 5.79634e-23
27.8707 5.74761e-23
27.935 5.69933e-23
27.9994 5.65149e-23
28.064 5.6041e-23
28.1287 5.55715e-23
28.1936 5.51063e-23
28.2586 5.46455e-23
28.3237 5.41889e-23
28.3891 5.37365e-23
28.4545 5.32883e-23
28.5201 5.28443e-23
28.5859 5.24044e-23
28.6518 5.19686e-23
28.7179 5.15368e-23
28.7841 5.1109e-23
28.8505 5.06852e-23
28.917 5.02653e-23
28.9837 4.98493e-23
29.0506 4.94372e-23
29.1175 4.90289e-23
29.1847 4.86244e-23
29.252 4.82236e-23
29.3194 4.78266e-23
29.3871 4.74332e-23
29.4548 4.70435e-23
29.5227 4.66575e-23
29.5908 4.6275e-23
29.6591 4.5896e-23
29.7275 4.55206e-23
29.796 4.51487e-23
29.8647 4.47802e-23
29.9336 4.44151e-23
30.0026 4.40535e-23
30.0718 4.36952e-23
30.1411 4.33402e-23
30.2106 4.29886e-23
30.2803 4.26402e-23
30.3501 4.2295e-23
30.4201 4.19531e-23
30.4903 4.16143e-23
30.5606 4.12787e-23
30.6311 4.09463e-23
30.7017 4.06169e-23
30.7725 4.02906e-23
30.8435 3.99673e-23
30.9146 3.96471e-23
30.9859 3.93298e-23
31.0573 3.90155e-23
31.1289 3.87041e-23
31.2007 3.83957e-23
31.2727 3.80901e-23
31.3448 3.77873e-23
31.4171 3.74874e-23
31.4895 3.71903e-23
31.5621 3.6896e-23
31.6349 3.66044e-23
31.7079 3.63155e-23
31.781 3.60293e-23
31.8543 3.57458e-23
31.9277 3.5465e-23
32.0014 3.51868e-23
32.0752 3.49112e-23
32.1491 3.46381e-23
32.2233 3.43676e-23
32.2976 3.40997e-23
32.372 3.38343e-23
32.4467 3.35713e-23
32.5215 3.33108e-23
32.5965 3.30528e-23
32.6717 3.27972e-23
32.747 3.25439e-23
32.8225 3.22931e-23
32.8982 3.20446e-23
32.9741 3.17984e-23
33.0501 3.15545e-23
33.1263 3.1313e-23
33.2027 3.10737e-23
33.2793 3.08366e-23
33.356 3.06018e-23
33.433 3.03692e-23
33.51 3.01388e-23
33.5873 2.99105e-23
33.6648 2.96844e-23
33.7424 2.94604e-23
33.8202 2.92386e-23
33.8982 2.90188e-23
33.9764 2.88011e-23
34.0547 2.85854e-23
34.1333 2.83718e-23
34.212 2.81602e-23
34.2909 2.79506e-23
34.3699 2.77429e-23
34.4492 2.75372e-23
34.5286 2.73335e-23
34.6083 2.71317e-23
34.6881 2.69318e-23
34.7681 2.67338e-23
34.8482 2.65377e-23
34.9286 2.63434e-23
35.0091 2.6151e-23
35.0899 2.59603e-23
35.1708 2.57715e-23
35.2519 2.55845e-23
35.3332 2.53993e-23
35.4147 2.52158e-23
35.4963 2.5034e-23
35.5782 2.4854e-23
35.6602 2.46757e-23
35.7425 2.44991e-23
35.8249 2.43241e-23
35.9075 2.41508e-23
35.9903 2.39792e-23
36.0733 2.38092e-23
36.1565 2.36408e-23
36.2398 2.34741e-23
36.3234 2.33089e-23
36.4072 2.31453e-23
36.4911 2.29832e-23
36.5753 2.28227e-23
36.6596 2.26637e-23
36.7442 2.25063e-23
36.8289 2.23503e-23
36.9138 2.21959e-23
36.999 2.20429e-23
37.0843 2.18914e-23
37.1698 2.17413e-23
37.2555 2.15927e-23
37.3414 2.14455e-23
37.4275 2.12997e-23
37.5138 2.11553e-23
37.6003 2.10122e-23
37.687 2.08706e-23
37.7739 2.07303e-23
37.8611 2.05914e-23
37.9484 2.04538e-23
38.0359 2.03175e-23
38.1236 2.01825e-23
38.2115 2.00489e-23
38.2996 1.99165e-23
38.3879 1.97854e-23
38.4765 1.96555e-23
38.5652 1.9527e-23
38.6541 1.93996e-23
38.7433 1.92735e-23
38.8326 1.91486e-23
38.9221 1.90249e-23
39.0119 1.89024e-23
39.1019 1.87811e-23
39.192 1.86609e-23
39.2824 1.8542e-23
39.373 1.84241e-23
39.4638 1.83075e-23
39.5548 1.81919e-23
39.646 1.80775e-23
39.7374 1.79642e-23
39.8291 1.7852e-23
39.9209 1.77408e-23
40.013 1.76308e-23
40.1052 1.75218e-23
40.1977 1.74139e-23
40.2904 1.7307e-23
40.3833 1.72012e-23
40.4764 1.70964e-23
40.5698 1.69927e-23
40.6633 1.68899e-23
40.7571 1.67881e-23
40.8511 1.66874e-23
40.9453 1.65876e-23
41.0397 1.64888e-23
41.1344 1.6391e-23
41.2292 1.62941e-23
41.3243 1.61982e-23
41.4196 1.61032e-23
41.5151 1.60092e-23
41.6108 1.5916e-23
41.7068 1.58238e-23
41.803 1.57325e-23
41.8994 1.56421e-23
41.996 1.55526e-23
42.0928 1.54639e-23
42.1899 1.53762e-23
42.2872 1.52893e-23
42.3847 1.52032e-23
42.4824 1.5118e-23
42.5804 1.50337e-23
42.6786 1.49501e-23
42.777 1.48674e-23
42.8757 1.47855e-23
42.9745 1.47045e-23
43.0736 1.46242e-23
43.173 1.45447e-23
43.2725 1.4466e-23
43.3723 1.43881e-23
43.4723 1.4311e-23
43.5726 1.42346e-23
43.673 1.4159e-23
43.7737 1.40841e-23
43.8747 1.401e-23
43.9759 1.39366e-23
44.0773 1.3864e-23
44.1789 1.3792e-23
44.2808 1.37208e-23
44.3829 1.36503e-23
44.4853 1.35805e-23
44.5878 1.35114e-23
44.6907 1.3443e-23
44.7937 1.33753e-23
44.897 1.33082e-23
45.0005 1.32418e-23
45.1043 1.31761e-23
45.2083 1.3111e-23
45.3126 1.30466e-23
45.4171 1.29828e-23
45.5218 1.29197e-23
45.6268 1.28572e-23
45.732 1.27953e-23
45.8374 1.27341e-23
45.9431 1.26734e-23
46.0491 1.26134e-23
46.1553 1.2554e-23
46.2617 1.24952e-23
46.3684 1.24369e-23
46.4753 1.23793e-23
46.5825 1.23222e-23
46.6899 1.22657e-23
46.7976 1.22098e-23
46.9055 1.21544e-23
47.0137 1.20996e-23
47.1221 1.20453e-23
47.2307 1.19916e-23
47.3397 1.19385e-23
47.4488 1.18859e-23
47.5582 1.18338e-23
47.6679 1.17822e-23
47.7778 1.17312e-23
47.888 1.16806e-23
47.9984 1.16306e-23
48.1091 1.15811e-23
48.2201 1.15321e-23
48.3313 1.14836e-23
48.4427 1.14356e-23
48.5544 1.1388e-23
48.6664 1.1341e-23
48.7786 1.12944e-23
48.8911 1.12483e-23
49.0038 1.12027e-23
49.1168 1.11575e-23
49.2301 1.11128e-23
49.3436 1.10686e-23
49.4574 1.10248e-23
49.5715 1.09814e-23
49.6858 1.09385e-23
49.8004 1.0896e-23
49.9152 1.0854e-23
50.0303 1.08124e-23
50.1457 1.07712e-23
50.2613 1.07304e-23
50.3772 1.06901e-23
50.4934 1.06501e-23
50.6098 1.06106e-23
50.7265 1.05715e-23
50.8435 1.05327e-23
50.9607 1.04944e-23
51.0783 1.04565e-23
51.196 1.04189e-23
51.3141 1.03818e-23
51.4324 1.0345e-23
51.551 1.03086e-23
51.6699 1.02725e-23
51.7891 1.02369e-23
51.9085 1.02016e-23
52.0282 1.01666e-23
52.1482 1.01321e-23
52.2684 1.00978e-23
52.389 1.0064e-23
52.5098 1.00305e-23
52.6309 9.99728e-24
52.7522 9.96444e-24
52.8739 9.93195e-24
52.9958 9.89979e-24
53.118 9.86795e-24
53.2405 9.83645e-24
53.3633 9.80528e-24
53.4863 9.77442e-24
53.6097 9.74388e-24
53.7333 9.71366e-24
53.8572 9.68375e-24
53.9814 9.65415e-24
54.1059 9.62485e-24
54.2306 9.59586e-24
54.3557 9.56717e-24
54.481 9.53877e-24
54.6067 9.51067e-24
54.7326 9.48286e-24
54.8588 9.45534e-24
54.9853 9.4281e-24
55.1121 9.40114e-24
55.2392 9.37447e-24
55.3666 9.34807e-24
55.4943 9.32195e-24
55.6222 9.29609e-24
55.7505 9.27051e-24
55.8791 9.24519e-24
56.0079 9.22013e-24
56.1371 9.19534e-24
56.2665 9.1708e-24
56.3963 9.14652e-24
56.5263 9.12249e-24
56.6567 9.09871e-24
56.7873 9.07519e-24
56.9183 9.0519e-24
57.0495 9.02886e-24
57.1811 9.00606e-24
57.3129 8.9835e-24
57.4451 8.96117e-24
57.5776 8.93908e-24
57.7104 8.91722e-24
57.8434 8.89559e-24
57.9768 8.87418e-24
58.1105 8.853e-24
58.2445 8.83204e-24
58.3788 8.8113e-24
58.5135 8.79078e-24
58.6484 8.77048e-24
58.7836 8.75039e-24
58.9192 8.73051e-24
59.0551 8.71084e-24
59.1912 8.69137e-24
59.3277 8.67212e-24
59.4645 8.65306e-24
59.6017 8.63421e-24
59.7391 8.61556e-24
59.8769 8.5971e-24
60.0149 8.57884e-24
60.1533 8.56077e-24
60.2921 8.5429e-24
60.4311 8.52521e-24
60.5704 8.50772e-24
60.7101 8.4904e-24
60.8501 8.47328e-24
60.9904 8.45633e-24
61.1311 8.43957e-24
61.2721 8.42299e-24
61.4133 8.40658e-24
61.555 8.39035e-24
61.6969 8.37429e-24
61.8392 8.35841e-24
61.9818 8.34269e-24
62.1247 8.32715e-24
62.268 8.31177e-24
62.4116 8.29655e-24
62.5555 8.28151e-24
62.6997 8.26662e-24
62.8443 8.2519e-24
62.9892 8.23733e-24
63.1345 8.22292e-24
63.2801 8.20867e-24
63.426 8.19458e-24
63.5723 8.18063e-24
63.7189 8.16684e-24
63.8658 8.1532e-24
64.0131 8.13971e-24
64.1607 8.12637e-24
64.3087 8.11318e-24
64.457 8.10013e-24
64.6056 8.08722e-24
64.7546 8.07445e-24
64.9039 8.06183e-24
65.0536 8.04935e-24
65.2036 8.037e-24
65.3539 8.02479e-24
65.5046 8.01272e-24
65.6557 8.00078e-24
65.8071 7.98898e-24
65.9589 7.97731e-24
66.111 7.96577e-24
66.2634 7.95436e-24
66.4162 7.94308e-24
66.5694 7.93192e-24
66.7229 7.92089e-24
66.8767 7.90999e-24
67.031 7.89921e-24
67.1855 7.88856e-24
67.3405 7.87802e-24
67.4958 7.86761e-24
67.6514 7.85732e-24
67.8074 7.84714e-24
67.9638 7.83709e-24
68.1205 7.82715e-24
68.2776 7.81732e-24
68.435 7.80761e-24
68.5928 7.79802e-24
68.751 7.78853e-24
68.9096 7.77916e-24
69.0685 7.7699e-24
69.2277 7.76075e-24
69.3874 7.75171e-24
69.5474 7.74277e-24
69.7078 7.73394e-24
69.8685 7.72522e-24
70.0296 7.71661e-24
70.1911 7.70809e-24
70.353 7.69968e-24
70.5152 7.69138e-24
70.6778 7.68317e-24
70.8408 7.67507e-24
71.0042 7.66707e-24
71.1679 7.65916e-24
71.332 7.65136e-24
71.4965 7.64365e-24
71.6614 7.63603e-24
71.8266 7.62852e-24
71.9923 7.6211e-24
72.1583 7.61377e-24
72.3247 7.60654e-24
72.4914 7.5994e-24
72.6586 7.59235e-24
72.8262 7.5854e-24
72.9941 7.57853e-24
73.1624 7.57176e-24
73.3311 7.56507e-24
73.5002 7.55847e-24
73.6697 7.55196e-24
73.8396 7.54554e-24
74.0099 7.53921e-24
74.1806 7.53296e-24
74.3516 7.52679e-24
74.5231 7.52071e-24
74.6949 7.51472e-24
74.8672 7.50881e-24
75.0398 7.50298e-24
75.2129 7.49723e-24
75.3863 7.49157e-24
75.5601 7.48598e-24
75.7344 7.48048e-24
75.909 7.47506e-24
76.0841 7.46971e-24
76.2595 7.46445e-24
76.4354 7.45926e-24
76.6116 7.45415e-24
76.7883 7.44912e-24
76.9654 7.44416e-24
77.1429 7.43928e-24
77.3208 7.43447e-24
77.4991 7.42974e-24
77.6778 7.42509e-24
77.8569 7.42051e-24
78.0364 7.416e-24
78.2164 7.41156e-24
78.3968 7.4072e-24
78.5775 7.40291e-24
78.7587 7.39869e-24
78.9404 7.39454e-24
79.1224 7.39046e-24
79.3049 7.38645e-24
79.4877 7.38252e-24
79.671 7.37865e-24
79.8548 7.37485e-24
80.0389 7.37112e-24
80.2235 7.36745e-24
80.4085 7.36386e-24
80.5939 7.36033e-24
80.7797 7.35686e-24
80.966 7.35347e-24
81.1527 7.35014e-24
81.3399 7.34687e-24
81.5274 7.34367e-24
81.7154 7.34054e-24
81.9039 7.33747e-24
82.0927 7.33446e-24
82.282 7.33152e-24
82.4718 7.32864e-24
82.662 7.32582e-24
82.8526 7.32307e-24
83.0437 7.32037e-24
83.2352 7.31774e-24
83.4271 7.31517e-24
83.6195 7.31267e-24
83.8123 7.31022e-24
84.0056 7.30783e-24
84.1993 7.30551e-24
84.3935 7.30324e-24
84.5881 7.30103e-24
84.7831 7.29889e-24
84.9786 7.2968e-24
85.1746 7.29477e-24
85.371 7.2928e-24
85.5679 7.29088e-24
85.7652 7.28903e-24
85.963 7.28723e-24
86.1612 7.28549e-24
86.3599 7.2838e-24
86.559 7.28218e-24
86.7586 7.28061e-24
86.9587 7.27909e-24
87.1592 7.27763e-24
87.3602 7.27623e-24
87.5617 7.27488e-24
87.7636 7.27359e-24
87.966 7.27235e-24
88.1688 7.27117e-24
88.3722 7.27004e-24
88.5759 7.26896e-24
88.7802 7.26794e-24
88.9849 7.26698e-24
89.1901 7.26606e-24
89.3958 7.2652e-24
89.6019 7.2644e-24
89.8086 7.26364e-24
90.0157 7.26294e-24
90.2232 7.26229e-24
90.4313 7.26169e-24
90.6398 7.26115e-24
90.8489 7.26066e-24
91.0583 7.26021e-24
91.2683 7.25982e-24
91.4788 7.25948e-24
91.6897 7.2592e-24
91.9012 7.25896e-24
92.1131 7.25877e-24
92.3255 7.25864e-24
92.5384 7.25855e-24
92.7518 7.25852e-24
92.9657 7.25853e-24
93.1801 7.25859e-24
93.395 7.25871e-24
93.6103 7.25887e-24
93.8262 7.25908e-24
94.0426 7.25935e-24
94.2594 7.25966e-24
94.4768 7.26002e-24
94.6946 7.26042e-24
94.913 7.26088e-24
95.1319 7.26139e-24
95.3513 7.26194e-24
95.5711 7.26254e-24
95.7915 7.26319e-24
96.0124 7.26389e-24
96.2338 7.26463e-24
96.4557 7.26543e-24
96.6782 7.26627e-24
96.9011 7.26715e-24
97.1246 7.26809e-24
97.3485 7.26907e-24
97.573 7.2701e-24
97.798 7.27118e-24
98.0236 7.2723e-24
98.2496 7.27347e-24
98.4762 7.27468e-24
98.7032 7.27594e-24
98.9309 7.27725e-24
99.159 7.27861e-24
99.3877 7.28001e-24
99.6168 7.28145e-24
99.8466 7.28294e-24
100.077 7.28448e-24
100.308 7.28607e-24
100.539 7.2877e-24
100.771 7.28937e-24
101.003 7.29109e-24
101.236 7.29286e-24
101.469 7.29467e-24
101.703 7.29652e-24
101.938 7.29842e-24
102.173 7.30037e-24
102.409 7.30236e-24
102.645 7.30439e-24
102.882 7.30647e-24
103.119 7.3086e-24
103.357 7.31077e-24
103.595 7.31298e-24
103.834 7.31524e-24
104.073 7.31754e-24
104.313 7.31989e-24
104.554 7.32228e-24
104.795 7.32471e-24
105.037 7.32719e-24
105.279 7.32972e-24
105.522 7.33228e-24
105.765 7.33489e-24
106.009 7.33755e-24
106.253 7.34025e-24
106.498 7.34299e-24
106.744 7.34578e-24
106.99 7.34861e-24
107.237 7.35148e-24
107.484 7.3544e-24
107.732 7.35736e-24
107.98 7.36036e-24
108.229 7.36341e-24
108.479 7.3665e-24
108.729 7.36963e-24
108.98 7.37281e-24
109.231 7.37603e-24
109.483 7.37929e-24
109.735 7.3826e-24
109.988 7.38595e-24
110.242 7.38934e-24
110.496 7.39277e-24
110.751 7.39625e-24
111.007 7.39977e-24
111.262 7.40334e-24
111.519 7.40694e-24
111.776 7.41059e-24
112.034 7.41429e-24
112.292 7.41802e-24
112.551 7.4218e-24
112.811 7.42562e-24
113.071 7.42949e-24
113.332 7.43339e-24
113.593 7.43734e-24
113.855 7.44133e-24
114.118 7.44537e-24
114.381 7.44945e-24
114.644 7.45356e-24
114.909 7.45773e-24
115.174 7.46193e-24
115.439 7.46618e-24
115.706 7.47047e-24
115.972 7.4748e-24
116.24 7.47918e-24
116.508 7.48359e-24
116.777 7.48805e-24
117.046 7.49255e-24
117.316 7.4971e-24
117.586 7.50169e-24
117.857 7.50632e-24
118.129 7.51099e-24
118.402 7.5157e-24
118.675 7.52046e-24
118.948 7.52526e-24
119.223 7.5301e-24
119.498 7.53498e-24
119.773 7.53991e-24
120.049 7.54488e-24
120.326 7.54989e-24
120.604 7.55494e-24
120.882 7.56004e-24
121.161 7.56518e-24
121.44 7.57036e-24
121.72 7.57558e-24
122.001 7.58085e-24
122.282 7.58616e-24
122.564 7.59151e-24
122.847 7.5969e-24
123.13 7.60233e-24
123.414 7.60781e-24
123.698 7.61333e-24
123.984 7.61889e-24
124.27 7.6245e-24
124.556 7.63015e-24
124.843 7.63584e-24
125.131 7.64157e-24
125.42 7.64734e-24
125.709 7.65316e-24
125.999 7.65902e-24
126.289 7.66492e-24
126.581 7.67087e-24
126.873 7.67686e-24
127.165 7.68289e-24
127.458 7.68896e-24
127.752 7.69507e-24
128.047 7.70123e-24
128.342 7.70743e-24
128.638 7.71368e-24
128.935 7.71996e-24
129.232 7.72629e-24
129.53 7.73266e-24
129.829 7.73908e-24
130.128 7.74553e-24
130.428 7.75203e-24
130.729 7.75858e-24
131.031 7.76516e-24
131.333 7.77179e-24
131.636 7.77846e-24
131.939 7.78517e-24
132.243 7.79193e-24
132.548 7.79873e-24
132.854 7.80557e-24
133.16 7.81246e-24
133.467 7.81939e-24
133.775 7.82636e-24
134.084 7.83338e-24
134.393 7.84043e-24
134.703 7.84754e-24
135.013 7.85468e-24
135.325 7.86187e-24
135.637 7.8691e-24
135.95 7.87637e-24
136.263 7.88369e-24
136.577 7.89105e-24
136.892 7.89845e-24
137.208 7.9059e-24
137.524 7.91339e-24
137.841 7.92093e-24
138.159 7.9285e-24
138.478 7.93613e-24
138.797 7.94379e-24
139.117 7.9515e-24
139.438 7.95925e-24
139.76 7.96705e-24
140.082 7.97489e-24
140.405 7.98277e-24
140.729 7.9907e-24
141.053 7.99867e-24
141.379 8.00668e-24
141.705 8.01474e-24
142.031 8.02284e-24
142.359 8.03099e-24
142.687 8.03918e-24
143.016 8.04741e-24
143.346 8.05569e-24
143.677 8.06401e-24
144.008 8.07238e-24
144.34 8.08079e-24
144.673 8.08925e-24
145.006 8.09775e-24
145.341 8.10629e-24
145.676 8.11488e-24
146.012 8.12351e-24
146.349 8.13219e-24
146.686 8.14091e-24
147.024 8.14967e-24
147.363 8.15848e-24
147.703 8.16734e-24
148.044 8.17624e-24
148.385 8.18518e-24
148.727 8.19417e-24
149.07 8.20321e-24
149.414 8.21228e-24
149.759 8.22141e-24
150.104 8.23058e-24
150.45 8.23979e-24
150.797 8.24905e-24
151.145 8.25835e-24
151.493 8.2677e-24
151.843 8.2771e-24
152.193 8.28653e-24
152.544 8.29602e-24
152.896 8.30555e-24
153.248 8.31512e-24
153.601 8.32474e-24
153.956 8.33441e-24
154.311 8.34412e-24
154.667 8.35388e-24
155.023 8.36368e-24
155.381 8.37353e-24
155.739 8.38342e-24
156.098 8.39336e-24
156.458 8.40335e-24
156.819 8.41338e-24
157.181 8.42346e-24
157.543 8.43358e-24
157.906 8.44375e-24
158.27 8.45397e-24
158.635 8.46423e-24
159.001 8.47454e-24
159.368 8.48489e-24
159.735 8.49529e-24
160.104 8.50574e-24
160.473 8.51623e-24
160.843 8.52677e-24
161.214 8.53736e-24
161.586 8.54799e-24
161.958 8.55867e-24
162.332 8.56939e-24
162.706 8.58017e-24
163.081 8.59099e-24
163.457 8.60185e-24
163.834 8.61277e-24
164.212 8.62373e-24
164.591 8.63473e-24
164.97 8.64579e-24
165.351 8.65689e-24
165.732 8.66804e-24
166.114 8.67924e-24
166.497 8.69048e-24
166.881 8.70177e-24
167.266 8.71311e-24
167.652 8.72449e-24
168.038 8.73593e-24
168.426 8.74741e-24
168.814 8.75894e-24
169.204 8.77051e-24
169.594 8.78214e-24
169.985 8.79381e-24
170.377 8.80553e-24
170.77 8.8173e-24
171.163 8.82912e-24
171.558 8.84098e-24
171.954 8.85289e-24
172.35 8.86485e-24
172.748 8.87686e-24
173.146 8.88892e-24
173.545 8.90102e-24
173.946 8.91318e-24
174.347 8.92538e-24
174.749 8.93763e-24
175.152 8.94993e-24
175.556 8.96228e-24
175.96 8.97468e-24
176.366 8.98713e-24
176.773 8.99962e-24
177.181 9.01217e-24
177.589 9.02476e-24
177.999 9.0374e-24
178.409 9.0501e-24
178.821 9.06284e-24
179.233 9.07563e-24
179.646 9.08847e-24
180.061 9.10136e-24
180.476 9.1143e-24
180.892 9.12729e-24
181.309 9.14033e-24
181.727 9.15342e-24
182.146 9.16655e-24
182.566 9.17974e-24
182.987 9.19298e-24
183.409 9.20627e-24
183.832 9.21961e-24
184.256 9.233e-24
184.681 9.24643e-24
185.107 9.25992e-24
185.534 9.27346e-24
185.962 9.28705e-24
186.39 9.30069e-24
186.82 9.31438e-24
187.251 9.32813e-24
187.683 9.34192e-24
188.116 9.35576e-24
188.549 9.36966e-24
188.984 9.3836e-24
189.42 9.3976e-24
189.857 9.41165e-24
190.295 9.42574e-24
190.733 9.43989e-24
191.173 9.4541e-24
191.614 9.46835e-24
192.056 9.48265e-24
192.499 9.49701e-24
192.943 9.51142e-24
193.388 9.52588e-24
193.834 9.54039e-24
194.281 9.55495e-24
194.729 9.56956e-24
195.178 9.58423e-24
195.628 9.59895e-24
196.079 9.61372e-24
196.531 9.62854e-24
196.984 9.64342e-24
197.438 9.65835e-24
197.894 9.67333e-24
198.35 9.68836e-24
198.808 9.70345e-24
199.266 9.71859e-24
199.725 9.73378e-24
200.186 9.74902e-24
200.648 9.76432e-24
201.11 9.77967e-24
201.574 9.79507e-24
202.039 9.81053e-24
202.505 9.82604e-24
202.972 9.8416e-24
203.44 9.85722e-24
203.909 9.87289e-24
204.379 9.88861e-24
204.851 9.90439e-24
205.323 9.92022e-24
205.796 9.93611e-24
206.271 9.95204e-24
206.747 9.96804e-24
207.223 9.98408e-24
207.701 1.00002e-23
208.18 1.00163e-23
208.66 1.00326e-23
209.141 1.00488e-23
209.624 1.00651e-23
210.107 1.00815e-23
210.592 1.00979e-23
211.077 1.01144e-23
211.564 1.0131e-23
212.052 1.01475e-23
212.541 1.01642e-23
213.031 1.01809e-23
213.522 1.01977e-23
214.015 1.02145e-23
214.508 1.02313e-23
215.003 1.02483e-23
215.499 1.02652e-23
215.996 1.02823e-23
216.494 1.02994e-23
216.993 1.03165e-23
217.493 1.03337e-23
217.995 1.0351e-23
218.498 1.03683e-23
219.001 1.03857e-23
219.506 1.04031e-23
220.013 1.04206e-23
220.52 1.04381e-23
221.028 1.04557e-23
221.538 1.04734e-23
222.049 1.04911e-23
222.561 1.05088e-23
223.074 1.05267e-23
223.589 1.05445e-23
224.104 1.05625e-23
224.621 1.05805e-23
225.139 1.05985e-23
225.658 1.06166e-23
226.179 1.06348e-23
226.7 1.0653e-23
227.223 1.06713e-23
227.747 1.06897e-23
228.272 1.0708e-23
228.798 1.07265e-23
229.326 1.0745e-23
229.855 1.07636e-23
230.385 1.07822e-23
230.916 1.08009e-23
231.449 1.08197e-23
231.982 1.08385e-23
232.517 1.08573e-23
233.054 1.08762e-23
233.591 1.08952e-23
234.13 1.09143e-23
234.67 1.09334e-23
235.211 1.09525e-23
235.753 1.09717e-23
236.297 1.0991e-23
236.842 1.10104e-23
237.388 1.10297e-23
237.935 1.10492e-23
238.484 1.10687e-23
239.034 1.10883e-23
239.585 1.11079e-23
240.138 1.11276e-23
240.691 1.11474e-23
241.246 1.11672e-23
241.803 1.11871e-23
242.36 1.1207e-23
242.919 1.1227e-23
243.479 1.1247e-23
244.041 1.12672e-23
244.604 1.12873e-23
245.168 1.13076e-23
245.733 1.13279e-23
246.3 1.13482e-23
246.868 1.13687e-23
247.437 1.13891e-23
248.007 1.14097e-23
248.579 1.14303e-23
249.153 1.1451e-23
249.727 1.14717e-23
250.303 1.14925e-23
250.88 1.15133e-23
251.459 1.15342e-23
252.039 1.15552e-23
252.62 1.15763e-23
253.202 1.15974e-23
253.786 1.16185e-23
254.372 1.16398e-23
254.958 1.1661e-23
255.546 1.16824e-23
256.135 1.17038e-23
256.726 1.17253e-23
257.318 1.17468e-23
257.911 1.17684e-23
258.506 1.17901e-23
259.102 1.18118e-23
259.7 1.18336e-23
260.299 1.18555e-23
260.899 1.18774e-23
261.5 1.18994e-23
262.103 1.19214e-23
262.708 1.19436e-23
263.314 1.19657e-23
263.921 1.1988e-23
264.53 1.20103e-23
265.14 1.20327e-23
265.751 1.20551e-23
266.364 1.20776e-23
266.978 1.21002e-23
267.594 1.21228e-23
268.211 1.21455e-23
268.829 1.21682e-23
269.449 1.21911e-23
270.071 1.2214e-23
270.693 1.22369e-23
271.318 1.22599e-23
271.943 1.2283e-23
272.57 1.23062e-23
273.199 1.23294e-23
273.829 1.23527e-23
274.46 1.23761e-23
275.093 1.23995e-23
275.728 1.2423e-23
276.363 1.24465e-23
277.001 1.24701e-23
277.639 1.24938e-23
278.28 1.25176e-23
278.921 1.25414e-23
279.565 1.25653e-23
280.209 1.25892e-23
280.855 1.26133e-23
281.503 1.26374e-23
282.152 1.26615e-23
282.803 1.26857e-23
283.455 1.271e-23
284.109 1.27344e-23
284.764 1.27588e-23
285.421 1.27833e-23
286.079 1.28079e-23
286.738 1.28325e-23
287.4 1.28573e-23
288.062 1.2882e-23
288.727 1.29069e-23
289.392 1.29318e-23
290.06 1.29568e-23
290.729 1.29818e-23
291.399 1.30069e-23
292.071 1.30321e-23
292.745 1.30574e-23
293.42 1.30827e-23
294.096 1.31081e-23
294.774 1.31336e-23
295.454 1.31591e-23
296.136 1.31847e-23
296.818 1.32104e-23
297.503 1.32362e-23
298.189 1.3262e-23
298.877 1.32879e-23
299.566 1.33139e-23
300.257 1.33399e-23
300.949 1.3366e-23
301.643 1.33922e-23
302.339 1.34184e-23
303.036 1.34448e-23
303.735 1.34712e-23
304.435 1.34976e-23
305.137 1.35242e-23
305.841 1.35508e-23
306.546 1.35775e-23
307.253 1.36042e-23
307.961 1.3631e-23
308.671 1.3658e-23
309.383 1.36849e-23
310.097 1.3712e-23
310.812 1.37391e-23
311.529 1.37663e-23
312.247 1.37936e-23
312.967 1.38209e-23
313.689 1.38483e-23
314.412 1.38758e-23
315.137 1.39034e-23
315.864 1.3931e-23
316.592 1.39587e-23
317.322 1.39865e-23
318.054 1.40144e-23
318.787 1.40423e-23
319.523 1.40703e-23
320.259 1.40984e-23
320.998 1.41266e-23
321.738 1.41548e-23
322.48 1.41831e-23
323.224 1.42115e-23
323.969 1.424e-23
324.716 1.42685e-23
325.465 1.42971e-23
326.215 1.43258e-23
326.968 1.43546e-23
327.722 1.43834e-23
328.477 1.44124e-23
329.235 1.44414e-23
329.994 1.44704e-23
330.755 1.44996e-23
331.518 1.45288e-23
332.282 1.45581e-23
333.049 1.45875e-23
333.817 1.4617e-23
334.586 1.46465e-23
335.358 1.46761e-23
336.131 1.47058e-23
336.906 1.47356e-23
337.683 1.47655e-23
338.462 1.47954e-23
339.242 1.48254e-23
340.025 1.48555e-23
340.809 1.48857e-23
341.595 1.49159e-23
342.382 1.49463e-23
343.172 1.49767e-23
343.963 1.50072e-23
344.757 1.50377e-23
345.552 1.50684e-23
346.348 1.50991e-23
347.147 1.51299e-23
347.948 1.51608e-23
348.75 1.51918e-23
349.554 1.52228e-23
350.36 1.5254e-23
351.168 1.52852e-23
351.978 1.53165e-23
352.79 1.53478e-23
353.603 1.53793e-23
354.419 1.54108e-23
355.236 1.54425e-23
356.055 1.54742e-23
356.876 1.5506e-23
357.699 1.55378e-23
358.524 1.55698e-23
359.351 1.56018e-23
360.179 1.56339e-23
361.01 1.56661e-23
361.842 1.56984e-23
362.677 1.57308e-23
363.513 1.57632e-23
364.351 1.57958e-23
365.192 1.58284e-23
366.034 1.58611e-23
366.878 1.58939e-23
367.724 1.59267e-23
368.572 1.59597e-23
369.422 1.59927e-23
370.274 1.60259e-23
371.128 1.60591e-23
371.983 1.60924e-23
372.841 1.61258e-23
373.701 1.61592e-23
374.563 1.61928e-23
375.426 1.62264e-23
376.292 1.62601e-23
377.16 1.6294e-23
378.03 1.63279e-23
378.901 1.63618e-23
379.775 1.63959e-23
380.651 1.64301e-23
381.529 1.64643e-23
382.408 1.64987e-23
383.29 1.65331e-23
384.174 1.65676e-23
385.06 1.66022e-23
385.948 1.66369e-23
386.838 1.66716e-23
387.73 1.67065e-23
388.624 1.67415e-23
389.52 1.67765e-23
390.419 1.68116e-23
391.319 1.68468e-23
392.221 1.68822e-23
393.126 1.69176e-23
394.032 1.6953e-23
394.941 1.69886e-23
395.852 1.70243e-23
396.765 1.706e-23
397.679 1.70959e-23
398.597 1.71318e-23
399.516 1.71679e-23
400.437 1.7204e-23
401.36 1.72402e-23
402.286 1.72765e-23
403.214 1.73129e-23
404.143 1.73494e-23
405.075 1.7386e-23
406.009 1.74226e-23
406.946 1.74594e-23
407.884 1.74963e-23
408.825 1.75332e-23
409.767 1.75703e-23
410.712 1.76074e-23
411.66 1.76446e-23
412.609 1.7682e-23
413.56 1.77194e-23
414.514 1.77569e-23
415.47 1.77945e-23
416.428 1.78322e-23
417.388 1.787e-23
418.351 1.79079e-23
419.315 1.79459e-23
420.282 1.7984e-23
421.252 1.80222e-23
422.223 1.80605e-23
423.197 1.80988e-23
424.173 1.81373e-23
425.151 1.81759e-23
426.131 1.82146e-23
427.114 1.82534e-23
428.099 1.82923e-23
429.086 1.83313e-23
430.075 1.83705e-23
431.067 1.84098e-23
432.061 1.84493e-23
433.057 1.8489e-23
434.056 1.85292e-23
435.057 1.85704e-23
436.06 1.86147e-23
437.066 1.86799e-23
438.074 1.0727e-22
439.084 1.87573e-23
440.096 1.87736e-23
441.111 1.88093e-23
442.129 1.88479e-23
443.148 1.88875e-23
444.17 1.89276e-23
445.194 1.89679e-23
446.221 1.90084e-23
447.25 1.9049e-23
448.281 1.90897e-23
449.315 1.91306e-23
450.351 1.91716e-23
451.39 1.92127e-23
452.43 1.92539e-23
453.474 1.92952e-23
454.519 1.93366e-23
455.568 1.93781e-23
456.618 1.94197e-23
457.671 1.94615e-23
458.727 1.95033e-23
459.784 1.95452e-23
460.845 1.95873e-23
461.907 1.96294e-23
462.972 1.96717e-23
464.04 1.9714e-23
465.11 1.97565e-23
466.183 1.97991e-23
467.258 1.98417e-23
468.335 1.98845e-23
469.415 1.99274e-23
470.498 1.99704e-23
471.583 2.00135e-23
472.67 2.00567e-23
473.76 2.01e-23
474.853 2.01434e-23
475.948 2.01869e-23
477.045 2.02306e-23
478.145 2.02743e-23
479.248 2.03181e-23
480.353 2.03621e-23
481.461 2.04061e-23
482.571 2.04503e-23
483.684 2.04946e-23
484.799 2.05389e-23
485.917 2.05834e-23
487.038 2.0628e-23
488.161 2.06727e-23
489.286 2.07175e-23
490.415 2.07625e-23
491.546 2.08075e-23
492.679 2.08527e-23
493.815 2.08979e-23
494.954 2.09433e-23
496.095 2.09888e-23
497.239 2.10343e-23
498.386 2.108e-23
499.535 2.11259e-23
500.687 2.11718e-23
501.842 2.12178e-23
502.999 2.1264e-23
504.159 2.13102e-23
505.322 2.13566e-23
506.487 2.14031e-23
507.655 2.14497e-23
508.825 2.14964e-23
509.999 2.15432e-23
511.175 2.15901e-23
512.354 2.16372e-23
513.535 2.16844e-23
514.719 2.17316e-23
515.906 2.1779e-23
517.096 2.18265e-23
518.288 2.18742e-23
519.484 2.19219e-23
520.682 2.19698e-23
521.882 2.20177e-23
523.086 2.20658e-23
524.292 2.2114e-23
525.501 2.21624e-23
526.713 2.22108e-23
527.927 2.22594e-23
529.145 2.2308e-23
530.365 2.23568e-23
531.588 2.24058e-23
532.814 2.24548e-23
534.043 2.25039e-23
535.274 2.25532e-23
536.508 2.26026e-23
537.746 2.26521e-23
538.986 2.27017e-23
540.229 2.27515e-23
541.474 2.28013e-23
542.723 2.28513e-23
543.974 2.29014e-23
545.229 2.29517e-23
546.486 2.3002e-23
547.746 2.30525e-23
549.01 2.31031e-23
550.276 2.31538e-23
551.544 2.32046e-23
552.816 2.32556e-23
554.091 2.33067e-23
555.369 2.33579e-23
556.65 2.34092e-23
557.933 2.34606e-23
559.22 2.35122e-23
560.509 2.35639e-23
561.802 2.36157e-23
563.097 2.36677e-23
564.396 2.37198e-23
565.697 2.3772e-23
567.002 2.38243e-23
568.309 2.38767e-23
569.62 2.39293e-23
570.933 2.3982e-23
572.25 2.40349e-23
573.57 2.40878e-23
574.892 2.41409e-23
576.218 2.41941e-23
577.547 2.42475e-23
578.879 2.43009e-23
580.214 2.43545e-23
581.552 2.44082e-23
582.893 2.44621e-23
584.237 2.45161e-23
585.584 2.45702e-23
586.934 2.46244e-23
588.288 2.46788e-23
589.644 2.47333e-23
591.004 2.47879e-23
592.367 2.48427e-23
593.733 2.48976e-23
595.102 2.49526e-23
596.474 2.50078e-23
597.85 2.50631e-23
599.229 2.51185e-23
600.61 2.51741e-23
601.995 2.52297e-23
603.384 2.52856e-23
604.775 2.53415e-23
606.17 2.53976e-23
607.567 2.54538e-23
608.969 2.55102e-23
610.373 2.55667e-23
611.78 2.56233e-23
613.191 2.56801e-23
614.605 2.5737e-23
616.022 2.5794e-23
617.443 2.58512e-23
618.867 2.59085e-23
620.294 2.59659e-23
621.724 2.60235e-23
623.158 2.60812e-23
624.595 2.61391e-23
626.035 2.61971e-23
627.479 2.62552e-23
628.926 2.63135e-23
630.376 2.63719e-23
631.83 2.64304e-23
633.287 2.64891e-23
634.747 2.65479e-23
636.211 2.66069e-23
637.678 2.6666e-23
639.149 2.67253e-23
640.623 2.67846e-23
642.1 2.68442e-23
643.58 2.69038e-23
645.065 2.69637e-23
646.552 2.70236e-23
648.043 2.70837e-23
649.537 2.7144e-23
651.035 2.72043e-23
652.537 2.72649e-23
654.041 2.73255e-23
655.55 2.73864e-23
657.061 2.74473e-23
658.576 2.75084e-23
660.095 2.75697e-23
661.617 2.76311e-23
663.143 2.76926e-23
664.672 2.77543e-23
666.205 2.78161e-23
667.741 2.78781e-23
669.281 2.79403e-23
670.824 2.80025e-23
672.371 2.8065e-23
673.922 2.81275e-23
675.476 2.81903e-23
677.034 2.82531e-23
678.595 2.83161e-23
680.16 2.83793e-23
681.728 2.84426e-23
683.3 2.85061e-23
684.876 2.85697e-23
686.455 2.86335e-23
688.038 2.86974e-23
689.625 2.87615e-23
691.215 2.88257e-23
692.809 2.88901e-23
694.407 2.89546e-23
696.008 2.90193e-23
697.613 2.90841e-23
699.222 2.91491e-23
700.834 2.92143e-23
702.45 2.92796e-23
704.07 2.9345e-23
705.694 2.94106e-23
707.321 2.94764e-23
708.952 2.95423e-23
710.587 2.96084e-23
712.226 2.96746e-23
713.868 2.9741e-23
715.514 2.98075e-23
717.164 2.98742e-23
718.818 2.99411e-23
720.475 3.00081e-23
722.137 3.00753e-23
723.802 3.01426e-23
725.471 3.02101e-23
727.144 3.02777e-23
728.821 3.03455e-23
730.502 3.04135e-23
732.186 3.04816e-23
733.875 3.05499e-23
735.567 3.06184e-23
737.263 3.0687e-23
738.963 3.07558e-23
740.667 3.08247e-23
742.375 3.08938e-23
744.087 3.09631e-23
745.803 3.10325e-23
747.523 3.11021e-23
749.247 3.11719e-23
750.975 3.12418e-23
752.706 3.13119e-23
754.442 3.13821e-23
756.182 3.14525e-23
757.926 3.15231e-23
759.673 3.15939e-23
761.425 3.16648e-23
763.181 3.17359e-23
764.941 3.18071e-23
766.705 3.18785e-23
768.473 3.19501e-23
770.245 3.20219e-23
772.021 3.20938e-23
773.801 3.21659e-23
775.586 3.22381e-23
777.374 3.23106e-23
779.167 3.23832e-23
780.964 3.2456e-23
782.765 3.25289e-23
784.57 3.2602e-23
786.379 3.26753e-23
788.192 3.27488e-23
790.01 3.28224e-23
791.832 3.28962e-23
793.658 3.29702e-23
795.488 3.30443e-23
797.322 3.31187e-23
799.161 3.31932e-23
801.004 3.32679e-23
802.851 3.33427e-23
804.702 3.34177e-23
806.558 3.34929e-23
808.418 3.35683e-23
810.282 3.36439e-23
812.151 3.37196e-23
814.023 3.37956e-23
815.901 3.38716e-23
817.782 3.39479e-23
819.668 3.40244e-23
821.558 3.4101e-23
823.452 3.41778e-23
825.351 3.42548e-23
827.255 3.4332e-23
829.162 3.44093e-23
831.074 3.44869e-23
832.991 3.45646e-23
834.912 3.46425e-23
836.837 3.47206e-23
838.767 3.47989e-23
840.701 3.48773e-23
842.64 3.49559e-23
844.583 3.50348e-23
846.53 3.51138e-23
848.482 3.5193e-23
850.439 3.52724e-23
852.4 3.5352e-23
854.366 3.54318e-23
856.336 3.55123e-23
858.311 3.56115e-23
860.29 3.56738e-23
862.274 3.57528e-23
864.262 3.58333e-23
866.255 3.59141e-23
868.253 3.59952e-23
870.255 3.60764e-23
872.262 3.61578e-23
874.273 3.62395e-23
876.289 3.63213e-23
878.31 3.64033e-23
880.336 3.64855e-23
882.366 3.65679e-23
884.4 3.66505e-23
886.44 3.67333e-23
888.484 3.68163e-23
890.533 3.68995e-23
892.586 3.69828e-23
894.645 3.70664e-23
896.708 3.71502e-23
898.775 3.72341e-23
900.848 3.73183e-23
902.925 3.74026e-23
905.008 3.74872e-23
907.095 3.75719e-23
909.186 3.76569e-23
911.283 3.7742e-23
913.384 3.78274e-23
915.491 3.79129e-23
917.602 3.79987e-23
919.718 3.80846e-23
921.839 3.81708e-23
923.964 3.82571e-23
926.095 3.83437e-23
928.231 3.84304e-23
930.371 3.85174e-23
932.517 3.86045e-23
934.667 3.86919e-23
936.822 3.87795e-23
938.983 3.88672e-23
941.148 3.89552e-23
943.318 3.90434e-23
945.494 3.91318e-23
947.674 3.92204e-23
949.859 3.93092e-23
952.05 3.93982e-23
954.245 3.94874e-23
956.445 3.95768e-23
958.651 3.96665e-23
960.862 3.97563e-23
963.077 3.98464e-23
965.298 3.99366e-23
967.524 4.00271e-23
969.755 4.01178e-23
971.992 4.02087e-23
974.233 4.02998e-23
976.48 4.03911e-23
978.731 4.04827e-23
980.988 4.05744e-23
983.251 4.06664e-23
985.518 4.07586e-23
987.791 4.08509e-23
990.068 4.09436e-23
992.352 4.10364e-23
994.64 4.11294e-23
996.934 4.12227e-23
999.233 4.13162e-23
1001.54 4.14099e-23
1003.85 4.15038e-23
1006.16 4.15979e-23
1008.48 4.16923e-23
1010.81 4.17868e-23
1013.14 4.18816e-23
1015.47 4.19766e-23
1017.82 4.20719e-23
1020.16 4.21673e-23
1022.52 4.2263e-23
1024.87 4.23589e-23
1027.24 4.24551e-23
1029.61 4.25514e-23
1031.98 4.2648e-23
1034.36 4.27448e-23
1036.74 4.28418e-23
1039.14 4.29391e-23
1041.53 4.30365e-23
1043.93 4.31343e-23
1046.34 4.32322e-23
1048.75 4.33304e-23
1051.17 4.34287e-23
1053.6 4.35274e-23
1056.03 4.36262e-23
1058.46 4.37253e-23
1060.9 4.38246e-23
1063.35 4.39242e-23
1065.8 4.40239e-23
1068.26 4.41239e-23
1070.72 4.42242e-23
1073.19 4.43247e-23
1075.67 4.44254e-23
1078.15 4.45263e-23
1080.63 4.46275e-23
1083.12 4.47289e-23
1085.62 4.48306e-23
1088.13 4.49324e-23
1090.63 4.50346e-23
1093.15 4.51369e-23
1095.67 4.52395e-23
1098.2 4.53424e-23
1100.73 4.54455e-23
1103.27 4.55488e-23
1105.81 4.56523e-23
1108.36 4.57561e-23
1110.92 4.58602e-23
1113.48 4.59645e-23
1116.05 4.6069e-23
1118.62 4.61738e-23
1121.2 4.62788e-23
1123.79 4.6384e-23
1126.38 4.64895e-23
1128.97 4.65953e-23
1131.58 4.67013e-23
1134.19 4.68075e-23
1136.8 4.6914e-23
1139.42 4.70208e-23
1142.05 4.71277e-23
1144.69 4.7235e-23
1147.33 4.73425e-23
1149.97 4.74502e-23
1152.62 4.75582e-23
1155.28 4.76664e-23
1157.94 4.77749e-23
1160.62 4.78836e-23
1163.29 4.79926e-23
1165.97 4.81019e-23
1168.66 4.82114e-23
1171.36 4.83211e-23
1174.06 4.84311e-23
1176.77 4.85414e-23
1179.48 4.86519e-23
1182.2 4.87627e-23
1184.93 4.88737e-23
1187.66 4.8985e-23
1190.4 4.90966e-23
1193.14 4.92084e-23
1195.89 4.93205e-23
1198.65 4.94328e-23
1201.42 4.95454e-23
1204.19 4.96583e-23
1206.96 4.97714e-23
1209.75 4.98848e-23
1212.54 4.99984e-23
1215.33 5.01123e-23
1218.13 5.02265e-23
1220.94 5.03409e-23
1223.76 5.04556e-23
1226.58 5.05706e-23
1229.41 5.06859e-23
1232.24 5.08014e-23
1235.09 5.09172e-23
1237.93 5.10334e-23
1240.79 5.12079e-23
1243.65 5.12664e-23
1246.52 5.1383e-23
1249.39 5.15001e-23
1252.27 5.16175e-23
1255.16 5.17351e-23
1258.06 5.18531e-23
1260.96 5.19713e-23
1263.86 5.20898e-23
1266.78 5.22085e-23
1269.7 5.23276e-23
1272.63 5.24469e-23
1275.56 5.25665e-23
1278.5 5.26864e-23
1281.45 5.28065e-23
1284.41 5.29269e-23
1287.37 5.30477e-23
1290.34 5.31687e-23
1293.31 5.32899e-23
1296.3 5.34115e-23
1299.29 5.35333e-23
1302.28 5.36554e-23
1305.28 5.37778e-23
1308.29 5.39005e-23
1311.31 5.40235e-23
1314.34 5.41467e-23
1317.37 5.42703e-23
1320.4 5.43941e-23
1323.45 5.45182e-23
1326.5 5.46426e-23
1329.56 5.47673e-23
1332.63 5.48923e-23
1335.7 5.50176e-23
1338.78 5.51432e-23
1341.87 5.5269e-23
1344.96 5.53952e-23
1348.06 5.55216e-23
1351.17 5.56483e-23
1354.29 5.57754e-23
1357.41 5.59027e-23
1360.54 5.60303e-23
1363.68 5.61582e-23
1366.82 5.62864e-23
1369.97 5.64149e-23
1373.13 5.65437e-23
1376.3 5.66728e-23
1379.47 5.68022e-23
1382.65 5.69319e-23
1385.84 5.7062e-23
1389.04 5.71923e-23
1392.24 5.73229e-23
1395.45 5.74538e-23
1398.67 5.7585e-23
1401.9 5.77165e-23
1405.13 5.78483e-23
1408.37 5.79805e-23
1411.62 5.81129e-23
1414.87 5.82456e-23
1418.13 5.83787e-23
1421.4 5.85121e-23
1424.68 5.86457e-23
1427.97 5.87797e-23
1431.26 5.8914e-23
1434.56 5.90486e-23
1437.87 5.91835e-23
1441.18 5.93187e-23
1444.51 5.94543e-23
1447.84 5.95901e-23
1451.18 5.97263e-23
1454.52 5.98628e-23
1457.88 5.99996e-23
1461.24 6.01367e-23
1464.61 6.02741e-23
1467.99 6.04119e-23
1471.37 6.055e-23
1474.77 6.06884e-23
1478.17 6.08271e-23
1481.57 6.09661e-23
1484.99 6.11055e-23
1488.42 6.12451e-23
1491.85 6.13852e-23
1495.29 6.15255e-23
1498.74 6.16661e-23
1502.19 6.18071e-23
1505.66 6.19484e-23
1509.13 6.20901e-23
1512.61 6.2232e-23
1516.1 6.23743e-23
1519.59 6.25169e-23
1523.1 6.26599e-23
1526.61 6.28032e-23
1530.13 6.29468e-23
1533.66 6.30907e-23
1537.19 6.3235e-23
1540.74 6.33796e-23
1544.29 6.35246e-23
1547.85 6.36699e-23
1551.42 6.38155e-23
1555 6.39614e-23
1558.59 6.41077e-23
1562.18 6.42544e-23
1565.78 6.44014e-23
1569.39 6.45487e-23
1573.01 6.46965e-23
1576.64 6.48495e-23
1580.28 6.49928e-23
1583.92 6.51414e-23
1587.57 6.52904e-23
1591.23 6.54398e-23
1594.9 6.55895e-23
1598.58 6.57396e-23
1602.27 6.589e-23
1605.96 6.60407e-23
1609.67 6.61919e-23
1613.38 6.63433e-23
1617.1 6.64951e-23
1620.83 6.66473e-23
1624.56 6.67998e-23
1628.31 6.69527e-23
1632.07 6.71059e-23
1635.83 6.72595e-23
1639.6 6.74134e-23
1643.38 6.75677e-23
1647.17 6.77224e-23
1650.97 6.78774e-23
1654.78 6.80327e-23
1658.59 6.81885e-23
1662.42 6.83446e-23
1666.25 6.8501e-23
1670.09 6.86578e-23
1673.95 6.8815e-23
1677.81 6.89725e-23
1681.67 6.91304e-23
1685.55 6.92887e-23
1689.44 6.94473e-23
1693.34 6.96063e-23
1697.24 6.97657e-23
1701.15 6.99254e-23
1705.08 7.00855e-23
1709.01 7.0246e-23
1712.95 7.04069e-23
1716.9 7.05681e-23
1720.86 7.07297e-23
1724.83 7.08916e-23
1728.8 7.1054e-23
1732.79 7.12167e-23
1736.79 7.13798e-23
1740.79 7.15433e-23
1744.81 7.17071e-23
1748.83 7.18714e-23
1752.86 7.2036e-23
1756.9 7.2201e-23
1760.96 7.23663e-23
1765.02 7.25321e-23
1769.09 7.26982e-23
1773.17 7.28648e-23
1777.26 7.30317e-23
1781.35 7.3199e-23
1785.46 7.33666e-23
1789.58 7.35347e-23
1793.71 7.37032e-23
1797.84 7.3872e-23
1801.99 7.40413e-23
1806.14 7.42109e-23
1810.31 7.43809e-23
1814.48 7.45513e-23
1818.67 7.47222e-23
1822.86 7.48934e-23
1827.06 7.5065e-23
1831.28 7.5237e-23
1835.5 7.54094e-23
1839.73 7.55822e-23
1843.98 7.57554e-23
1848.23 7.59289e-23
1852.49 7.61029e-23
1856.76 7.62773e-23
1861.04 7.64522e-23
1865.34 7.66274e-23
1869.64 7.6803e-23
1873.95 7.6979e-23
1878.27 7.71554e-23
1882.6 7.73323e-23
1886.94 7.75095e-23
1891.29 7.76872e-23
1895.65 7.78653e-23
1900.03 7.80439e-23
1904.41 7.82226e-23
1908.8 7.84019e-23
1913.2 7.85816e-23
1917.61 7.87617e-23
1922.03 7.89423e-23
1926.47 7.91233e-23
1930.91 7.93047e-23
1935.36 7.94865e-23
1939.83 7.96687e-23
1944.3 7.98513e-23
1948.78 8.00344e-23
1953.28 8.02179e-23
1957.78 8.04018e-23
1962.29 8.05862e-23
1966.82 8.07709e-23
1971.36 8.09561e-23
1975.9 8.11417e-23
1980.46 8.13278e-23
1985.02 8.15143e-23
1989.6 8.17012e-23
1994.19 8.18885e-23
1998.79 8.20763e-23
2003.4 8.22645e-23
2008.02 8.24532e-23
2012.65 8.26423e-23
2017.29 8.28318e-23
2021.94 8.30218e-23
2026.6 8.32122e-23
2031.28 8.3403e-23
2035.96 8.35943e-23
2040.66 8.3786e-23
2045.36 8.39782e-23
2050.08 8.41708e-23
2054.81 8.43638e-23
2059.54 8.45574e-23
2064.29 8.47513e-23
2069.05 8.49457e-23
2073.83 8.51406e-23
2078.61 8.53359e-23
2083.4 8.55316e-23
2088.21 8.57278e-23
2093.02 8.59245e-23
2097.85 8.61216e-23
2102.69 8.63191e-23
2107.53 8.65172e-23
2112.39 8.67156e-23
2117.27 8.69146e-23
2122.15 8.7114e-23
2127.04 8.73138e-23
2131.95 8.75142e-23
2136.86 8.77149e-23
2141.79 8.79162e-23
2146.73 8.81179e-23
2151.68 8.83201e-23
2156.64 8.85227e-23
2161.61 8.87259e-23
2166.6 8.89294e-23
2171.6 8.91335e-23
2176.6 8.9338e-23
2181.62 8.9543e-23
2186.65 8.97485e-23
2191.7 8.99545e-23
2196.75 9.01609e-23
2201.82 9.03678e-23
2206.89 9.05752e-23
2211.98 9.0783e-23
2217.08 9.09914e-23
2222.2 9.12002e-23
2227.32 9.14095e-23
2232.46 9.16193e-23
2237.6 9.18295e-23
2242.76 9.20403e-23
2247.94 9.22516e-23
2253.12 9.24633e-23
2258.32 9.26757e-23
2263.52 9.28882e-23
2268.74 9.31014e-23
2273.97 9.33151e-23
2279.22 9.35293e-23
2284.47 9.3744e-23
2289.74 9.39592e-23
2295.02 9.41749e-23
2300.31 9.4391e-23
2305.62 9.46077e-23
2310.94 9.48249e-23
2316.27 9.50426e-23
2321.61 9.52608e-23
2326.96 9.54794e-23
2332.33 9.56986e-23
2337.7 9.59183e-23
2343.1 9.61385e-23
2348.5 9.63593e-23
2353.91 9.65805e-23
2359.34 9.68022e-23
2364.78 9.70245e-23
2370.24 9.72472e-23
2375.7 9.74705e-23
2381.18 9.76943e-23
2386.67 9.79186e-23
2392.17 9.81434e-23
2397.69 9.83688e-23
2403.22 9.85946e-23
2408.76 9.8821e-23
2414.32 9.90479e-23
2419.88 9.92754e-23
2425.46 9.95033e-23
2431.06 9.97318e-23
2436.66 9.99608e-23
2442.28 1.0019e-22
2447.91 1.0042e-22
2453.56 1.00651e-22
2459.22 1.00882e-22
2464.89 1.01114e-22
2470.57 1.01346e-22
2476.27 1.01579e-22
2481.98 1.01812e-22
2487.7 1.02046e-22
2493.44 1.0228e-22
2499.19 1.02515e-22
2504.95 1.02751e-22
2510.73 1.02987e-22
2516.52 1.03223e-22
2522.32 1.0346e-22
2528.14 1.03698e-22
2533.97 1.03936e-22
2539.81 1.04175e-22
2545.67 1.04414e-22
2551.54 1.04654e-22
2557.42 1.04894e-22
2563.32 1.05135e-22
2569.23 1.05377e-22
2575.16 1.05619e-22
2581.09 1.05861e-22
2587.05 1.06105e-22
2593.01 1.06348e-22
2598.99 1.06593e-22
2604.99 1.06837e-22
2610.99 1.07083e-22
2617.01 1.07329e-22
2623.05 1.07575e-22
2629.1 1.07823e-22
2635.16 1.0807e-22
2641.24 1.08319e-22
2647.33 1.08567e-22
2653.43 1.08817e-22
2659.55 1.09067e-22
2665.68 1.09317e-22
2671.83 1.09569e-22
2677.99 1.0982e-22
2684.17 1.10073e-22
2690.36 1.10326e-22
2696.56 1.10579e-22
2702.78 1.10833e-22
2709.01 1.11088e-22
2715.26 1.11343e-22
2721.52 1.11599e-22
2727.8 1.11855e-22
2734.09 1.12112e-22
2740.39 1.1237e-22
2746.71 1.12628e-22
2753.04 1.12887e-22
2759.39 1.13146e-22
2765.76 1.13406e-22
2772.13 1.13667e-22
2778.53 1.13928e-22
2784.93 1.1419e-22
2791.36 1.14452e-22
2797.79 1.14715e-22
2804.24 1.14979e-22
2810.71 1.15243e-22
2817.19 1.15508e-22
2823.69 1.15773e-22
2830.2 1.16039e-22
2836.73 1.16306e-22
2843.27 1.16573e-22
2849.83 1.16841e-22
2856.4 1.1711e-22
2862.98 1.17379e-22
2869.59 1.17649e-22
2876.2 1.17919e-22
2882.84 1.1819e-22
2889.48 1.18462e-22
2896.15 1.18734e-22
2902.83 1.19007e-22
2909.52 1.19281e-22
2916.23 1.19555e-22
2922.95 1.19829e-22
2929.69 1.20105e-22
2936.45 1.20381e-22
2943.22 1.20658e-22
2950.01 1.20935e-22
2956.81 1.21213e-22
2963.63 1.21492e-22
2970.46 1.21771e-22
2977.31 1.22051e-22
2984.18 1.22331e-22
2991.06 1.22613e-22
2997.96 1.22894e-22
3004.87 1.23177e-22
3011.8 1.2346e-22
3018.75 1.23744e-22
3025.71 1.24028e-22
3032.68 1.24313e-22
3039.68 1.24599e-22
3046.69 1.24886e-22
3053.71 1.25173e-22
3060.76 1.25461e-22
3067.81 1.25749e-22
3074.89 1.26038e-22
3081.98 1.26328e-22
3089.09 1.26618e-22
3096.21 1.26909e-22
3103.35 1.27201e-22
3110.51 1.27494e-22
3117.68 1.27787e-22
3124.87 1.28081e-22
3132.07 1.28375e-22
3139.3 1.2867e-22
3146.54 1.28966e-22
3153.79 1.29263e-22
3161.06 1.2956e-22
3168.35 1.29858e-22
3175.66 1.30156e-22
3182.98 1.30456e-22
3190.32 1.30755e-22
3197.68 1.31056e-22
3205.05 1.31357e-22
3212.44 1.31659e-22
3219.85 1.31962e-22
3227.28 1.32266e-22
3234.72 1.3257e-22
3242.18 1.32875e-22
3249.66 1.3318e-22
3257.15 1.33486e-22
3264.66 1.33793e-22
3272.19 1.34101e-22
3279.73 1.34409e-22
3287.3 1.34719e-22
3294.88 1.35028e-22
3302.48 1.35339e-22
3310.09 1.3565e-22
3317.72 1.35962e-22
3325.37 1.36275e-22
3333.04 1.36588e-22
3340.73 1.36902e-22
3348.43 1.37217e-22
3356.15 1.37533e-22
3363.89 1.37849e-22
3371.65 1.38166e-22
3379.43 1.38484e-22
3387.22 1.38802e-22
3395.03 1.39121e-22
3402.86 1.39441e-22
3410.71 1.39762e-22
3418.57 1.40084e-22
3426.45 1.40406e-22
3434.36 1.40729e-22
3442.28 1.41052e-22
3450.21 1.41377e-22
3458.17 1.41702e-22
3466.14 1.42028e-22
3474.14 1.42354e-22
3482.15 1.42682e-22
3490.18 1.4301e-22
3498.23 1.43339e-22
3506.29 1.43669e-22
3514.38 1.43999e-22
3522.48 1.4433e-22
3530.61 1.44662e-22
3538.75 1.44995e-22
3546.91 1.45329e-22
3555.09 1.45663e-22
3563.29 1.45998e-22
3571.5 1.46334e-22
3579.74 1.4667e-22
3587.99 1.47008e-22
3596.27 1.47346e-22
3604.56 1.47685e-22
3612.87 1.48025e-22
3621.2 1.48365e-22
3629.55 1.48706e-22
3637.92 1.49049e-22
3646.31 1.49391e-22
3654.72 1.49735e-22
3663.15 1.5008e-22
3671.6 1.50425e-22
3680.06 1.50771e-22
3688.55 1.51118e-22
3697.06 1.51465e-22
3705.58 1.51814e-22
3714.13 1.52163e-22
3722.69 1.52513e-22
3731.28 1.52864e-22
3739.88 1.53216e-22
3748.5 1.53568e-22
3757.15 1.53921e-22
3765.81 1.54276e-22
3774.5 1.5463e-22
3783.2 1.54986e-22
3791.92 1.55343e-22
3800.67 1.557e-22
3809.43 1.56058e-22
3818.22 1.56418e-22
3827.02 1.56777e-22
3835.85 1.57138e-22
3844.69 1.575e-22
3853.56 1.57862e-22
3862.44 1.58225e-22
3871.35 1.58589e-22
3880.28 1.58954e-22
3889.23 1.5932e-22
3898.2 1.59686e-22
3907.18 1.60054e-22
3916.19 1.60422e-22
3925.23 1.60791e-22
3934.28 1.61161e-22
3943.35 1.61532e-22
3952.44 1.61904e-22
3961.56 1.62276e-22
3970.69 1.6265e-22
3979.85 1.63024e-22
3989.03 1.63399e-22
3998.23 1.63775e-22
4007.45 1.64152e-22
4016.69 1.6453e-22
4025.95 1.64908e-22
4035.23 1.65288e-22
4044.54 1.65668e-22
4053.87 1.66049e-22
4063.21 1.66431e-22
4072.58 1.66814e-22
4081.97 1.67198e-22
4091.39 1.67583e-22
4100.82 1.67969e-22
4110.28 1.68355e-22
4119.76 1.68743e-22
4129.26 1.69131e-22
4138.78 1.6952e-22
4148.32 1.6991e-22
4157.89 1.70301e-22
4167.48 1.70693e-22
4177.09 1.71086e-22
4186.72 1.7148e-22
4196.38 1.71874e-22
4206.05 1.7227e-22
4215.75 1.72666e-22
4225.47 1.73064e-22
4235.22 1.73462e-22
4244.98 1.73861e-22
4254.77 1.74261e-22
4264.58 1.74662e-22
4274.42 1.75064e-22
4284.27 1.75467e-22
4294.15 1.75871e-22
4304.06 1.76276e-22
4313.98 1.76682e-22
4323.93 1.77088e-22
4333.9 1.77496e-22
4343.89 1.77904e-22
4353.91 1.78314e-22
4363.95 1.78724e-22
4374.02 1.79136e-22
4384.1 1.79548e-22
4394.21 1.79961e-22
4404.34 1.80375e-22
4414.5 1.8079e-22
4424.68 1.81207e-22
4434.88 1.81624e-22
4445.11 1.82042e-22
4455.36 1.82461e-22
4465.64 1.82881e-22
4475.93 1.83302e-22
4486.26 1.83724e-22
4496.6 1.84146e-22
4506.97 1.8457e-22
4517.36 1.84995e-22
4527.78 1.85421e-22
4538.22 1.85848e-22
4548.69 1.86275e-22
4559.18 1.86704e-22
4569.69 1.87134e-22
4580.23 1.87565e-22
4590.79 1.87997e-22
4601.38 1.88429e-22
4611.99 1.88863e-22
4622.62 1.89298e-22
4633.28 1.89733e-22
4643.97 1.9017e-22
4654.67 1.90608e-22
4665.41 1.91047e-22
4676.17 1.91487e-22
4686.95 1.91927e-22
4697.76 1.92369e-22
4708.59 1.92812e-22
4719.45 1.93256e-22
4730.33 1.93701e-22
4741.24 1.94147e-22
4752.17 1.94594e-22
4763.13 1.95041e-22
4774.12 1.9549e-22
4785.13 1.9594e-22
4796.16 1.96392e-22
4807.22 1.96844e-22
4818.31 1.97297e-22
4829.42 1.97751e-22
4840.55 1.98206e-22
4851.72 1.98663e-22
4862.9 1.9912e-22
4874.12 1.99578e-22
4885.36 2.00038e-22
4896.62 2.00498e-22
4907.91 2.0096e-22
4919.23 2.01422e-22
4930.58 2.01886e-22
4941.95 2.02351e-22
4953.34 2.02817e-22
4964.76 2.03284e-22
4976.21 2.03752e-22
4987.69 2.04221e-22
4999.19 2.04691e-22
5010.72 2.05162e-22
5022.27 2.05635e-22
5033.85 2.06108e-22
5045.46 2.06583e-22
5057.1 2.07058e-22
5068.76 2.07535e-22
5080.45 2.08013e-22
5092.16 2.08492e-22
5103.91 2.08972e-22
5115.68 2.09453e-22
5127.47 2.09935e-22
5139.3 2.10418e-22
5151.15 2.10903e-22
5163.03 2.11388e-22
5174.93 2.11875e-22
5186.87 2.12363e-22
5198.83 2.12852e-22
5210.81 2.13342e-22
5222.83 2.13833e-22
5234.87 2.14326e-22
5246.95 2.14819e-22
5259.05 2.15314e-22
5271.17 2.15809e-22
5283.33 2.16306e-22
5295.51 2.16804e-22
5307.72 2.17304e-22
5319.96 2.17804e-22
5332.23 2.18305e-22
5344.53 2.18808e-22
5356.85 2.19312e-22
5369.2 2.19817e-22
5381.59 2.20323e-22
5394 2.2083e-22
5406.43 2.21339e-22
5418.9 2.21848e-22
5431.4 2.22359e-22
5443.92 2.22871e-22
5456.48 2.23384e-22
5469.06 2.23899e-22
5481.67 2.24414e-22
5494.31 2.24931e-22
5506.98 2.25449e-22
5519.68 2.25968e-22
5532.41 2.26489e-22
5545.17 2.2701e-22
5557.95 2.27533e-22
5570.77 2.28057e-22
5583.62 2.28582e-22
5596.49 2.29108e-22
5609.4 2.29636e-22
5622.33 2.30165e-22
5635.3 2.30695e-22
5648.29 2.31226e-22
5661.32 2.31758e-22
5674.37 2.32292e-22
5687.46 2.32827e-22
5700.57 2.33363e-22
5713.72 2.33901e-22
5726.9 2.34439e-22
5740.1 2.34979e-22
5753.34 2.3552e-22
5766.61 2.36063e-22
5779.9 2.36606e-22
5793.23 2.37151e-22
5806.59 2.37697e-22
5819.98 2.38245e-22
5833.4 2.38793e-22
5846.85 2.39343e-22
5860.34 2.39894e-22
5873.85 2.40447e-22
5887.4 2.41001e-22
5900.97 2.41556e-22
5914.58 2.42112e-22
5928.22 2.42669e-22
5941.89 2.43228e-22
5955.59 2.43788e-22
5969.33 2.4435e-22
5983.09 2.44913e-22
5996.89 2.45477e-22
6010.72 2.46042e-22
6024.58 2.46609e-22
6038.47 2.47177e-22
6052.4 2.47746e-22
6066.35 2.48316e-22
6080.34 2.48888e-22
6094.36 2.49461e-22
6108.42 2.50036e-22
6122.5 2.50612e-22
6136.62 2.51189e-22
6150.77 2.51768e-22
6164.96 2.52347e-22
6179.17 2.52929e-22
6193.42 2.53511e-22
6207.7 2.54095e-22
6222.02 2.5468e-22
6236.37 2.55267e-22
6250.75 2.55855e-22
6265.16 2.56444e-22
6279.61 2.57035e-22
6294.09 2.57627e-22
6308.6 2.5822e-22
6323.15 2.58815e-22
6337.73 2.59411e-22
6352.35 2.60008e-22
6367 2.60607e-22
6381.68 2.61207e-22
6396.4 2.61809e-22
6411.15 2.62412e-22
6425.93 2.63016e-22
6440.75 2.63622e-22
6455.6 2.64229e-22
6470.49 2.64838e-22
6485.41 2.65448e-22
6500.36 2.66059e-22
6515.35 2.66672e-22
6530.38 2.67286e-22
6545.44 2.67902e-22
6560.53 2.68519e-22
6575.66 2.69137e-22
6590.82 2.69757e-22
6606.02 2.70379e-22
6621.26 2.71001e-22
6636.52 2.71626e-22
6651.83 2.72251e-22
6667.17 2.72878e-22
6682.54 2.73507e-22
6697.95 2.74137e-22
6713.4 2.74768e-22
6728.88 2.75401e-22
6744.39 2.76036e-22
6759.95 2.76671e-22
6775.54 2.77309e-22
6791.16 2.77947e-22
6806.82 2.78588e-22
6822.52 2.79229e-22
6838.25 2.79873e-22
6854.02 2.80517e-22
6869.82 2.81163e-22
6885.67 2.81811e-22
6901.54 2.8246e-22
6917.46 2.83111e-22
6933.41 2.83763e-22
6949.4 2.84417e-22
6965.43 2.85072e-22
6981.49 2.85728e-22
6997.59 2.86387e-22
7013.72 2.87046e-22
7029.9 2.87708e-22
7046.11 2.8837e-22
7062.36 2.89035e-22
7078.64 2.897e-22
7094.97 2.90368e-22
7111.33 2.91037e-22
7127.73 2.91707e-22
7144.16 2.92379e-22
7160.64 2.93052e-22
7177.15 2.93728e-22
7193.7 2.94404e-22
7210.29 2.95082e-22
7226.92 2.95762e-22
7243.58 2.96443e-22
7260.28 2.97126e-22
7277.03 2.97811e-22
7293.81 2.98497e-22
7310.63 2.99184e-22
7327.49 2.99874e-22
7344.38 3.00564e-22
7361.32 3.01257e-22
7378.29 3.01951e-22
7395.31 3.02646e-22
7412.36 3.03344e-22
7429.46 3.04042e-22
7446.59 3.04743e-22
7463.76 3.05445e-22
7480.97 3.06148e-22
7498.22 3.06854e-22
7515.51 3.07561e-22
7532.84 3.08269e-22
7550.22 3.08979e-22
7567.63 3.09691e-22
7585.08 3.10405e-22
7602.57 3.1112e-22
7620.1 3.11836e-22
7637.67 3.12555e-22
7655.28 3.13275e-22
7672.94 3.13997e-22
7690.63 3.1472e-22
7708.37 3.15445e-22
7726.14 3.16172e-22
7743.96 3.169e-22
7761.82 3.1763e-22
7779.71 3.18362e-22
7797.65 3.19095e-22
7815.64 3.1983e-22
7833.66 3.20567e-22
7851.72 3.21306e-22
7869.83 3.22046e-22
7887.98 3.22788e-22
7906.17 3.23532e-22
7924.4 3.24277e-22
7942.67 3.25024e-22
7960.99 3.25773e-22
7979.35 3.26523e-22
7997.75 3.27276e-22
8016.19 3.2803e-22
8034.68 3.28785e-22
8053.2 3.29543e-22
8071.77 3.30302e-22
8090.39 3.31063e-22
8109.04 3.31826e-22
8127.74 3.3259e-22
8146.49 3.33357e-22
8165.27 3.34125e-22
8184.1 3.34894e-22
8202.97 3.35666e-22
8221.89 3.36439e-22
8240.85 3.37214e-22
8259.85 3.37991e-22
8278.9 3.3877e-22
8297.99 3.39551e-22
8317.13 3.40333e-22
8336.31 3.41117e-22
8355.53 3.41903e-22
8374.8 3.42691e-22
8394.11 3.4348e-22
8413.47 3.44272e-22
8432.87 3.45065e-22
8452.31 3.4586e-22
8471.81 3.46657e-22
8491.34 3.47455e-22
8510.92 3.48256e-22
8530.55 3.49058e-22
8550.22 3.49863e-22
8569.94 3.50669e-22
8589.7 3.51477e-22
8609.51 3.52286e-22
8629.36 3.53098e-22
8649.26 3.53912e-22
8669.21 3.54727e-22
8689.2 3.55544e-22
8709.23 3.56364e-22
8729.32 3.57185e-22
8749.45 3.58008e-22
8769.62 3.58832e-22
8789.85 3.59659e-22
8810.12 3.60488e-22
8830.43 3.61319e-22
8850.8 3.62151e-22
8871.21 3.62986e-22
8891.66 3.63822e-22
8912.17 3.6466e-22
8932.72 3.655e-22
8953.32 3.66343e-22
8973.96 3.67187e-22
8994.66 3.68033e-22
9015.4 3.68881e-22
9036.19 3.69731e-22
9057.03 3.70583e-22
9077.91 3.71436e-22
9098.85 3.72292e-22
9119.83 3.7315e-22
9140.86 3.7401e-22
9161.94 3.74872e-22
9183.07 3.75735e-22
9204.24 3.76601e-22
9225.47 3.77469e-22
9246.74 3.78339e-22
9268.06 3.7921e-22
9289.44 3.80084e-22
9310.86 3.8096e-22
9332.33 3.81838e-22
9353.85 3.82718e-22
9375.42 3.836e-22
9397.04 3.84483e-22
9418.71 3.85369e-22
9440.43 3.86257e-22
9462.2 3.87147e-22
9484.02 3.88039e-22
9505.89 3.88934e-22
9527.81 3.8983e-22
9549.78 3.90728e-22
9571.8 3.91628e-22
9593.87 3.92531e-22
9616 3.93435e-22
9638.17 3.94342e-22
9660.4 3.95251e-22
9682.67 3.96161e-22
9705 3.97074e-22
9727.38 3.97989e-22
9749.81 3.98906e-22
9772.3 3.99825e-22
9794.83 4.00747e-22
9817.42 4.0167e-22
9840.06 4.02596e-22
9862.75 4.03523e-22
9885.49 4.04453e-22
9908.29 4.05385e-22
9931.14 4.06319e-22
9954.04 4.07256e-22
9976.99 4.08194e-22
10000 4.09135e-22
