10 1.10062e-21
10.0231 1.09031e-21
10.0462 1.0801e-21
10.0693 1.06998e-21
10.0926 1.05997e-21
10.1158 1.05005e-21
10.1392 1.04024e-21
10.1625 1.03051e-21
10.186 1.02088e-21
10.2095 1.01135e-21
10.233 1.00191e-21
10.2566 9.92554e-22
10.2803 9.83294e-22
10.304 9.74123e-22
10.3277 9.6504e-22
10.3515 9.56046e-22
10.3754 9.47138e-22
10.3993 9.38316e-22
10.4233 9.29579e-22
10.4474 9.20926e-22
10.4714 9.12356e-22
10.4956 9.03869e-22
10.5198 8.95463e-22
10.5441 8.87138e-22
10.5684 8.78892e-22
10.5927 8.70726e-22
10.6172 8.62638e-22
10.6417 8.54627e-22
10.6662 8.46693e-22
10.6908 8.38835e-22
10.7154 8.31051e-22
10.7401 8.23342e-22
10.7649 8.15707e-22
10.7897 8.08144e-22
10.8146 8.00654e-22
10.8396 7.93235e-22
10.8646 7.85886e-22
10.8896 7.78607e-22
10.9147 7.71398e-22
10.9399 7.64257e-22
10.9651 7.57184e-22
10.9904 7.50178e-22
11.0157 7.43239e-22
11.0412 7.36366e-22
11.0666 7.29558e-22
11.0921 7.22814e-22
11.1177 7.16134e-22
11.1433 7.09518e-22
11.169 7.02964e-22
11.1948 6.96473e-22
11.2206 6.90043e-22
11.2465 6.83673e-22
11.2724 6.77364e-22
11.2984 6.71115e-22
11.3245 6.64925e-22
11.3506 6.58793e-22
11.3768 6.5272e-22
11.403 6.46703e-22
11.4293 6.40744e-22
11.4556 6.34841e-22
11.4821 6.28994e-22
11.5085 6.23202e-22
11.5351 6.17464e-22
11.5617 6.11781e-22
11.5883 6.06151e-22
11.6151 6.00575e-22
11.6418 5.95051e-22
11.6687 5.89579e-22
11.6956 5.84159e-22
11.7226 5.7879e-22
11.7496 5.73472e-22
11.7767 5.68204e-22
11.8039 5.62985e-22
11.8311 5.57816e-22
11.8584 5.52696e-22
11.8857 5.47623e-22
11.9131 5.42599e-22
11.9406 5.37622e-22
11.9681 5.32692e-22
11.9957 5.27809e-22
12.0234 5.22971e-22
12.0511 5.18179e-22
12.0789 5.13433e-22
12.1068 5.08731e-22
12.1347 5.04073e-22
12.1627 4.9946e-22
12.1907 4.9489e-22
12.2188 4.90363e-22
12.247 4.85879e-22
12.2752 4.81437e-22
12.3035 4.77038e-22
12.3319 4.72679e-22
12.3603 4.68362e-22
12.3888 4.64086e-22
12.4174 4.5985e-22
12.4461 4.55655e-22
12.4748 4.51499e-22
12.5035 4.47382e-22
12.5324 4.43305e-22
12.5613 4.39266e-22
12.5902 4.35265e-22
12.6193 4.31302e-22
12.6484 4.27377e-22
12.6775 4.23489e-22
12.7068 4.19638e-22
12.7361 4.15824e-22
12.7654 4.12046e-22
12.7949 4.08303e-22
12.8244 4.04597e-22
12.8539 4.00926e-22
12.8836 3.9729e-22
12.9133 3.93688e-22
12.9431 3.90121e-22
12.9729 3.86589e-22
13.0028 3.8309e-22
13.0328 3.79624e-22
13.0629 3.76192e-22
13.093 3.72793e-22
13.1232 3.69427e-22
13.1534 3.66093e-22
13.1838 3.62791e-22
13.2142 3.59521e-22
13.2447 3.56283e-22
13.2752 3.53076e-22
13.3058 3.49901e-22
13.3365 3.46756e-22
13.3672 3.43642e-22
13.3981 3.40559e-22
13.429 3.37505e-22
13.4599 3.34482e-22
13.491 3.31488e-22
13.5221 3.28525e-22
13.5533 3.2559e-22
13.5845 3.22685e-22
13.6158 3.19808e-22
13.6472 3.1696e-22
13.6787 3.14141e-22
13.7103 3.11351e-22
13.7419 3.08588e-22
13.7736 3.05854e-22
13.8053 3.03147e-22
13.8372 3.00469e-22
13.8691 2.97818e-22
13.9011 2.95194e-22
13.9331 2.92598e-22
13.9652 2.90029e-22
13.9974 2.87487e-22
14.0297 2.84972e-22
14.0621 2.82484e-22
14.0945 2.80023e-22
14.127 2.77589e-22
14.1596 2.75181e-22
14.1922 2.728e-22
14.225 2.70446e-22
14.2578 2.68119e-22
14.2906 2.65818e-22
14.3236 2.63543e-22
14.3566 2.61296e-22
14.3897 2.59075e-22
14.4229 2.56881e-22
14.4562 2.54714e-22
14.4895 2.52574e-22
14.5229 2.50462e-22
14.5564 2.48376e-22
14.59 2.46319e-22
14.6236 2.44289e-22
14.6573 2.42287e-22
14.6911 2.40314e-22
14.725 2.3837e-22
14.759 2.36454e-22
14.793 2.34569e-22
14.8271 2.32714e-22
14.8613 2.30889e-22
14.8956 2.29096e-22
14.9299 2.27336e-22
14.9644 2.25608e-22
14.9989 2.23914e-22
15.0335 2.22255e-22
15.0681 2.20633e-22
15.1029 2.19048e-22
15.1377 2.17501e-22
15.1726 2.15996e-22
15.2076 2.14532e-22
15.2427 2.13113e-22
15.2778 2.1174e-22
15.3131 2.10417e-22
15.3484 2.09145e-22
15.3838 2.07929e-22
15.4192 2.06772e-22
15.4548 2.05677e-22
15.4904 2.0465e-22
15.5261 2.03696e-22
15.5619 2.02821e-22
15.5978 2.02031e-22
15.6338 2.01336e-22
15.6699 2.00743e-22
15.706 2.00263e-22
15.7422 1.99908e-22
15.7785 1.99692e-22
15.8149 1.99632e-22
15.8514 1.99747e-22
15.8879 2.00059e-22
15.9246 2.00594e-22
15.9613 2.01385e-22
15.9981 2.02469e-22
16.035 2.03892e-22
16.072 2.05709e-22
16.109 2.07987e-22
16.1462 2.10809e-22
16.1834 2.14277e-22
16.2207 2.18522e-22
16.2581 2.23706e-22
16.2956 2.30041e-22
16.3332 2.37801e-22
16.3709 2.47352e-22
16.4086 2.59187e-22
16.4464 2.73992e-22
16.4844 2.92744e-22
16.5224 3.16883e-22
16.5605 3.48626e-22
16.5987 3.91569e-22
16.6369 4.51959e-22
16.6753 5.41688e-22
16.7138 6.86562e-22
16.7523 9.55095e-22
16.7909 1.60934e-21
16.8297 5.42588e-21
16.8685 3.82691e-21
16.9074 1.41284e-21
16.9464 8.68016e-22
16.9854 6.29074e-22
17.0246 4.95821e-22
17.0639 4.114e-22
17.1032 3.53484e-22
17.1427 3.11517e-22
17.1822 2.79862e-22
17.2218 2.55237e-22
17.2615 2.35601e-22
17.3013 2.19623e-22
17.3412 2.06394e-22
17.3812 1.9528e-22
17.4213 1.85819e-22
17.4615 1.77673e-22
17.5017 1.70585e-22
17.5421 1.6436e-22
17.5825 1.58846e-22
17.6231 1.53922e-22
17.6637 1.49494e-22
17.7045 1.45485e-22
17.7453 1.41833e-22
17.7862 1.38487e-22
17.8272 1.35404e-22
17.8683 1.32549e-22
17.9095 1.29895e-22
17.9508 1.27415e-22
17.9922 1.25089e-22
18.0337 1.229e-22
18.0753 1.20832e-22
18.117 1.18873e-22
18.1588 1.1701e-22
18.2006 1.15235e-22
18.2426 1.13539e-22
18.2847 1.11914e-22
18.3268 1.10355e-22
18.3691 1.08855e-22
18.4115 1.07409e-22
18.4539 1.06013e-22
18.4965 1.04663e-22
18.5391 1.03355e-22
18.5819 1.02087e-22
18.6247 1.00856e-22
18.6677 9.9658e-23
18.7107 9.84921e-23
18.7539 9.7356e-23
18.7971 9.62476e-23
18.8405 9.51655e-23
18.8839 9.41081e-23
18.9275 9.30739e-23
18.9711 9.20617e-23
19.0149 9.10705e-23
19.0587 9.0099e-23
19.1027 8.91464e-23
19.1467 8.82117e-23
19.1909 8.72942e-23
19.2351 8.63931e-23
19.2795 8.55077e-23
19.3239 8.46373e-23
19.3685 8.37813e-23
19.4132 8.29393e-23
19.4579 8.21106e-23
19.5028 8.12948e-23
19.5478 8.04914e-23
19.5928 7.97001e-23
19.638 7.89203e-23
19.6833 7.81519e-23
19.7287 7.73943e-23
19.7742 7.66473e-23
19.8198 7.59106e-23
19.8655 7.51839e-23
19.9113 7.44669e-23
19.9572 7.37594e-23
20.0032 7.30611e-23
20.0494 7.23717e-23
20.0956 7.16911e-23
20.1419 7.10191e-23
20.1884 7.03554e-23
20.2349 6.96999e-23
20.2816 6.90524e-23
20.3284 6.84127e-23
20.3753 6.77807e-23
20.4222 6.71561e-23
20.4693 6.65389e-23
20.5165 6.5929e-23
20.5638 6.5326e-23
20.6113 6.473e-23
20.6588 6.41408e-23
20.7064 6.35583e-23
20.7542 6.29824e-23
20.802 6.24129e-23
20.85 6.18498e-23
20.8981 6.12929e-23
20.9463 6.07421e-23
20.9946 6.01973e-23
21.043 5.96586e-23
21.0915 5.91256e-23
21.1402 5.85984e-23
21.1889 5.80769e-23
21.2378 5.7561e-23
21.2868 5.70506e-23
21.3358 5.65456e-23
21.385 5.60459e-23
21.4344 5.55516e-23
21.4838 5.50624e-23
21.5333 5.45783e-23
21.583 5.40994e-23
21.6327 5.36254e-23
21.6826 5.31563e-23
21.7326 5.26921e-23
21.7828 5.22327e-23
21.833 5.1778e-23
21.8833 5.13281e-23
21.9338 5.08827e-23
21.9844 5.04419e-23
22.0351 5.00056e-23
22.0859 4.95737e-23
22.1368 4.91463e-23
22.1879 4.87231e-23
22.239 4.83043e-23
22.2903 4.78897e-23
22.3417 4.74793e-23
22.3932 4.70731e-23
22.4449 4.66709e-23
22.4966 4.62728e-23
22.5485 4.58787e-23
22.6005 4.54885e-23
22.6526 4.51022e-23
22.7049 4.47198e-23
22.7572 4.43413e-23
22.8097 4.39665e-23
22.8623 4.35954e-23
22.915 4.32281e-23
22.9679 4.28644e-23
23.0208 4.25043e-23
23.0739 4.21478e-23
23.1271 4.17948e-23
23.1804 4.14454e-23
23.2339 4.10994e-23
23.2875 4.07568e-23
23.3412 4.04176e-23
23.395 4.00818e-23
23.4489 3.97493e-23
23.503 3.94201e-23
23.5572 3.90941e-23
23.6115 3.87713e-23
23.666 3.84518e-23
23.7206 3.81353e-23
23.7753 3.7822e-23
23.8301 3.75118e-23
23.885 3.72046e-23
23.9401 3.69005e-23
23.9953 3.65994e-23
24.0507 3.63012e-23
24.1061 3.60059e-23
24.1617 3.57136e-23
24.2174 3.54241e-23
24.2733 3.51374e-23
24.3292 3.48536e-23
24.3854 3.45726e-23
24.4416 3.42943e-23
24.4979 3.40188e-23
24.5544 3.37459e-23
24.6111 3.34758e-23
24.6678 3.32083e-23
24.7247 3.29434e-23
24.7817 3.26811e-23
24.8389 3.24214e-23
24.8961 3.21642e-23
24.9536 3.19096e-23
25.0111 3.16575e-23
25.0688 3.14078e-23
25.1266 3.11606e-23
25.1845 3.09158e-23
25.2426 3.06734e-23
25.3008 3.04334e-23
25.3592 3.01958e-23
25.4176 2.99605e-23
25.4762 2.97275e-23
25.535 2.94967e-23
25.5939 2.92683e-23
25.6529 2.90421e-23
25.7121 2.88181e-23
25.7713 2.85963e-23
25.8308 2.83767e-23
25.8903 2.81593e-23
25.95 2.7944e-23
26.0099 2.77308e-23
26.0699 2.75197e-23
26.13 2.73107e-23
26.1902 2.71037e-23
26.2506 2.68988e-23
26.3112 2.66959e-23
26.3718 2.6495e-23
26.4326 2.6296e-23
26.4936 2.60991e-23
26.5547 2.59041e-23
26.6159 2.57109e-23
26.6773 2.55198e-23
26.7388 2.53304e-23
26.8005 2.5143e-23
26.8623 2.49574e-23
26.9242 2.47736e-23
26.9863 2.45917e-23
27.0486 2.44116e-23
27.1109 2.42332e-23
27.1734 2.40566e-23
27.2361 2.38817e-23
27.2989 2.37086e-23
27.3619 2.35372e-23
27.425 2.33675e-23
27.4882 2.31995e-23
27.5516 2.30331e-23
27.6151 2.28684e-23
27.6788 2.27053e-23
27.7426 2.25439e-23
27.8066 2.2384e-23
27.8707 2.22257e-23
27.935 2.2069e-23
27.9994 2.19139e-23
28.064 2.17603e-23
28.1287 2.16082e-23
28.1936 2.14577e-23
28.2586 2.13086e-23
28.3237 2.1161e-23
28.3891 2.10149e-23
28.4545 2.08703e-23
28.5201 2.07271e-23
28.5859 2.05853e-23
28.6518 2.0445e-23
28.7179 2.0306e-23
28.7841 2.01685e-23
28.8505 2.00323e-23
28.917 1.98975e-23
28.9837 1.9764e-23
29.0506 1.96318e-23
29.1175 1.9501e-23
29.1847 1.93715e-23
29.252 1.92433e-23
29.3194 1.91164e-23
29.3871 1.89907e-23
29.4548 1.88663e-23
29.5227 1.87432e-23
29.5908 1.86213e-23
29.6591 1.85006e-23
29.7275 1.83812e-23
29.796 1.82629e-23
29.8647 1.81458e-23
29.9336 1.803e-23
30.0026 1.79152e-23
30.0718 1.78017e-23
30.1411 1.76892e-23
30.2106 1.7578e-23
30.2803 1.74678e-23
30.3501 1.73587e-23
30.4201 1.72508e-23
30.4903 1.71439e-23
30.5606 1.70381e-23
30.6311 1.69334e-23
30.7017 1.68298e-23
30.7725 1.67272e-23
30.8435 1.66256e-23
30.9146 1.65251e-23
30.9859 1.64255e-23
31.0573 1.6327e-23
31.1289 1.62295e-23
31.2007 1.6133e-23
31.2727 1.60375e-23
31.3448 1.59429e-23
31.4171 1.58493e-23
31.4895 1.57566e-23
31.5621 1.56649e-23
31.6349 1.55741e-23
31.7079 1.54842e-23
31.781 1.53953e-23
31.8543 1.53072e-23
31.9277 1.522e-23
32.0014 1.51338e-23
32.0752 1.50484e-23
32.1491 1.49639e-23
32.2233 1.48802e-23
32.2976 1.47974e-23
32.372 1.47154e-23
32.4467 1.46343e-23
32.5215 1.4554e-23
32.5965 1.44745e-23
32.6717 1.43958e-23
32.747 1.43179e-23
32.8225 1.42409e-23
32.8982 1.41646e-23
32.9741 1.4089e-23
33.0501 1.40143e-23
33.1263 1.39403e-23
33.2027 1.38671e-23
33.2793 1.37946e-23
33.356 1.37228e-23
33.433 1.36518e-23
33.51 1.35815e-23
33.5873 1.3512e-23
33.6648 1.34431e-23
33.7424 1.33749e-23
33.8202 1.33075e-23
33.8982 1.32407e-23
33.9764 1.31746e-23
34.0547 1.31092e-23
34.1333 1.30444e-23
34.212 1.29803e-23
34.2909 1.29168e-23
34.3699 1.2854e-23
34.4492 1.27919e-23
34.5286 1.27304e-23
34.6083 1.26695e-23
34.6881 1.26092e-23
34.7681 1.25495e-23
34.8482 1.24904e-23
34.9286 1.2432e-23
35.0091 1.23741e-23
35.0899 1.23168e-23
35.1708 1.22601e-23
35.2519 1.2204e-23
35.3332 1.21485e-23
35.4147 1.20935e-23
35.4963 1.20391e-23
35.5782 1.19852e-23
35.6602 1.19319e-23
35.7425 1.18791e-23
35.8249 1.18268e-23
35.9075 1.17751e-23
35.9903 1.17239e-23
36.0733 1.16732e-23
36.1565 1.1623e-23
36.2398 1.15733e-23
36.3234 1.15242e-23
36.4072 1.14755e-23
36.4911 1.14273e-23
36.5753 1.13796e-23
36.6596 1.13324e-23
36.7442 1.12857e-23
36.8289 1.12394e-23
36.9138 1.11936e-23
36.999 1.11482e-23
37.0843 1.11033e-23
37.1698 1.10589e-23
37.2555 1.10149e-23
37.3414 1.09713e-23
37.4275 1.09282e-23
37.5138 1.08855e-23
37.6003 1.08432e-23
37.687 1.08014e-23
37.7739 1.076e-23
37.8611 1.07189e-23
37.9484 1.06783e-23
38.0359 1.06381e-23
38.1236 1.05983e-23
38.2115 1.05589e-23
38.2996 1.05198e-23
38.3879 1.04812e-23
38.4765 1.04429e-23
38.5652 1.0405e-23
38.6541 1.03675e-23
38.7433 1.03304e-23
38.8326 1.02936e-23
38.9221 1.02572e-23
39.0119 1.02211e-23
39.1019 1.01854e-23
39.192 1.015e-23
39.2824 1.0115e-23
39.373 1.00803e-23
39.4638 1.0046e-23
39.5548 1.0012e-23
39.646 9.97827e-24
39.7374 9.94491e-24
39.8291 9.91188e-24
39.9209 9.87916e-24
40.013 9.84676e-24
40.1052 9.81467e-24
40.1977 9.78288e-24
40.2904 9.7514e-24
40.3833 9.72022e-24
40.4764 9.68934e-24
40.5698 9.65875e-24
40.6633 9.62845e-24
40.7571 9.59844e-24
40.8511 9.56872e-24
40.9453 9.53927e-24
41.0397 9.5101e-24
41.1344 9.48121e-24
41.2292 9.45259e-24
41.3243 9.42423e-24
41.4196 9.39615e-24
41.5151 9.36832e-24
41.6108 9.34075e-24
41.7068 9.31344e-24
41.803 9.28639e-24
41.8994 9.25958e-24
41.996 9.23302e-24
42.0928 9.20671e-24
42.1899 9.18063e-24
42.2872 9.1548e-24
42.3847 9.1292e-24
42.4824 9.10384e-24
42.5804 9.07871e-24
42.6786 9.05381e-24
42.777 9.02913e-24
42.8757 9.00468e-24
42.9745 8.98044e-24
43.0736 8.95643e-24
43.173 8.93263e-24
43.2725 8.90905e-24
43.3723 8.88567e-24
43.4723 8.86251e-24
43.5726 8.83955e-24
43.673 8.81679e-24
43.7737 8.79423e-24
43.8747 8.77188e-24
43.9759 8.74972e-24
44.0773 8.72775e-24
44.1789 8.70598e-24
44.2808 8.6844e-24
44.3829 8.66301e-24
44.4853 8.6418e-24
44.5878 8.62077e-24
44.6907 8.59993e-24
44.7937 8.57927e-24
44.897 8.55878e-24
45.0005 8.53847e-24
45.1043 8.51833e-24
45.2083 8.49837e-24
45.3126 8.47857e-24
45.4171 8.45894e-24
45.5218 8.43948e-24
45.6268 8.42018e-24
45.732 8.40105e-24
45.8374 8.38207e-24
45.9431 8.36325e-24
46.0491 8.34459e-24
46.1553 8.32608e-24
46.2617 8.30773e-24
46.3684 8.28952e-24
46.4753 8.27147e-24
46.5825 8.25356e-24
46.6899 8.2358e-24
46.7976 8.21819e-24
46.9055 8.20071e-24
47.0137 8.18338e-24
47.1221 8.16619e-24
47.2307 8.14914e-24
47.3397 8.13222e-24
47.4488 8.11544e-24
47.5582 8.09879e-24
47.6679 8.08227e-24
47.7778 8.06588e-24
47.888 8.04963e-24
47.9984 8.0335e-24
48.1091 8.01749e-24
48.2201 8.00161e-24
48.3313 7.98586e-24
48.4427 7.97022e-24
48.5544 7.95471e-24
48.6664 7.93931e-24
48.7786 7.92404e-24
48.8911 7.90888e-24
49.0038 7.89383e-24
49.1168 7.8789e-24
49.2301 7.86409e-24
49.3436 7.84938e-24
49.4574 7.83478e-24
49.5715 7.8203e-24
49.6858 7.80592e-24
49.8004 7.79164e-24
49.9152 7.77748e-24
50.0303 7.76341e-24
50.1457 7.74945e-24
50.2613 7.7356e-24
50.3772 7.72184e-24
50.4934 7.70818e-24
50.6098 7.69462e-24
50.7265 7.68116e-24
50.8435 7.6678e-24
50.9607 7.65453e-24
51.0783 7.64136e-24
51.196 7.62827e-24
51.3141 7.61529e-24
51.4324 7.60239e-24
51.551 7.58958e-24
51.6699 7.57687e-24
51.7891 7.56424e-24
51.9085 7.5517e-24
52.0282 7.53924e-24
52.1482 7.52687e-24
52.2684 7.51459e-24
52.389 7.50239e-24
52.5098 7.49027e-24
52.6309 7.47824e-24
52.7522 7.46629e-24
52.8739 7.45441e-24
52.9958 7.44262e-24
53.118 7.4309e-24
53.2405 7.41927e-24
53.3633 7.40771e-24
53.4863 7.39622e-24
53.6097 7.38481e-24
53.7333 7.37348e-24
53.8572 7.36222e-24
53.9814 7.35103e-24
54.1059 7.33992e-24
54.2306 7.32888e-24
54.3557 7.3179e-24
54.481 7.307e-24
54.6067 7.29617e-24
54.7326 7.2854e-24
54.8588 7.27471e-24
54.9853 7.26408e-24
55.1121 7.25352e-24
55.2392 7.24302e-24
55.3666 7.23259e-24
55.4943 7.22222e-24
55.6222 7.21192e-24
55.7505 7.20168e-24
55.8791 7.1915e-24
56.0079 7.18138e-24
56.1371 7.17133e-24
56.2665 7.16134e-24
56.3963 7.1514e-24
56.5263 7.14153e-24
56.6567 7.13172e-24
56.7873 7.12196e-24
56.9183 7.11226e-24
57.0495 7.10262e-24
57.1811 7.09303e-24
57.3129 7.0835e-24
57.4451 7.07403e-24
57.5776 7.06461e-24
57.7104 7.05525e-24
57.8434 7.04594e-24
57.9768 7.03668e-24
58.1105 7.02748e-24
58.2445 7.01832e-24
58.3788 7.00922e-24
58.5135 7.00018e-24
58.6484 6.99118e-24
58.7836 6.98223e-24
58.9192 6.97333e-24
59.0551 6.96448e-24
59.1912 6.95568e-24
59.3277 6.94693e-24
59.4645 6.93823e-24
59.6017 6.92957e-24
59.7391 6.92097e-24
59.8769 6.9124e-24
60.0149 6.90389e-24
60.1533 6.89542e-24
60.2921 6.88699e-24
60.4311 6.87861e-24
60.5704 6.87028e-24
60.7101 6.86199e-24
60.8501 6.85374e-24
60.9904 6.84553e-24
61.1311 6.83737e-24
61.2721 6.82925e-24
61.4133 6.82118e-24
61.555 6.81314e-24
61.6969 6.80515e-24
61.8392 6.79719e-24
61.9818 6.78928e-24
62.1247 6.78141e-24
62.268 6.77357e-24
62.4116 6.76578e-24
62.5555 6.75803e-24
62.6997 6.75031e-24
62.8443 6.74263e-24
62.9892 6.735e-24
63.1345 6.72739e-24
63.2801 6.71983e-24
63.426 6.7123e-24
63.5723 6.70481e-24
63.7189 6.69736e-24
63.8658 6.68994e-24
64.0131 6.68256e-24
64.1607 6.67521e-24
64.3087 6.6679e-24
64.457 6.66063e-24
64.6056 6.65339e-24
64.7546 6.64618e-24
64.9039 6.63901e-24
65.0536 6.63187e-24
65.2036 6.62476e-24
65.3539 6.61769e-24
65.5046 6.61065e-24
65.6557 6.60364e-24
65.8071 6.59666e-24
65.9589 6.58972e-24
66.111 6.58281e-24
66.2634 6.57593e-24
66.4162 6.56908e-24
66.5694 6.56226e-24
66.7229 6.55547e-24
66.8767 6.54871e-24
67.031 6.54199e-24
67.1855 6.53529e-24
67.3405 6.52862e-24
67.4958 6.52199e-24
67.6514 6.51538e-24
67.8074 6.5088e-24
67.9638 6.50225e-24
68.1205 6.49572e-24
68.2776 6.48923e-24
68.435 6.48277e-24
68.5928 6.47633e-24
68.751 6.46992e-24
68.9096 6.46353e-24
69.0685 6.45718e-24
69.2277 6.45085e-24
69.3874 6.44455e-24
69.5474 6.43827e-24
69.7078 6.43202e-24
69.8685 6.4258e-24
70.0296 6.4196e-24
70.1911 6.41343e-24
70.353 6.40728e-24
70.5152 6.40116e-24
70.6778 6.39507e-24
70.8408 6.389e-24
71.0042 6.38295e-24
71.1679 6.37693e-24
71.332 6.37093e-24
71.4965 6.36496e-24
71.6614 6.35901e-24
71.8266 6.35309e-24
71.9923 6.34719e-24
72.1583 6.34131e-24
72.3247 6.33546e-24
72.4914 6.32963e-24
72.6586 6.32382e-24
72.8262 6.31803e-24
72.9941 6.31227e-24
73.1624 6.30653e-24
73.3311 6.30081e-24
73.5002 6.29512e-24
73.6697 6.28944e-24
73.8396 6.28379e-24
74.0099 6.27816e-24
74.1806 6.27255e-24
74.3516 6.26697e-24
74.5231 6.2614e-24
74.6949 6.25586e-24
74.8672 6.25033e-24
75.0398 6.24483e-24
75.2129 6.23935e-24
75.3863 6.23388e-24
75.5601 6.22844e-24
75.7344 6.22302e-24
75.909 6.21762e-24
76.0841 6.21224e-24
76.2595 6.20688e-24
76.4354 6.20153e-24
76.6116 6.19621e-24
76.7883 6.19091e-24
76.9654 6.18562e-24
77.1429 6.18036e-24
77.3208 6.17511e-24
77.4991 6.16989e-24
77.6778 6.16468e-24
77.8569 6.15949e-24
78.0364 6.15432e-24
78.2164 6.14917e-24
78.3968 6.14403e-24
78.5775 6.13892e-24
78.7587 6.13382e-24
78.9404 6.12874e-24
79.1224 6.12367e-24
79.3049 6.11863e-24
79.4877 6.1136e-24
79.671 6.10859e-24
79.8548 6.1036e-24
80.0389 6.09863e-24
80.2235 6.09367e-24
80.4085 6.08873e-24
80.5939 6.0838e-24
80.7797 6.07889e-24
80.966 6.074e-24
81.1527 6.06913e-24
81.3399 6.06427e-24
81.5274 6.05943e-24
81.7154 6.05461e-24
81.9039 6.0498e-24
82.0927 6.045e-24
82.282 6.04023e-24
82.4718 6.03547e-24
82.662 6.03072e-24
82.8526 6.02599e-24
83.0437 6.02128e-24
83.2352 6.01658e-24
83.4271 6.0119e-24
83.6195 6.00723e-24
83.8123 6.00258e-24
84.0056 5.99794e-24
84.1993 5.99332e-24
84.3935 5.98871e-24
84.5881 5.98412e-24
84.7831 5.97954e-24
84.9786 5.97498e-24
85.1746 5.97043e-24
85.371 5.9659e-24
85.5679 5.96138e-24
85.7652 5.95687e-24
85.963 5.95238e-24
86.1612 5.9479e-24
86.3599 5.94344e-24
86.559 5.93899e-24
86.7586 5.93456e-24
86.9587 5.93014e-24
87.1592 5.92573e-24
87.3602 5.92134e-24
87.5617 5.91696e-24
87.7636 5.9126e-24
87.966 5.90824e-24
88.1688 5.90391e-24
88.3722 5.89958e-24
88.5759 5.89527e-24
88.7802 5.89097e-24
88.9849 5.88668e-24
89.1901 5.88241e-24
89.3958 5.87815e-24
89.6019 5.87391e-24
89.8086 5.86967e-24
90.0157 5.86545e-24
90.2232 5.86124e-24
90.4313 5.85705e-24
90.6398 5.85287e-24
90.8489 5.8487e-24
91.0583 5.84454e-24
91.2683 5.84039e-24
91.4788 5.83626e-24
91.6897 5.83214e-24
91.9012 5.82803e-24
92.1131 5.82393e-24
92.3255 5.81985e-24
92.5384 5.81578e-24
92.7518 5.81172e-24
92.9657 5.80767e-24
93.1801 5.80363e-24
93.395 5.79961e-24
93.6103 5.79559e-24
93.8262 5.79159e-24
94.0426 5.7876e-24
94.2594 5.78363e-24
94.4768 5.77966e-24
94.6946 5.7757e-24
94.913 5.77176e-24
95.1319 5.76783e-24
95.3513 5.76391e-24
95.5711 5.76e-24
95.7915 5.7561e-24
96.0124 5.75221e-24
96.2338 5.74833e-24
96.4557 5.74447e-24
96.6782 5.74061e-24
96.9011 5.73677e-24
97.1246 5.73294e-24
97.3485 5.72912e-24
97.573 5.72531e-24
97.798 5.72151e-24
98.0236 5.71772e-24
98.2496 5.71394e-24
98.4762 5.71017e-24
98.7032 5.70641e-24
98.9309 5.70266e-24
99.159 5.69893e-24
99.3877 5.6952e-24
99.6168 5.69148e-24
99.8466 5.68778e-24
100.077 5.68408e-24
100.308 5.6804e-24
100.539 5.67672e-24
100.771 5.67306e-24
101.003 5.6694e-24
101.236 5.66576e-24
101.469 5.66212e-24
101.703 5.6585e-24
101.938 5.65488e-24
102.173 5.65128e-24
102.409 5.64768e-24
102.645 5.6441e-24
102.882 5.64052e-24
103.119 5.63695e-24
103.357 5.6334e-24
103.595 5.62985e-24
103.834 5.62631e-24
104.073 5.62278e-24
104.313 5.61927e-24
104.554 5.61576e-24
104.795 5.61226e-24
105.037 5.60877e-24
105.279 5.60529e-24
105.522 5.60182e-24
105.765 5.59835e-24
106.009 5.5949e-24
106.253 5.59146e-24
106.498 5.58802e-24
106.744 5.5846e-24
106.99 5.58118e-24
107.237 5.57777e-24
107.484 5.57438e-24
107.732 5.57099e-24
107.98 5.56761e-24
108.229 5.56424e-24
108.479 5.56087e-24
108.729 5.55752e-24
108.98 5.55418e-24
109.231 5.55084e-24
109.483 5.54751e-24
109.735 5.54419e-24
109.988 5.54088e-24
110.242 5.53758e-24
110.496 5.53429e-24
110.751 5.53101e-24
111.007 5.52773e-24
111.262 5.52447e-24
111.519 5.52121e-24
111.776 5.51796e-24
112.034 5.51472e-24
112.292 5.51148e-24
112.551 5.50826e-24
112.811 5.50504e-24
113.071 5.50184e-24
113.332 5.49864e-24
113.593 5.49545e-24
113.855 5.49226e-24
114.118 5.48909e-24
114.381 5.48592e-24
114.644 5.48276e-24
114.909 5.47961e-24
115.174 5.47647e-24
115.439 5.47334e-24
115.706 5.47021e-24
115.972 5.46709e-24
116.24 5.46398e-24
116.508 5.46088e-24
116.777 5.45779e-24
117.046 5.4547e-24
117.316 5.45162e-24
117.586 5.44855e-24
117.857 5.44549e-24
118.129 5.44244e-24
118.402 5.43939e-24
118.675 5.43635e-24
118.948 5.43332e-24
119.223 5.4303e-24
119.498 5.42728e-24
119.773 5.42427e-24
120.049 5.42127e-24
120.326 5.41828e-24
120.604 5.41529e-24
120.882 5.41232e-24
121.161 5.40935e-24
121.44 5.40638e-24
121.72 5.40343e-24
122.001 5.40048e-24
122.282 5.39754e-24
122.564 5.39461e-24
122.847 5.39168e-24
123.13 5.38877e-24
123.414 5.38585e-24
123.698 5.38295e-24
123.984 5.38006e-24
124.27 5.37717e-24
124.556 5.37429e-24
124.843 5.37141e-24
125.131 5.36855e-24
125.42 5.36569e-24
125.709 5.36283e-24
125.999 5.35999e-24
126.289 5.35715e-24
126.581 5.35432e-24
126.873 5.3515e-24
127.165 5.34868e-24
127.458 5.34587e-24
127.752 5.34307e-24
128.047 5.34028e-24
128.342 5.33749e-24
128.638 5.33471e-24
128.935 5.33193e-24
129.232 5.32917e-24
129.53 5.32641e-24
129.829 5.32365e-24
130.128 5.32091e-24
130.428 5.31817e-24
130.729 5.31544e-24
131.031 5.31271e-24
131.333 5.30999e-24
131.636 5.30728e-24
131.939 5.30458e-24
132.243 5.30188e-24
132.548 5.29919e-24
132.854 5.2965e-24
133.16 5.29382e-24
133.467 5.29115e-24
133.775 5.28849e-24
134.084 5.28583e-24
134.393 5.28318e-24
134.703 5.28054e-24
135.013 5.2779e-24
135.325 5.27527e-24
135.637 5.27265e-24
135.95 5.27003e-24
136.263 5.26742e-24
136.577 5.26481e-24
136.892 5.26222e-24
137.208 5.25962e-24
137.524 5.25704e-24
137.841 5.25446e-24
138.159 5.25189e-24
138.478 5.24933e-24
138.797 5.24677e-24
139.117 5.24421e-24
139.438 5.24167e-24
139.76 5.23913e-24
140.082 5.2366e-24
140.405 5.23407e-24
140.729 5.23155e-24
141.053 5.22904e-24
141.379 5.22653e-24
141.705 5.22403e-24
142.031 5.22154e-24
142.359 5.21905e-24
142.687 5.21657e-24
143.016 5.21409e-24
143.346 5.21162e-24
143.677 5.20916e-24
144.008 5.2067e-24
144.34 5.20425e-24
144.673 5.20181e-24
145.006 5.19937e-24
145.341 5.19694e-24
145.676 5.19452e-24
146.012 5.1921e-24
146.349 5.18969e-24
146.686 5.18728e-24
147.024 5.18488e-24
147.363 5.18248e-24
147.703 5.1801e-24
148.044 5.17771e-24
148.385 5.17534e-24
148.727 5.17297e-24
149.07 5.17061e-24
149.414 5.16825e-24
149.759 5.1659e-24
150.104 5.16355e-24
150.45 5.16121e-24
150.797 5.15888e-24
151.145 5.15655e-24
151.493 5.15423e-24
151.843 5.15192e-24
152.193 5.14961e-24
152.544 5.14731e-24
152.896 5.14501e-24
153.248 5.14272e-24
153.601 5.14043e-24
153.956 5.13815e-24
154.311 5.13588e-24
154.667 5.13361e-24
155.023 5.13135e-24
155.381 5.1291e-24
155.739 5.12685e-24
156.098 5.1246e-24
156.458 5.12237e-24
156.819 5.12014e-24
157.181 5.11791e-24
157.543 5.11569e-24
157.906 5.11348e-24
158.27 5.11127e-24
158.635 5.10907e-24
159.001 5.10687e-24
159.368 5.10468e-24
159.735 5.10249e-24
160.104 5.10032e-24
160.473 5.09814e-24
160.843 5.09598e-24
161.214 5.09381e-24
161.586 5.09166e-24
161.958 5.08951e-24
162.332 5.08736e-24
162.706 5.08523e-24
163.081 5.08309e-24
163.457 5.08097e-24
163.834 5.07885e-24
164.212 5.07673e-24
164.591 5.07462e-24
164.97 5.07252e-24
165.351 5.07042e-24
165.732 5.06833e-24
166.114 5.06624e-24
166.497 5.06416e-24
166.881 5.06208e-24
167.266 5.06001e-24
167.652 5.05795e-24
168.038 5.05589e-24
168.426 5.05384e-24
168.814 5.05179e-24
169.204 5.04975e-24
169.594 5.04772e-24
169.985 5.04569e-24
170.377 5.04366e-24
170.77 5.04164e-24
171.163 5.03963e-24
171.558 5.03762e-24
171.954 5.03562e-24
172.35 5.03362e-24
172.748 5.03163e-24
173.146 5.02965e-24
173.545 5.02767e-24
173.946 5.0257e-24
174.347 5.02373e-24
174.749 5.02176e-24
175.152 5.01981e-24
175.556 5.01786e-24
175.96 5.01591e-24
176.366 5.01397e-24
176.773 5.01203e-24
177.181 5.0101e-24
177.589 5.00818e-24
177.999 5.00626e-24
178.409 5.00435e-24
178.821 5.00244e-24
179.233 5.00054e-24
179.646 4.99864e-24
180.061 4.99675e-24
180.476 4.99487e-24
180.892 4.99299e-24
181.309 4.99112e-24
181.727 4.98925e-24
182.146 4.98738e-24
182.566 4.98553e-24
182.987 4.98367e-24
183.409 4.98183e-24
183.832 4.97999e-24
184.256 4.97815e-24
184.681 4.97632e-24
185.107 4.97449e-24
185.534 4.97268e-24
185.962 4.97086e-24
186.39 4.96905e-24
186.82 4.96725e-24
187.251 4.96545e-24
187.683 4.96366e-24
188.116 4.96187e-24
188.549 4.96009e-24
188.984 4.95832e-24
189.42 4.95655e-24
189.857 4.95478e-24
190.295 4.95302e-24
190.733 4.95127e-24
191.173 4.94952e-24
191.614 4.94778e-24
192.056 4.94604e-24
192.499 4.94431e-24
192.943 4.94258e-24
193.388 4.94086e-24
193.834 4.93914e-24
194.281 4.93743e-24
194.729 4.93573e-24
195.178 4.93403e-24
195.628 4.93233e-24
196.079 4.93064e-24
196.531 4.92896e-24
196.984 4.92728e-24
197.438 4.92561e-24
197.894 4.92394e-24
198.35 4.92228e-24
198.808 4.92062e-24
199.266 4.91897e-24
199.725 4.91732e-24
200.186 4.91568e-24
200.648 4.91405e-24
201.11 4.91242e-24
201.574 4.91079e-24
202.039 4.90917e-24
202.505 4.90756e-24
202.972 4.90595e-24
203.44 4.90435e-24
203.909 4.90275e-24
204.379 4.90116e-24
204.851 4.89957e-24
205.323 4.89799e-24
205.796 4.89642e-24
206.271 4.89485e-24
206.747 4.89328e-24
207.223 4.89172e-24
207.701 4.89017e-24
208.18 4.88862e-24
208.66 4.88707e-24
209.141 4.88554e-24
209.624 4.884e-24
210.107 4.88247e-24
210.592 4.88095e-24
211.077 4.87944e-24
211.564 4.87792e-24
212.052 4.87642e-24
212.541 4.87492e-24
213.031 4.87342e-24
213.522 4.87193e-24
214.015 4.87045e-24
214.508 4.86897e-24
215.003 4.86749e-24
215.499 4.86603e-24
215.996 4.86456e-24
216.494 4.86311e-24
216.993 4.86165e-24
217.493 4.86021e-24
217.995 4.85876e-24
218.498 4.85733e-24
219.001 4.8559e-24
219.506 4.85447e-24
220.013 4.85305e-24
220.52 4.85164e-24
221.028 4.85023e-24
221.538 4.84882e-24
222.049 4.84743e-24
222.561 4.84603e-24
223.074 4.84464e-24
223.589 4.84326e-24
224.104 4.84189e-24
224.621 4.84051e-24
225.139 4.83915e-24
225.658 4.83779e-24
226.179 4.83643e-24
226.7 4.83508e-24
227.223 4.83374e-24
227.747 4.8324e-24
228.272 4.83106e-24
228.798 4.82974e-24
229.326 4.82841e-24
229.855 4.8271e-24
230.385 4.82578e-24
230.916 4.82448e-24
231.449 4.82318e-24
231.982 4.82188e-24
232.517 4.82059e-24
233.054 4.8193e-24
233.591 4.81802e-24
234.13 4.81675e-24
234.67 4.81548e-24
235.211 4.81422e-24
235.753 4.81296e-24
236.297 4.81171e-24
236.842 4.81046e-24
237.388 4.80922e-24
237.935 4.80798e-24
238.484 4.80675e-24
239.034 4.80553e-24
239.585 4.80431e-24
240.138 4.8031e-24
240.691 4.80189e-24
241.246 4.80068e-24
241.803 4.79949e-24
242.36 4.79829e-24
242.919 4.79711e-24
243.479 4.79593e-24
244.041 4.79475e-24
244.604 4.79358e-24
245.168 4.79242e-24
245.733 4.79126e-24
246.3 4.7901e-24
246.868 4.78895e-24
247.437 4.78781e-24
248.007 4.78667e-24
248.579 4.78554e-24
249.153 4.78442e-24
249.727 4.7833e-24
250.303 4.78218e-24
250.88 4.78107e-24
251.459 4.77997e-24
252.039 4.77887e-24
252.62 4.77778e-24
253.202 4.77669e-24
253.786 4.77561e-24
254.372 4.77453e-24
254.958 4.77346e-24
255.546 4.7724e-24
256.135 4.77134e-24
256.726 4.77028e-24
257.318 4.76924e-24
257.911 4.76819e-24
258.506 4.76716e-24
259.102 4.76612e-24
259.7 4.7651e-24
260.299 4.76408e-24
260.899 4.76306e-24
261.5 4.76206e-24
262.103 4.76105e-24
262.708 4.76006e-24
263.314 4.75906e-24
263.921 4.75808e-24
264.53 4.7571e-24
265.14 4.75612e-24
265.751 4.75515e-24
266.364 4.75419e-24
266.978 4.75323e-24
267.594 4.75228e-24
268.211 4.75133e-24
268.829 4.75039e-24
269.449 4.74946e-24
270.071 4.74853e-24
270.693 4.74761e-24
271.318 4.74669e-24
271.943 4.74578e-24
272.57 4.74487e-24
273.199 4.74397e-24
273.829 4.74307e-24
274.46 4.74218e-24
275.093 4.7413e-24
275.728 4.74042e-24
276.363 4.73955e-24
277.001 4.73869e-24
277.639 4.73783e-24
278.28 4.73697e-24
278.921 4.73612e-24
279.565 4.73528e-24
280.209 4.73445e-24
280.855 4.73361e-24
281.503 4.73279e-24
282.152 4.73197e-24
282.803 4.73116e-24
283.455 4.73035e-24
284.109 4.72955e-24
284.764 4.72875e-24
285.421 4.72796e-24
286.079 4.72718e-24
286.738 4.7264e-24
287.4 4.72563e-24
288.062 4.72486e-24
288.727 4.7241e-24
289.392 4.72335e-24
290.06 4.7226e-24
290.729 4.72186e-24
291.399 4.72112e-24
292.071 4.72039e-24
292.745 4.71967e-24
293.42 4.71895e-24
294.096 4.71824e-24
294.774 4.71753e-24
295.454 4.71683e-24
296.136 4.71614e-24
296.818 4.71545e-24
297.503 4.71477e-24
298.189 4.71409e-24
298.877 4.71342e-24
299.566 4.71276e-24
300.257 4.7121e-24
300.949 4.71145e-24
301.643 4.7108e-24
302.339 4.71016e-24
303.036 4.70953e-24
303.735 4.7089e-24
304.435 4.70828e-24
305.137 4.70767e-24
305.841 4.70706e-24
306.546 4.70646e-24
307.253 4.70586e-24
307.961 4.70527e-24
308.671 4.70469e-24
309.383 4.70411e-24
310.097 4.70354e-24
310.812 4.70297e-24
311.529 4.70241e-24
312.247 4.70186e-24
312.967 4.70132e-24
313.689 4.70078e-24
314.412 4.70024e-24
315.137 4.69971e-24
315.864 4.69919e-24
316.592 4.69868e-24
317.322 4.69817e-24
318.054 4.69767e-24
318.787 4.69717e-24
319.523 4.69668e-24
320.259 4.6962e-24
320.998 4.69573e-24
321.738 4.69526e-24
322.48 4.69479e-24
323.224 4.69434e-24
323.969 4.69388e-24
324.716 4.69344e-24
325.465 4.693e-24
326.215 4.69257e-24
326.968 4.69215e-24
327.722 4.69173e-24
328.477 4.69132e-24
329.235 4.69091e-24
329.994 4.69051e-24
330.755 4.69012e-24
331.518 4.68974e-24
332.282 4.68936e-24
333.049 4.68899e-24
333.817 4.68862e-24
334.586 4.68826e-24
335.358 4.68791e-24
336.131 4.68756e-24
336.906 4.68723e-24
337.683 4.68689e-24
338.462 4.68657e-24
339.242 4.68625e-24
340.025 4.68594e-24
340.809 4.68563e-24
341.595 4.68533e-24
342.382 4.68504e-24
343.172 4.68476e-24
343.963 4.68448e-24
344.757 4.68421e-24
345.552 4.68394e-24
346.348 4.68369e-24
347.147 4.68343e-24
347.948 4.68319e-24
348.75 4.68295e-24
349.554 4.68272e-24
350.36 4.6825e-24
351.168 4.68228e-24
351.978 4.68207e-24
352.79 4.68187e-24
353.603 4.68168e-24
354.419 4.68149e-24
355.236 4.68131e-24
356.055 4.68113e-24
356.876 4.68097e-24
357.699 4.68081e-24
358.524 4.68065e-24
359.351 4.68051e-24
360.179 4.68037e-24
361.01 4.68024e-24
361.842 4.68011e-24
362.677 4.67999e-24
363.513 4.67988e-24
364.351 4.67978e-24
365.192 4.67968e-24
366.034 4.6796e-24
366.878 4.67951e-24
367.724 4.67944e-24
368.572 4.67937e-24
369.422 4.67931e-24
370.274 4.67926e-24
371.128 4.67922e-24
371.983 4.67918e-24
372.841 4.67915e-24
373.701 4.67913e-24
374.563 4.67911e-24
375.426 4.6791e-24
376.292 4.6791e-24
377.16 4.67911e-24
378.03 4.67912e-24
378.901 4.67915e-24
379.775 4.67918e-24
380.651 4.67921e-24
381.529 4.67926e-24
382.408 4.67931e-24
383.29 4.67937e-24
384.174 4.67944e-24
385.06 4.67951e-24
385.948 4.6796e-24
386.838 4.67969e-24
387.73 4.67978e-24
388.624 4.67989e-24
389.52 4.68001e-24
390.419 4.68013e-24
391.319 4.68026e-24
392.221 4.68039e-24
393.126 4.68054e-24
394.032 4.68069e-24
394.941 4.68086e-24
395.852 4.68102e-24
396.765 4.6812e-24
397.679 4.68139e-24
398.597 4.68158e-24
399.516 4.68178e-24
400.437 4.68199e-24
401.36 4.68221e-24
402.286 4.68244e-24
403.214 4.68268e-24
404.143 4.68292e-24
405.075 4.68317e-24
406.009 4.68343e-24
406.946 4.6837e-24
407.884 4.68398e-24
408.825 4.68427e-24
409.767 4.68457e-24
410.712 4.68487e-24
411.66 4.68519e-24
412.609 4.68552e-24
413.56 4.68585e-24
414.514 4.6862e-24
415.47 4.68656e-24
416.428 4.68693e-24
417.388 4.68731e-24
418.351 4.6877e-24
419.315 4.68811e-24
420.282 4.68853e-24
421.252 4.68897e-24
422.223 4.68942e-24
423.197 4.6899e-24
424.173 4.6904e-24
425.151 4.69094e-24
426.131 4.69151e-24
427.114 4.69213e-24
428.099 4.69281e-24
429.086 4.69359e-24
430.075 4.6945e-24
431.067 4.69563e-24
432.061 4.69711e-24
433.057 4.69925e-24
434.056 4.70278e-24
435.057 4.70981e-24
436.06 4.72887e-24
437.066 4.8288e-24
438.074 1.05735e-22
439.084 4.82147e-24
440.096 4.72876e-24
441.111 4.71176e-24
442.129 4.70618e-24
443.148 4.70392e-24
444.17 4.70297e-24
445.194 4.70264e-24
446.221 4.70265e-24
447.25 4.70285e-24
448.281 4.70318e-24
449.315 4.7036e-24
450.351 4.70407e-24
451.39 4.7046e-24
452.43 4.70515e-24
453.474 4.70574e-24
454.519 4.70635e-24
455.568 4.70698e-24
456.618 4.70763e-24
457.671 4.70829e-24
458.727 4.70897e-24
459.784 4.70966e-24
460.845 4.71037e-24
461.907 4.71108e-24
462.972 4.71181e-24
464.04 4.71255e-24
465.11 4.71331e-24
466.183 4.71407e-24
467.258 4.71484e-24
468.335 4.71563e-24
469.415 4.71642e-24
470.498 4.71723e-24
471.583 4.71804e-24
472.67 4.71887e-24
473.76 4.71971e-24
474.853 4.72055e-24
475.948 4.72141e-24
477.045 4.72227e-24
478.145 4.72315e-24
479.248 4.72404e-24
480.353 4.72493e-24
481.461 4.72584e-24
482.571 4.72676e-24
483.684 4.72768e-24
484.799 4.72862e-24
485.917 4.72957e-24
487.038 4.73052e-24
488.161 4.73149e-24
489.286 4.73247e-24
490.415 4.73345e-24
491.546 4.73445e-24
492.679 4.73546e-24
493.815 4.73648e-24
494.954 4.7375e-24
496.095 4.73854e-24
497.239 4.73959e-24
498.386 4.74065e-24
499.535 4.74172e-24
500.687 4.7428e-24
501.842 4.74389e-24
502.999 4.74499e-24
504.159 4.7461e-24
505.322 4.74722e-24
506.487 4.74835e-24
507.655 4.74949e-24
508.825 4.75064e-24
509.999 4.75181e-24
511.175 4.75298e-24
512.354 4.75416e-24
513.535 4.75536e-24
514.719 4.75656e-24
515.906 4.75778e-24
517.096 4.759e-24
518.288 4.76024e-24
519.484 4.76149e-24
520.682 4.76275e-24
521.882 4.76402e-24
523.086 4.7653e-24
524.292 4.76659e-24
525.501 4.76789e-24
526.713 4.76921e-24
527.927 4.77053e-24
529.145 4.77186e-24
530.365 4.77321e-24
531.588 4.77457e-24
532.814 4.77594e-24
534.043 4.77732e-24
535.274 4.77871e-24
536.508 4.78011e-24
537.746 4.78152e-24
538.986 4.78295e-24
540.229 4.78438e-24
541.474 4.78583e-24
542.723 4.78729e-24
543.974 4.78876e-24
545.229 4.79024e-24
546.486 4.79173e-24
547.746 4.79323e-24
549.01 4.79475e-24
550.276 4.79628e-24
551.544 4.79781e-24
552.816 4.79936e-24
554.091 4.80093e-24
555.369 4.8025e-24
556.65 4.80409e-24
557.933 4.80568e-24
559.22 4.80729e-24
560.509 4.80891e-24
561.802 4.81054e-24
563.097 4.81219e-24
564.396 4.81385e-24
565.697 4.81551e-24
567.002 4.81719e-24
568.309 4.81889e-24
569.62 4.82059e-24
570.933 4.82231e-24
572.25 4.82404e-24
573.57 4.82578e-24
574.892 4.82753e-24
576.218 4.82929e-24
577.547 4.83107e-24
578.879 4.83286e-24
580.214 4.83466e-24
581.552 4.83648e-24
582.893 4.8383e-24
584.237 4.84014e-24
585.584 4.842e-24
586.934 4.84386e-24
588.288 4.84574e-24
589.644 4.84763e-24
591.004 4.84953e-24
592.367 4.85144e-24
593.733 4.85337e-24
595.102 4.85531e-24
596.474 4.85726e-24
597.85 4.85923e-24
599.229 4.86121e-24
600.61 4.8632e-24
601.995 4.8652e-24
603.384 4.86722e-24
604.775 4.86925e-24
606.17 4.8713e-24
607.567 4.87335e-24
608.969 4.87542e-24
610.373 4.87751e-24
611.78 4.8796e-24
613.191 4.88171e-24
614.605 4.88383e-24
616.022 4.88597e-24
617.443 4.88812e-24
618.867 4.89028e-24
620.294 4.89246e-24
621.724 4.89465e-24
623.158 4.89685e-24
624.595 4.89907e-24
626.035 4.9013e-24
627.479 4.90354e-24
628.926 4.9058e-24
630.376 4.90807e-24
631.83 4.91035e-24
633.287 4.91265e-24
634.747 4.91496e-24
636.211 4.91729e-24
637.678 4.91963e-24
639.149 4.92198e-24
640.623 4.92435e-24
642.1 4.92673e-24
643.58 4.92913e-24
645.065 4.93154e-24
646.552 4.93396e-24
648.043 4.9364e-24
649.537 4.93885e-24
651.035 4.94132e-24
652.537 4.9438e-24
654.041 4.9463e-24
655.55 4.94881e-24
657.061 4.95133e-24
658.576 4.95387e-24
660.095 4.95643e-24
661.617 4.95899e-24
663.143 4.96158e-24
664.672 4.96417e-24
666.205 4.96678e-24
667.741 4.96941e-24
669.281 4.97205e-24
670.824 4.97471e-24
672.371 4.97738e-24
673.922 4.98007e-24
675.476 4.98277e-24
677.034 4.98548e-24
678.595 4.98821e-24
680.16 4.99096e-24
681.728 4.99372e-24
683.3 4.9965e-24
684.876 4.99929e-24
686.455 5.00209e-24
688.038 5.00492e-24
689.625 5.00775e-24
691.215 5.0106e-24
692.809 5.01347e-24
694.407 5.01636e-24
696.008 5.01925e-24
697.613 5.02217e-24
699.222 5.0251e-24
700.834 5.02804e-24
702.45 5.03101e-24
704.07 5.03398e-24
705.694 5.03698e-24
707.321 5.03998e-24
708.952 5.04301e-24
710.587 5.04605e-24
712.226 5.0491e-24
713.868 5.05218e-24
715.514 5.05526e-24
717.164 5.05837e-24
718.818 5.06149e-24
720.475 5.06463e-24
722.137 5.06778e-24
723.802 5.07095e-24
725.471 5.07413e-24
727.144 5.07733e-24
728.821 5.08055e-24
730.502 5.08379e-24
732.186 5.08704e-24
733.875 5.09031e-24
735.567 5.09359e-24
737.263 5.09689e-24
738.963 5.10021e-24
740.667 5.10354e-24
742.375 5.10689e-24
744.087 5.11026e-24
745.803 5.11364e-24
747.523 5.11705e-24
749.247 5.12046e-24
750.975 5.1239e-24
752.706 5.12735e-24
754.442 5.13082e-24
756.182 5.13431e-24
757.926 5.13781e-24
759.673 5.14133e-24
761.425 5.14487e-24
763.181 5.14843e-24
764.941 5.152e-24
766.705 5.15559e-24
768.473 5.1592e-24
770.245 5.16282e-24
772.021 5.16647e-24
773.801 5.17013e-24
775.586 5.17381e-24
777.374 5.1775e-24
779.167 5.18122e-24
780.964 5.18495e-24
782.765 5.1887e-24
784.57 5.19247e-24
786.379 5.19625e-24
788.192 5.20006e-24
790.01 5.20388e-24
791.832 5.20772e-24
793.658 5.21158e-24
795.488 5.21545e-24
797.322 5.21935e-24
799.161 5.22326e-24
801.004 5.22719e-24
802.851 5.23114e-24
804.702 5.23511e-24
806.558 5.2391e-24
808.418 5.2431e-24
810.282 5.24713e-24
812.151 5.25117e-24
814.023 5.25523e-24
815.901 5.25931e-24
817.782 5.26341e-24
819.668 5.26753e-24
821.558 5.27167e-24
823.452 5.27583e-24
825.351 5.28e-24
827.255 5.2842e-24
829.162 5.28842e-24
831.074 5.29265e-24
832.991 5.29691e-24
834.912 5.30119e-24
836.837 5.30549e-24
838.767 5.30981e-24
840.701 5.31415e-24
842.64 5.31852e-24
844.583 5.32293e-24
846.53 5.32736e-24
848.482 5.33185e-24
850.439 5.33642e-24
852.4 5.34117e-24
854.366 5.34642e-24
856.336 5.35428e-24
858.311 5.48441e-24
860.29 5.37083e-24
862.274 5.36525e-24
864.262 5.36844e-24
866.255 5.37259e-24
868.253 5.37701e-24
870.255 5.38154e-24
872.262 5.38613e-24
874.273 5.39076e-24
876.289 5.39542e-24
878.31 5.40011e-24
880.336 5.40482e-24
882.366 5.40956e-24
884.4 5.41432e-24
886.44 5.41911e-24
888.484 5.42391e-24
890.533 5.42874e-24
892.586 5.43359e-24
894.645 5.43846e-24
896.708 5.44335e-24
898.775 5.44826e-24
900.848 5.4532e-24
902.925 5.45815e-24
905.008 5.46313e-24
907.095 5.46813e-24
909.186 5.47314e-24
911.283 5.47818e-24
913.384 5.48325e-24
915.491 5.48833e-24
917.602 5.49344e-24
919.718 5.49856e-24
921.839 5.50371e-24
923.964 5.50888e-24
926.095 5.51407e-24
928.231 5.51928e-24
930.371 5.52452e-24
932.517 5.52978e-24
934.667 5.53505e-24
936.822 5.54036e-24
938.983 5.54568e-24
941.148 5.55102e-24
943.318 5.55639e-24
945.494 5.56178e-24
947.674 5.56719e-24
949.859 5.57263e-24
952.05 5.57808e-24
954.245 5.58356e-24
956.445 5.58906e-24
958.651 5.59458e-24
960.862 5.60013e-24
963.077 5.6057e-24
965.298 5.61129e-24
967.524 5.61691e-24
969.755 5.62254e-24
971.992 5.6282e-24
974.233 5.63389e-24
976.48 5.63959e-24
978.731 5.64532e-24
980.988 5.65107e-24
983.251 5.65685e-24
985.518 5.66265e-24
987.791 5.66847e-24
990.068 5.67431e-24
992.352 5.68018e-24
994.64 5.68607e-24
996.934 5.69199e-24
999.233 5.69793e-24
1001.54 5.70389e-24
1003.85 5.70988e-24
1006.16 5.71589e-24
1008.48 5.72192e-24
1010.81 5.72798e-24
1013.14 5.73406e-24
1015.47 5.74017e-24
1017.82 5.7463e-24
1020.16 5.75245e-24
1022.52 5.75863e-24
1024.87 5.76483e-24
1027.24 5.77106e-24
1029.61 5.77731e-24
1031.98 5.78358e-24
1034.36 5.78988e-24
1036.74 5.79621e-24
1039.14 5.80255e-24
1041.53 5.80893e-24
1043.93 5.81532e-24
1046.34 5.82175e-24
1048.75 5.82819e-24
1051.17 5.83467e-24
1053.6 5.84116e-24
1056.03 5.84769e-24
1058.46 5.85423e-24
1060.9 5.86081e-24
1063.35 5.8674e-24
1065.8 5.87403e-24
1068.26 5.88067e-24
1070.72 5.88735e-24
1073.19 5.89405e-24
1075.67 5.90077e-24
1078.15 5.90752e-24
1080.63 5.9143e-24
1083.12 5.9211e-24
1085.62 5.92793e-24
1088.13 5.93478e-24
1090.63 5.94166e-24
1093.15 5.94856e-24
1095.67 5.95549e-24
1098.2 5.96245e-24
1100.73 5.96943e-24
1103.27 5.97644e-24
1105.81 5.98347e-24
1108.36 5.99053e-24
1110.92 5.99762e-24
1113.48 6.00474e-24
1116.05 6.01188e-24
1118.62 6.01904e-24
1121.2 6.02624e-24
1123.79 6.03346e-24
1126.38 6.0407e-24
1128.97 6.04798e-24
1131.58 6.05528e-24
1134.19 6.06261e-24
1136.8 6.06996e-24
1139.42 6.07734e-24
1142.05 6.08475e-24
1144.69 6.09219e-24
1147.33 6.09965e-24
1149.97 6.10714e-24
1152.62 6.11466e-24
1155.28 6.1222e-24
1157.94 6.12977e-24
1160.62 6.13737e-24
1163.29 6.145e-24
1165.97 6.15266e-24
1168.66 6.16034e-24
1171.36 6.16805e-24
1174.06 6.17579e-24
1176.77 6.18356e-24
1179.48 6.19135e-24
1182.2 6.19917e-24
1184.93 6.20703e-24
1187.66 6.21491e-24
1190.4 6.22281e-24
1193.14 6.23075e-24
1195.89 6.23871e-24
1198.65 6.24671e-24
1201.42 6.25473e-24
1204.19 6.26278e-24
1206.96 6.27086e-24
1209.75 6.27897e-24
1212.54 6.28711e-24
1215.33 6.29528e-24
1218.13 6.30348e-24
1220.94 6.31171e-24
1223.76 6.31998e-24
1226.58 6.32829e-24
1229.41 6.33665e-24
1232.24 6.34509e-24
1235.09 6.35374e-24
1237.93 6.36356e-24
1240.79 6.82338e-24
1243.65 6.38097e-24
1246.52 6.38755e-24
1249.39 6.39574e-24
1252.27 6.40417e-24
1255.16 6.4127e-24
1258.06 6.42127e-24
1260.96 6.42989e-24
1263.86 6.43855e-24
1266.78 6.44724e-24
1269.7 6.45595e-24
1272.63 6.46471e-24
1275.56 6.47349e-24
1278.5 6.4823e-24
1281.45 6.49115e-24
1284.41 6.50002e-24
1287.37 6.50893e-24
1290.34 6.51786e-24
1293.31 6.52683e-24
1296.3 6.53583e-24
1299.29 6.54486e-24
1302.28 6.55392e-24
1305.28 6.56301e-24
1308.29 6.57213e-24
1311.31 6.58128e-24
1314.34 6.59047e-24
1317.37 6.59968e-24
1320.4 6.60893e-24
1323.45 6.61821e-24
1326.5 6.62752e-24
1329.56 6.63686e-24
1332.63 6.64623e-24
1335.7 6.65563e-24
1338.78 6.66507e-24
1341.87 6.67454e-24
1344.96 6.68404e-24
1348.06 6.69357e-24
1351.17 6.70313e-24
1354.29 6.71273e-24
1357.41 6.72236e-24
1360.54 6.73201e-24
1363.68 6.74171e-24
1366.82 6.75143e-24
1369.97 6.76119e-24
1373.13 6.77098e-24
1376.3 6.7808e-24
1379.47 6.79065e-24
1382.65 6.80054e-24
1385.84 6.81046e-24
1389.04 6.82041e-24
1392.24 6.8304e-24
1395.45 6.84041e-24
1398.67 6.85047e-24
1401.9 6.86055e-24
1405.13 6.87067e-24
1408.37 6.88082e-24
1411.62 6.891e-24
1414.87 6.90122e-24
1418.13 6.91147e-24
1421.4 6.92176e-24
1424.68 6.93207e-24
1427.97 6.94243e-24
1431.26 6.95281e-24
1434.56 6.96323e-24
1437.87 6.97368e-24
1441.18 6.98417e-24
1444.51 6.99469e-24
1447.84 7.00525e-24
1451.18 7.01584e-24
1454.52 7.02646e-24
1457.88 7.03712e-24
1461.24 7.04781e-24
1464.61 7.05854e-24
1467.99 7.0693e-24
1471.37 7.0801e-24
1474.77 7.09093e-24
1478.17 7.10179e-24
1481.57 7.11269e-24
1484.99 7.12363e-24
1488.42 7.1346e-24
1491.85 7.14561e-24
1495.29 7.15665e-24
1498.74 7.16772e-24
1502.19 7.17884e-24
1505.66 7.18998e-24
1509.13 7.20117e-24
1512.61 7.21238e-24
1516.1 7.22364e-24
1519.59 7.23493e-24
1523.1 7.24625e-24
1526.61 7.25761e-24
1530.13 7.26901e-24
1533.66 7.28044e-24
1537.19 7.29191e-24
1540.74 7.30342e-24
1544.29 7.31496e-24
1547.85 7.32654e-24
1551.42 7.33816e-24
1555 7.34982e-24
1558.59 7.36152e-24
1562.18 7.37327e-24
1565.78 7.38508e-24
1569.39 7.39704e-24
1573.01 7.4099e-24
1576.64 7.46585e-24
1580.28 7.43309e-24
1583.92 7.44452e-24
1587.57 7.45639e-24
1591.23 7.46837e-24
1594.9 7.4804e-24
1598.58 7.49249e-24
1602.27 7.50461e-24
1605.96 7.51678e-24
1609.67 7.52898e-24
1613.38 7.54122e-24
1617.1 7.5535e-24
1620.83 7.56582e-24
1624.56 7.57818e-24
1628.31 7.59057e-24
1632.07 7.60301e-24
1635.83 7.61548e-24
1639.6 7.62799e-24
1643.38 7.64053e-24
1647.17 7.65312e-24
1650.97 7.66575e-24
1654.78 7.67841e-24
1658.59 7.69111e-24
1662.42 7.70385e-24
1666.25 7.71663e-24
1670.09 7.72945e-24
1673.95 7.74231e-24
1677.81 7.75521e-24
1681.67 7.76814e-24
1685.55 7.78112e-24
1689.44 7.79414e-24
1693.34 7.80719e-24
1697.24 7.82028e-24
1701.15 7.83342e-24
1705.08 7.84659e-24
1709.01 7.8598e-24
1712.95 7.87305e-24
1716.9 7.88635e-24
1720.86 7.89968e-24
1724.83 7.91305e-24
1728.8 7.92647e-24
1732.79 7.93992e-24
1736.79 7.95341e-24
1740.79 7.96694e-24
1744.81 7.98052e-24
1748.83 7.99413e-24
1752.86 8.00779e-24
1756.9 8.02149e-24
1760.96 8.03522e-24
1765.02 8.049e-24
1769.09 8.06282e-24
1773.17 8.07668e-24
1777.26 8.09058e-24
1781.35 8.10452e-24
1785.46 8.11851e-24
1789.58 8.13253e-24
1793.71 8.1466e-24
1797.84 8.16071e-24
1801.99 8.17486e-24
1806.14 8.18905e-24
1810.31 8.20328e-24
1814.48 8.21756e-24
1818.67 8.23187e-24
1822.86 8.24623e-24
1827.06 8.26064e-24
1831.28 8.27508e-24
1835.5 8.28957e-24
1839.73 8.3041e-24
1843.98 8.31867e-24
1848.23 8.33328e-24
1852.49 8.34794e-24
1856.76 8.36264e-24
1861.04 8.37738e-24
1865.34 8.39217e-24
1869.64 8.407e-24
1873.95 8.42187e-24
1878.27 8.43679e-24
1882.6 8.45176e-24
1886.94 8.46678e-24
1891.29 8.4819e-24
1895.65 8.49764e-24
1900.03 8.51429e-24
1904.41 8.52735e-24
1908.8 8.54246e-24
1913.2 8.5577e-24
1917.61 8.57299e-24
1922.03 8.58834e-24
1926.47 8.60374e-24
1930.91 8.61917e-24
1935.36 8.63466e-24
1939.83 8.65019e-24
1944.3 8.66576e-24
1948.78 8.68138e-24
1953.28 8.69705e-24
1957.78 8.71276e-24
1962.29 8.72851e-24
1966.82 8.74431e-24
1971.36 8.76015e-24
1975.9 8.77604e-24
1980.46 8.79198e-24
1985.02 8.80796e-24
1989.6 8.82399e-24
1994.19 8.84006e-24
1998.79 8.85618e-24
2003.4 8.87234e-24
2008.02 8.88855e-24
2012.65 8.90481e-24
2017.29 8.92111e-24
2021.94 8.93745e-24
2026.6 8.95385e-24
2031.28 8.97029e-24
2035.96 8.98678e-24
2040.66 9.00331e-24
2045.36 9.01989e-24
2050.08 9.03652e-24
2054.81 9.05319e-24
2059.54 9.06991e-24
2064.29 9.08668e-24
2069.05 9.1035e-24
2073.83 9.12036e-24
2078.61 9.13727e-24
2083.4 9.15423e-24
2088.21 9.17123e-24
2093.02 9.18829e-24
2097.85 9.20539e-24
2102.69 9.22254e-24
2107.53 9.23973e-24
2112.39 9.25698e-24
2117.27 9.27427e-24
2122.15 9.29161e-24
2127.04 9.309e-24
2131.95 9.32644e-24
2136.86 9.34393e-24
2141.79 9.36146e-24
2146.73 9.37905e-24
2151.68 9.39668e-24
2156.64 9.41436e-24
2161.61 9.43209e-24
2166.6 9.44987e-24
2171.6 9.4677e-24
2176.6 9.48558e-24
2181.62 9.50351e-24
2186.65 9.52149e-24
2191.7 9.53952e-24
2196.75 9.55759e-24
2201.82 9.57572e-24
2206.89 9.5939e-24
2211.98 9.61212e-24
2217.08 9.6304e-24
2222.2 9.64873e-24
2227.32 9.66711e-24
2232.46 9.68554e-24
2237.6 9.70402e-24
2242.76 9.72256e-24
2247.94 9.74115e-24
2253.12 9.75986e-24
2258.32 9.7804e-24
2263.52 9.79722e-24
2268.74 9.81598e-24
2273.97 9.83481e-24
2279.22 9.85369e-24
2284.47 9.87263e-24
2289.74 9.89162e-24
2295.02 9.91067e-24
2300.31 9.92976e-24
2305.62 9.94891e-24
2310.94 9.96811e-24
2316.27 9.98736e-24
2321.61 1.00067e-23
2326.96 1.0026e-23
2332.33 1.00454e-23
2337.7 1.00649e-23
2343.1 1.00844e-23
2348.5 1.0104e-23
2353.91 1.01236e-23
2359.34 1.01433e-23
2364.78 1.0163e-23
2370.24 1.01828e-23
2375.7 1.02026e-23
2381.18 1.02225e-23
2386.67 1.02424e-23
2392.17 1.02624e-23
2397.69 1.02825e-23
2403.22 1.03026e-23
2408.76 1.03227e-23
2414.32 1.03429e-23
2419.88 1.03632e-23
2425.46 1.03835e-23
2431.06 1.04039e-23
2436.66 1.04243e-23
2442.28 1.04448e-23
2447.91 1.04654e-23
2453.56 1.04859e-23
2459.22 1.05066e-23
2464.89 1.05273e-23
2470.57 1.05481e-23
2476.27 1.05689e-23
2481.98 1.05897e-23
2487.7 1.06107e-23
2493.44 1.06317e-23
2499.19 1.06527e-23
2504.95 1.06738e-23
2510.73 1.06949e-23
2516.52 1.07161e-23
2522.32 1.07374e-23
2528.14 1.07587e-23
2533.97 1.07801e-23
2539.81 1.08015e-23
2545.67 1.0823e-23
2551.54 1.08446e-23
2557.42 1.08662e-23
2563.32 1.08878e-23
2569.23 1.09095e-23
2575.16 1.09313e-23
2581.09 1.09532e-23
2587.05 1.0975e-23
2593.01 1.0997e-23
2598.99 1.1019e-23
2604.99 1.10411e-23
2610.99 1.10632e-23
2617.01 1.10854e-23
2623.05 1.11076e-23
2629.1 1.11299e-23
2635.16 1.11523e-23
2641.24 1.11747e-23
2647.33 1.11972e-23
2653.43 1.12197e-23
2659.55 1.12423e-23
2665.68 1.1265e-23
2671.83 1.12876e-23
2677.99 1.13104e-23
2684.17 1.13332e-23
2690.36 1.13561e-23
2696.56 1.13791e-23
2702.78 1.14021e-23
2709.01 1.14252e-23
2715.26 1.14483e-23
2721.52 1.14715e-23
2727.8 1.14947e-23
2734.09 1.15181e-23
2740.39 1.15414e-23
2746.71 1.15649e-23
2753.04 1.15884e-23
2759.39 1.16119e-23
2765.76 1.16355e-23
2772.13 1.16592e-23
2778.53 1.1683e-23
2784.93 1.17068e-23
2791.36 1.17306e-23
2797.79 1.17545e-23
2804.24 1.17785e-23
2810.71 1.18026e-23
2817.19 1.18267e-23
2823.69 1.18509e-23
2830.2 1.18751e-23
2836.73 1.18994e-23
2843.27 1.19238e-23
2849.83 1.19482e-23
2856.4 1.19727e-23
2862.98 1.19973e-23
2869.59 1.20219e-23
2876.2 1.20466e-23
2882.84 1.20714e-23
2889.48 1.20962e-23
2896.15 1.21211e-23
2902.83 1.2146e-23
2909.52 1.2171e-23
2916.23 1.21961e-23
2922.95 1.22212e-23
2929.69 1.22464e-23
2936.45 1.22717e-23
2943.22 1.2297e-23
2950.01 1.23224e-23
2956.81 1.23479e-23
2963.63 1.23734e-23
2970.46 1.2399e-23
2977.31 1.24246e-23
2984.18 1.24504e-23
2991.06 1.24762e-23
2997.96 1.2502e-23
3004.87 1.2528e-23
3011.8 1.2554e-23
3018.75 1.25801e-23
3025.71 1.26062e-23
3032.68 1.26325e-23
3039.68 1.26587e-23
3046.69 1.26851e-23
3053.71 1.27115e-23
3060.76 1.2738e-23
3067.81 1.27645e-23
3074.89 1.27911e-23
3081.98 1.28178e-23
3089.09 1.28446e-23
3096.21 1.28717e-23
3103.35 1.28983e-23
3110.51 1.29253e-23
3117.68 1.29523e-23
3124.87 1.29794e-23
3132.07 1.30065e-23
3139.3 1.30338e-23
3146.54 1.30611e-23
3153.79 1.30884e-23
3161.06 1.31159e-23
3168.35 1.31434e-23
3175.66 1.3171e-23
3182.98 1.31986e-23
3190.32 1.32263e-23
3197.68 1.32541e-23
3205.05 1.3282e-23
3212.44 1.33099e-23
3219.85 1.33379e-23
3227.28 1.3366e-23
3234.72 1.33941e-23
3242.18 1.34223e-23
3249.66 1.34506e-23
3257.15 1.3479e-23
3264.66 1.35074e-23
3272.19 1.35359e-23
3279.73 1.35645e-23
3287.3 1.35931e-23
3294.88 1.36218e-23
3302.48 1.36506e-23
3310.09 1.36795e-23
3317.72 1.37084e-23
3325.37 1.37374e-23
3333.04 1.37665e-23
3340.73 1.37956e-23
3348.43 1.38248e-23
3356.15 1.38541e-23
3363.89 1.38835e-23
3371.65 1.39129e-23
3379.43 1.39425e-23
3387.22 1.3972e-23
3395.03 1.40017e-23
3402.86 1.40314e-23
3410.71 1.40613e-23
3418.57 1.40911e-23
3426.45 1.41211e-23
3434.36 1.41511e-23
3442.28 1.41812e-23
3450.21 1.42114e-23
3458.17 1.42417e-23
3466.14 1.4272e-23
3474.14 1.43024e-23
3482.15 1.43329e-23
3490.18 1.43635e-23
3498.23 1.43941e-23
3506.29 1.44248e-23
3514.38 1.44556e-23
3522.48 1.44865e-23
3530.61 1.45175e-23
3538.75 1.45485e-23
3546.91 1.45796e-23
3555.09 1.46108e-23
3563.29 1.4642e-23
3571.5 1.46733e-23
3579.74 1.47047e-23
3587.99 1.47362e-23
3596.27 1.47678e-23
3604.56 1.47994e-23
3612.87 1.48312e-23
3621.2 1.4863e-23
3629.55 1.48949e-23
3637.92 1.49268e-23
3646.31 1.49588e-23
3654.72 1.4991e-23
3663.15 1.50232e-23
3671.6 1.50554e-23
3680.06 1.50878e-23
3688.55 1.51202e-23
3697.06 1.51528e-23
3705.58 1.51854e-23
3714.13 1.5218e-23
3722.69 1.52508e-23
3731.28 1.52836e-23
3739.88 1.53166e-23
3748.5 1.53496e-23
3757.15 1.53827e-23
3765.81 1.54159e-23
3774.5 1.54492e-23
3783.2 1.54826e-23
3791.92 1.5516e-23
3800.67 1.55495e-23
3809.43 1.55832e-23
3818.22 1.56169e-23
3827.02 1.56506e-23
3835.85 1.56845e-23
3844.69 1.57184e-23
3853.56 1.57525e-23
3862.44 1.57866e-23
3871.35 1.58208e-23
3880.28 1.5855e-23
3889.23 1.58894e-23
3898.2 1.59238e-23
3907.18 1.59584e-23
3916.19 1.5993e-23
3925.23 1.60277e-23
3934.28 1.60625e-23
3943.35 1.60973e-23
3952.44 1.61323e-23
3961.56 1.61673e-23
3970.69 1.62025e-23
3979.85 1.62385e-23
3989.03 1.6273e-23
3998.23 1.63083e-23
4007.45 1.63438e-23
4016.69 1.63794e-23
4025.95 1.6415e-23
4035.23 1.64507e-23
4044.54 1.64866e-23
4053.87 1.65225e-23
4063.21 1.65585e-23
4072.58 1.65945e-23
4081.97 1.66307e-23
4091.39 1.6667e-23
4100.82 1.67033e-23
4110.28 1.67397e-23
4119.76 1.67763e-23
4129.26 1.68129e-23
4138.78 1.68496e-23
4148.32 1.68864e-23
4157.89 1.69232e-23
4167.48 1.69602e-23
4177.09 1.69973e-23
4186.72 1.70344e-23
4196.38 1.70717e-23
4206.05 1.7109e-23
4215.75 1.71464e-23
4225.47 1.71839e-23
4235.22 1.72215e-23
4244.98 1.72592e-23
4254.77 1.7297e-23
4264.58 1.73349e-23
4274.42 1.73729e-23
4284.27 1.74109e-23
4294.15 1.74491e-23
4304.06 1.74873e-23
4313.98 1.75257e-23
4323.93 1.75641e-23
4333.9 1.76026e-23
4343.89 1.76412e-23
4353.91 1.76799e-23
4363.95 1.77187e-23
4374.02 1.77576e-23
4384.1 1.77966e-23
4394.21 1.78357e-23
4404.34 1.78749e-23
4414.5 1.79142e-23
4424.68 1.79536e-23
4434.88 1.7993e-23
4445.11 1.80326e-23
4455.36 1.80723e-23
4465.64 1.8112e-23
4475.93 1.81519e-23
4486.26 1.81918e-23
4496.6 1.82318e-23
4506.97 1.8272e-23
4517.36 1.83122e-23
4527.78 1.83526e-23
4538.22 1.8393e-23
4548.69 1.84335e-23
4559.18 1.84741e-23
4569.69 1.85149e-23
4580.23 1.85557e-23
4590.79 1.85966e-23
4601.38 1.86376e-23
4611.99 1.86788e-23
4622.62 1.872e-23
4633.28 1.87613e-23
4643.97 1.88027e-23
4654.67 1.88442e-23
4665.41 1.88858e-23
4676.17 1.89276e-23
4686.95 1.89694e-23
4697.76 1.90113e-23
4708.59 1.90533e-23
4719.45 1.90954e-23
4730.33 1.91377e-23
4741.24 1.918e-23
4752.17 1.92224e-23
4763.13 1.92649e-23
4774.12 1.93076e-23
4785.13 1.93503e-23
4796.16 1.93931e-23
4807.22 1.94361e-23
4818.31 1.94791e-23
4829.42 1.95222e-23
4840.55 1.95655e-23
4851.72 1.96088e-23
4862.9 1.96523e-23
4874.12 1.96959e-23
4885.36 1.97395e-23
4896.62 1.97833e-23
4907.91 1.98272e-23
4919.23 1.98711e-23
4930.58 1.99152e-23
4941.95 1.99594e-23
4953.34 2.00037e-23
4964.76 2.00481e-23
4976.21 2.00926e-23
4987.69 2.01372e-23
4999.19 2.01819e-23
5010.72 2.02268e-23
5022.27 2.02717e-23
5033.85 2.03168e-23
5045.46 2.03619e-23
5057.1 2.04072e-23
5068.76 2.04525e-23
5080.45 2.0498e-23
5092.16 2.05436e-23
5103.91 2.05893e-23
5115.68 2.06351e-23
5127.47 2.0681e-23
5139.3 2.0727e-23
5151.15 2.07731e-23
5163.03 2.08194e-23
5174.93 2.08657e-23
5186.87 2.09122e-23
5198.83 2.09588e-23
5210.81 2.10055e-23
5222.83 2.10523e-23
5234.87 2.10992e-23
5246.95 2.11462e-23
5259.05 2.11933e-23
5271.17 2.12406e-23
5283.33 2.12879e-23
5295.51 2.13354e-23
5307.72 2.1383e-23
5319.96 2.14307e-23
5332.23 2.14785e-23
5344.53 2.15264e-23
5356.85 2.15744e-23
5369.2 2.16226e-23
5381.59 2.16709e-23
5394 2.17193e-23
5406.43 2.17677e-23
5418.9 2.18164e-23
5431.4 2.18651e-23
5443.92 2.19139e-23
5456.48 2.19629e-23
5469.06 2.2012e-23
5481.67 2.20612e-23
5494.31 2.21105e-23
5506.98 2.21599e-23
5519.68 2.22095e-23
5532.41 2.22591e-23
5545.17 2.23089e-23
5557.95 2.23588e-23
5570.77 2.24088e-23
5583.62 2.2459e-23
5596.49 2.25092e-23
5609.4 2.25596e-23
5622.33 2.26101e-23
5635.3 2.26607e-23
5648.29 2.27115e-23
5661.32 2.27623e-23
5674.37 2.28133e-23
5687.46 2.28644e-23
5700.57 2.29156e-23
5713.72 2.2967e-23
5726.9 2.30184e-23
5740.1 2.307e-23
5753.34 2.31217e-23
5766.61 2.31736e-23
5779.9 2.32255e-23
5793.23 2.32776e-23
5806.59 2.33298e-23
5819.98 2.33821e-23
5833.4 2.34346e-23
5846.85 2.34871e-23
5860.34 2.35398e-23
5873.85 2.35927e-23
5887.4 2.36456e-23
5900.97 2.36987e-23
5914.58 2.37519e-23
5928.22 2.38052e-23
5941.89 2.38587e-23
5955.59 2.39122e-23
5969.33 2.39659e-23
5983.09 2.40198e-23
5996.89 2.40737e-23
6010.72 2.41278e-23
6024.58 2.4182e-23
6038.47 2.42364e-23
6052.4 2.42909e-23
6066.35 2.43455e-23
6080.34 2.44002e-23
6094.36 2.4455e-23
6108.42 2.451e-23
6122.5 2.45652e-23
6136.62 2.46204e-23
6150.77 2.46758e-23
6164.96 2.47313e-23
6179.17 2.47869e-23
6193.42 2.48427e-23
6207.7 2.48986e-23
6222.02 2.49547e-23
6236.37 2.50108e-23
6250.75 2.50671e-23
6265.16 2.51246e-23
6279.61 2.51801e-23
6294.09 2.52368e-23
6308.6 2.52937e-23
6323.15 2.53507e-23
6337.73 2.54078e-23
6352.35 2.5465e-23
6367 2.55224e-23
6381.68 2.55799e-23
6396.4 2.56375e-23
6411.15 2.56953e-23
6425.93 2.57532e-23
6440.75 2.58113e-23
6455.6 2.58695e-23
6470.49 2.59278e-23
6485.41 2.59863e-23
6500.36 2.60449e-23
6515.35 2.61036e-23
6530.38 2.61625e-23
6545.44 2.62215e-23
6560.53 2.62807e-23
6575.66 2.634e-23
6590.82 2.63994e-23
6606.02 2.6459e-23
6621.26 2.65187e-23
6636.52 2.65786e-23
6651.83 2.66386e-23
6667.17 2.66988e-23
6682.54 2.6759e-23
6697.95 2.68195e-23
6713.4 2.688e-23
6728.88 2.69408e-23
6744.39 2.70016e-23
6759.95 2.70626e-23
6775.54 2.71237e-23
6791.16 2.7185e-23
6806.82 2.72465e-23
6822.52 2.7308e-23
6838.25 2.73698e-23
6854.02 2.74316e-23
6869.82 2.74936e-23
6885.67 2.75558e-23
6901.54 2.76181e-23
6917.46 2.76805e-23
6933.41 2.77431e-23
6949.4 2.78059e-23
6965.43 2.78688e-23
6981.49 2.79318e-23
6997.59 2.7995e-23
7013.72 2.80583e-23
7029.9 2.81218e-23
7046.11 2.81855e-23
7062.36 2.82492e-23
7078.64 2.83132e-23
7094.97 2.83773e-23
7111.33 2.84415e-23
7127.73 2.85059e-23
7144.16 2.85704e-23
7160.64 2.86351e-23
7177.15 2.86999e-23
7193.7 2.87649e-23
7210.29 2.88301e-23
7226.92 2.88954e-23
7243.58 2.89608e-23
7260.28 2.90264e-23
7277.03 2.90922e-23
7293.81 2.91581e-23
7310.63 2.92242e-23
7327.49 2.92904e-23
7344.38 2.93568e-23
7361.32 2.94233e-23
7378.29 2.949e-23
7395.31 2.95568e-23
7412.36 2.96238e-23
7429.46 2.9691e-23
7446.59 2.97583e-23
7463.76 2.98258e-23
7480.97 2.98934e-23
7498.22 2.99612e-23
7515.51 3.00292e-23
7532.84 3.00973e-23
7550.22 3.01656e-23
7567.63 3.0234e-23
7585.08 3.03026e-23
7602.57 3.03713e-23
7620.1 3.04402e-23
7637.67 3.05093e-23
7655.28 3.05785e-23
7672.94 3.06479e-23
7690.63 3.07175e-23
7708.37 3.07872e-23
7726.14 3.08571e-23
7743.96 3.09272e-23
7761.82 3.09974e-23
7779.71 3.10678e-23
7797.65 3.11383e-23
7815.64 3.1209e-23
7833.66 3.12799e-23
7851.72 3.13509e-23
7869.83 3.14222e-23
7887.98 3.14935e-23
7906.17 3.15651e-23
7924.4 3.16368e-23
7942.67 3.17087e-23
7960.99 3.17807e-23
7979.35 3.18529e-23
7997.75 3.19253e-23
8016.19 3.19979e-23
8034.68 3.20706e-23
8053.2 3.21438e-23
8071.77 3.22165e-23
8090.39 3.22898e-23
8109.04 3.23632e-23
8127.74 3.24367e-23
8146.49 3.25105e-23
8165.27 3.25844e-23
8184.1 3.26585e-23
8202.97 3.27328e-23
8221.89 3.28072e-23
8240.85 3.28818e-23
8259.85 3.29566e-23
8278.9 3.30316e-23
8297.99 3.31067e-23
8317.13 3.31821e-23
8336.31 3.32575e-23
8355.53 3.33332e-23
8374.8 3.34091e-23
8394.11 3.34851e-23
8413.47 3.35613e-23
8432.87 3.36377e-23
8452.31 3.37142e-23
8471.81 3.3791e-23
8491.34 3.38679e-23
8510.92 3.3945e-23
8530.55 3.40222e-23
8550.22 3.40997e-23
8569.94 3.41773e-23
8589.7 3.42552e-23
8609.51 3.43331e-23
8629.36 3.44113e-23
8649.26 3.44897e-23
8669.21 3.45682e-23
8689.2 3.4647e-23
8709.23 3.47259e-23
8729.32 3.4805e-23
8749.45 3.48843e-23
8769.62 3.49637e-23
8789.85 3.50434e-23
8810.12 3.51232e-23
8830.43 3.52033e-23
8850.8 3.52835e-23
8871.21 3.53639e-23
8891.66 3.54445e-23
8912.17 3.55252e-23
8932.72 3.56062e-23
8953.32 3.56874e-23
8973.96 3.57687e-23
8994.66 3.58502e-23
9015.4 3.5932e-23
9036.19 3.60139e-23
9057.03 3.6096e-23
9077.91 3.61783e-23
9098.85 3.62608e-23
9119.83 3.63434e-23
9140.86 3.64263e-23
9161.94 3.65094e-23
9183.07 3.65926e-23
9204.24 3.66761e-23
9225.47 3.67597e-23
9246.74 3.68436e-23
9268.06 3.69276e-23
9289.44 3.70119e-23
9310.86 3.70963e-23
9332.33 3.71809e-23
9353.85 3.72658e-23
9375.42 3.73508e-23
9397.04 3.7436e-23
9418.71 3.75214e-23
9440.43 3.7607e-23
9462.2 3.76929e-23
9484.02 3.77789e-23
9505.89 3.78651e-23
9527.81 3.79515e-23
9549.78 3.80381e-23
9571.8 3.8125e-23
9593.87 3.8212e-23
9616 3.82992e-23
9638.17 3.83867e-23
9660.4 3.84743e-23
9682.67 3.85621e-23
9705 3.86502e-23
9727.38 3.87384e-23
9749.81 3.88269e-23
9772.3 3.89155e-23
9794.83 3.90044e-23
9817.42 3.90935e-23
9840.06 3.91828e-23
9862.75 3.92723e-23
9885.49 3.9362e-23
9908.29 3.94519e-23
9931.14 3.9542e-23
9954.04 3.96323e-23
9976.99 3.97228e-23
10000 3.98136e-23
