10 3.19823e-21
10.0231 3.16885e-21
10.0462 3.13974e-21
10.0693 3.1109e-21
10.0926 3.08233e-21
10.1158 3.05402e-21
10.1392 3.02597e-21
10.1625 2.99818e-21
10.186 2.97065e-21
10.2095 2.94337e-21
10.233 2.91634e-21
10.2566 2.88956e-21
10.2803 2.86303e-21
10.304 2.83675e-21
10.3277 2.81071e-21
10.3515 2.78491e-21
10.3754 2.75934e-21
10.3993 2.73401e-21
10.4233 2.70892e-21
10.4474 2.68406e-21
10.4714 2.65942e-21
10.4956 2.63502e-21
10.5198 2.61084e-21
10.5441 2.58688e-21
10.5684 2.56314e-21
10.5927 2.53962e-21
10.6172 2.51632e-21
10.6417 2.49324e-21
10.6662 2.47036e-21
10.6908 2.4477e-21
10.7154 2.42525e-21
10.7401 2.403e-21
10.7649 2.38096e-21
10.7897 2.35912e-21
10.8146 2.33748e-21
10.8396 2.31604e-21
10.8646 2.2948e-21
10.8896 2.27376e-21
10.9147 2.25291e-21
10.9399 2.23225e-21
10.9651 2.21178e-21
10.9904 2.1915e-21
11.0157 2.1714e-21
11.0412 2.15149e-21
11.0666 2.13177e-21
11.0921 2.11223e-21
11.1177 2.09286e-21
11.1433 2.07368e-21
11.169 2.05467e-21
11.1948 2.03583e-21
11.2206 2.01717e-21
11.2465 1.99869e-21
11.2724 1.98037e-21
11.2984 1.96222e-21
11.3245 1.94423e-21
11.3506 1.92642e-21
11.3768 1.90876e-21
11.403 1.89127e-21
11.4293 1.87394e-21
11.4556 1.85677e-21
11.4821 1.83976e-21
11.5085 1.82291e-21
11.5351 1.80621e-21
11.5617 1.78966e-21
11.5883 1.77327e-21
11.6151 1.75702e-21
11.6418 1.74093e-21
11.6687 1.72498e-21
11.6956 1.70918e-21
11.7226 1.69353e-21
11.7496 1.67802e-21
11.7767 1.66265e-21
11.8039 1.64743e-21
11.8311 1.63234e-21
11.8584 1.61739e-21
11.8857 1.60258e-21
11.9131 1.58791e-21
11.9406 1.57337e-21
11.9681 1.55897e-21
11.9957 1.5447e-21
12.0234 1.53056e-21
12.0511 1.51655e-21
12.0789 1.50267e-21
12.1068 1.48891e-21
12.1347 1.47529e-21
12.1627 1.46178e-21
12.1907 1.44841e-21
12.2188 1.43515e-21
12.247 1.42202e-21
12.2752 1.40901e-21
12.3035 1.39612e-21
12.3319 1.38335e-21
12.3603 1.37069e-21
12.3888 1.35815e-21
12.4174 1.34573e-21
12.4461 1.33342e-21
12.4748 1.32122e-21
12.5035 1.30914e-21
12.5324 1.29717e-21
12.5613 1.2853e-21
12.5902 1.27355e-21
12.6193 1.26191e-21
12.6484 1.25037e-21
12.6775 1.23894e-21
12.7068 1.22761e-21
12.7361 1.21639e-21
12.7654 1.20527e-21
12.7949 1.19426e-21
12.8244 1.18334e-21
12.8539 1.17253e-21
12.8836 1.16182e-21
12.9133 1.1512e-21
12.9431 1.14068e-21
12.9729 1.13026e-21
13.0028 1.11994e-21
13.0328 1.10971e-21
13.0629 1.09957e-21
13.093 1.08953e-21
13.1232 1.07958e-21
13.1534 1.06973e-21
13.1838 1.05996e-21
13.2142 1.05028e-21
13.2447 1.0407e-21
13.2752 1.0312e-21
13.3058 1.02179e-21
13.3365 1.01247e-21
13.3672 1.00323e-21
13.3981 9.94077e-22
13.429 9.8501e-22
13.4599 9.76026e-22
13.491 9.67126e-22
13.5221 9.58308e-22
13.5533 9.49572e-22
13.5845 9.40916e-22
13.6158 9.32341e-22
13.6472 9.23845e-22
13.6787 9.15428e-22
13.7103 9.07089e-22
13.7419 8.98828e-22
13.7736 8.90643e-22
13.8053 8.82534e-22
13.8372 8.74501e-22
13.8691 8.66542e-22
13.9011 8.58658e-22
13.9331 8.50847e-22
13.9652 8.43109e-22
13.9974 8.35443e-22
14.0297 8.27848e-22
14.0621 8.20325e-22
14.0945 8.12872e-22
14.127 8.05489e-22
14.1596 7.98175e-22
14.1922 7.90929e-22
14.225 7.83752e-22
14.2578 7.76643e-22
14.2906 7.696e-22
14.3236 7.62625e-22
14.3566 7.55715e-22
14.3897 7.4887e-22
14.4229 7.42091e-22
14.4562 7.35376e-22
14.4895 7.28726e-22
14.5229 7.22139e-22
14.5564 7.15615e-22
14.59 7.09155e-22
14.6236 7.02756e-22
14.6573 6.9642e-22
14.6911 6.90145e-22
14.725 6.83932e-22
14.759 6.7778e-22
14.793 6.71689e-22
14.8271 6.65658e-22
14.8613 6.59687e-22
14.8956 6.53777e-22
14.9299 6.47926e-22
14.9644 6.42135e-22
14.9989 6.36404e-22
15.0335 6.30732e-22
15.0681 6.2512e-22
15.1029 6.19567e-22
15.1377 6.14075e-22
15.1726 6.08642e-22
15.2076 6.0327e-22
15.2427 5.97958e-22
15.2778 5.92708e-22
15.3131 5.87519e-22
15.3484 5.82393e-22
15.3838 5.7733e-22
15.4192 5.72331e-22
15.4548 5.67399e-22
15.4904 5.62533e-22
15.5261 5.57736e-22
15.5619 5.5301e-22
15.5978 5.48358e-22
15.6338 5.43782e-22
15.6699 5.39286e-22
15.706 5.34874e-22
15.7422 5.30551e-22
15.7785 5.26323e-22
15.8149 5.22196e-22
15.8514 5.1818e-22
15.8879 5.14283e-22
15.9246 5.10519e-22
15.9613 5.06902e-22
15.9981 5.0345e-22
16.035 5.00187e-22
16.072 4.97139e-22
16.109 4.94343e-22
16.1462 4.91843e-22
16.1834 4.89697e-22
16.2207 4.8798e-22
16.2581 4.86791e-22
16.2956 4.86263e-22
16.3332 4.86575e-22
16.3709 4.87977e-22
16.4086 4.90825e-22
16.4464 4.95636e-22
16.4844 5.0318e-22
16.5224 5.14656e-22
16.5605 5.31993e-22
16.5987 5.58459e-22
16.6369 5.99954e-22
16.6753 6.68044e-22
16.7138 7.88324e-22
16.7523 1.02936e-21
16.7909 1.65369e-21
16.8297 5.43895e-21
16.8685 3.8451e-21
16.9074 1.46051e-21
16.9464 9.42313e-22
16.9854 7.26498e-22
17.0246 6.12791e-22
17.0639 5.44589e-22
17.1032 4.99974e-22
17.1427 4.68831e-22
17.1822 4.45938e-22
17.2218 4.28372e-22
17.2615 4.14395e-22
17.3013 4.02923e-22
17.3412 3.93252e-22
17.3812 3.8491e-22
17.4213 3.77572e-22
17.4615 3.71006e-22
17.5017 3.65046e-22
17.5421 3.59569e-22
17.5825 3.54484e-22
17.6231 3.49719e-22
17.6637 3.4522e-22
17.7045 3.40946e-22
17.7453 3.36863e-22
17.7862 3.32943e-22
17.8272 3.29166e-22
17.8683 3.25513e-22
17.9095 3.21971e-22
17.9508 3.18527e-22
17.9922 3.15171e-22
18.0337 3.11895e-22
18.0753 3.08692e-22
18.117 3.05555e-22
18.1588 3.0248e-22
18.2006 2.99462e-22
18.2426 2.96497e-22
18.2847 2.93582e-22
18.3268 2.90713e-22
18.3691 2.87889e-22
18.4115 2.85107e-22
18.4539 2.82364e-22
18.4965 2.7966e-22
18.5391 2.76993e-22
18.5819 2.7436e-22
18.6247 2.71761e-22
18.6677 2.69195e-22
18.7107 2.6666e-22
18.7539 2.64156e-22
18.7971 2.61681e-22
18.8405 2.59235e-22
18.8839 2.56817e-22
18.9275 2.54427e-22
18.9711 2.52063e-22
19.0149 2.49725e-22
19.0587 2.47413e-22
19.1027 2.45125e-22
19.1467 2.42862e-22
19.1909 2.40623e-22
19.2351 2.38407e-22
19.2795 2.36215e-22
19.3239 2.34045e-22
19.3685 2.31897e-22
19.4132 2.29771e-22
19.4579 2.27667e-22
19.5028 2.25584e-22
19.5478 2.23523e-22
19.5928 2.21481e-22
19.638 2.1946e-22
19.6833 2.1746e-22
19.7287 2.15478e-22
19.7742 2.13517e-22
19.8198 2.11575e-22
19.8655 2.09651e-22
19.9113 2.07747e-22
19.9572 2.05861e-22
20.0032 2.03993e-22
20.0494 2.02144e-22
20.0956 2.00312e-22
20.1419 1.98498e-22
20.1884 1.96701e-22
20.2349 1.94922e-22
20.2816 1.9316e-22
20.3284 1.91414e-22
20.3753 1.89685e-22
20.4222 1.87973e-22
20.4693 1.86277e-22
20.5165 1.84597e-22
20.5638 1.82934e-22
20.6113 1.81286e-22
20.6588 1.79653e-22
20.7064 1.78036e-22
20.7542 1.76435e-22
20.802 1.74848e-22
20.85 1.73277e-22
20.8981 1.7172e-22
20.9463 1.70178e-22
20.9946 1.68651e-22
21.043 1.67138e-22
21.0915 1.65639e-22
21.1402 1.64154e-22
21.1889 1.62683e-22
21.2378 1.61226e-22
21.2868 1.59783e-22
21.3358 1.58353e-22
21.385 1.56937e-22
21.4344 1.55534e-22
21.4838 1.54144e-22
21.5333 1.52767e-22
21.583 1.51403e-22
21.6327 1.50052e-22
21.6826 1.48713e-22
21.7326 1.47387e-22
21.7828 1.46073e-22
21.833 1.44772e-22
21.8833 1.43483e-22
21.9338 1.42206e-22
21.9844 1.4094e-22
22.0351 1.39687e-22
22.0859 1.38445e-22
22.1368 1.37215e-22
22.1879 1.35996e-22
22.239 1.34789e-22
22.2903 1.33593e-22
22.3417 1.32408e-22
22.3932 1.31234e-22
22.4449 1.30072e-22
22.4966 1.2892e-22
22.5485 1.27778e-22
22.6005 1.26648e-22
22.6526 1.25528e-22
22.7049 1.24418e-22
22.7572 1.23319e-22
22.8097 1.22229e-22
22.8623 1.21151e-22
22.915 1.20082e-22
22.9679 1.19023e-22
23.0208 1.17974e-22
23.0739 1.16934e-22
23.1271 1.15905e-22
23.1804 1.14885e-22
23.2339 1.13874e-22
23.2875 1.12873e-22
23.3412 1.11882e-22
23.395 1.10899e-22
23.4489 1.09926e-22
23.503 1.08962e-22
23.5572 1.08006e-22
23.6115 1.0706e-22
23.666 1.06122e-22
23.7206 1.05194e-22
23.7753 1.04273e-22
23.8301 1.03362e-22
23.885 1.02459e-22
23.9401 1.01564e-22
23.9953 1.00678e-22
24.0507 9.97999e-23
24.1061 9.893e-23
24.1617 9.80683e-23
24.2174 9.72147e-23
24.2733 9.63689e-23
24.3292 9.55311e-23
24.3854 9.47011e-23
24.4416 9.38789e-23
24.4979 9.30643e-23
24.5544 9.22574e-23
24.6111 9.1458e-23
24.6678 9.0666e-23
24.7247 8.98815e-23
24.7817 8.91043e-23
24.8389 8.83343e-23
24.8961 8.75716e-23
24.9536 8.68159e-23
25.0111 8.60674e-23
25.0688 8.53258e-23
25.1266 8.45912e-23
25.1845 8.38635e-23
25.2426 8.31426e-23
25.3008 8.24284e-23
25.3592 8.17209e-23
25.4176 8.10201e-23
25.4762 8.03258e-23
25.535 7.9638e-23
25.5939 7.89567e-23
25.6529 7.82817e-23
25.7121 7.76131e-23
25.7713 7.69508e-23
25.8308 7.62947e-23
25.8903 7.56447e-23
25.95 7.50009e-23
26.0099 7.4363e-23
26.0699 7.37312e-23
26.13 7.31053e-23
26.1902 7.24853e-23
26.2506 7.18712e-23
26.3112 7.12628e-23
26.3718 7.06601e-23
26.4326 7.00631e-23
26.4936 6.94718e-23
26.5547 6.8886e-23
26.6159 6.83057e-23
26.6773 6.77309e-23
26.7388 6.71615e-23
26.8005 6.65975e-23
26.8623 6.60388e-23
26.9242 6.54854e-23
26.9863 6.49372e-23
27.0486 6.43942e-23
27.1109 6.38563e-23
27.1734 6.33235e-23
27.2361 6.27958e-23
27.2989 6.2273e-23
27.3619 6.17552e-23
27.425 6.12423e-23
27.4882 6.07343e-23
27.5516 6.0231e-23
27.6151 5.97326e-23
27.6788 5.92389e-23
27.7426 5.87498e-23
27.8066 5.82654e-23
27.8707 5.77856e-23
27.935 5.73104e-23
27.9994 5.68397e-23
28.064 5.63735e-23
28.1287 5.59117e-23
28.1936 5.54543e-23
28.2586 5.50013e-23
28.3237 5.45525e-23
28.3891 5.41081e-23
28.4545 5.36679e-23
28.5201 5.32319e-23
28.5859 5.28001e-23
28.6518 5.23724e-23
28.7179 5.19488e-23
28.7841 5.15293e-23
28.8505 5.11138e-23
28.917 5.07022e-23
28.9837 5.02946e-23
29.0506 4.98909e-23
29.1175 4.94911e-23
29.1847 4.90952e-23
29.252 4.8703e-23
29.3194 4.83146e-23
29.3871 4.79299e-23
29.4548 4.7549e-23
29.5227 4.71717e-23
29.5908 4.67981e-23
29.6591 4.64281e-23
29.7275 4.60616e-23
29.796 4.56987e-23
29.8647 4.53393e-23
29.9336 4.49834e-23
30.0026 4.46309e-23
30.0718 4.42818e-23
30.1411 4.39361e-23
30.2106 4.35938e-23
30.2803 4.32548e-23
30.3501 4.29191e-23
30.4201 4.25867e-23
30.4903 4.22575e-23
30.5606 4.19315e-23
30.6311 4.16087e-23
30.7017 4.1289e-23
30.7725 4.09725e-23
30.8435 4.0659e-23
30.9146 4.03486e-23
30.9859 4.00413e-23
31.0573 3.97369e-23
31.1289 3.94356e-23
31.2007 3.91372e-23
31.2727 3.88417e-23
31.3448 3.85492e-23
31.4171 3.82595e-23
31.4895 3.79727e-23
31.5621 3.76887e-23
31.6349 3.74075e-23
31.7079 3.71291e-23
31.781 3.68534e-23
31.8543 3.65805e-23
31.9277 3.63102e-23
32.0014 3.60427e-23
32.0752 3.57778e-23
32.1491 3.55155e-23
32.2233 3.52559e-23
32.2976 3.49988e-23
32.372 3.47443e-23
32.4467 3.44923e-23
32.5215 3.42428e-23
32.5965 3.39958e-23
32.6717 3.37513e-23
32.747 3.35093e-23
32.8225 3.32696e-23
32.8982 3.30324e-23
32.9741 3.27976e-23
33.0501 3.25651e-23
33.1263 3.23349e-23
33.2027 3.21071e-23
33.2793 3.18816e-23
33.356 3.16583e-23
33.433 3.14373e-23
33.51 3.12185e-23
33.5873 3.1002e-23
33.6648 3.07876e-23
33.7424 3.05754e-23
33.8202 3.03654e-23
33.8982 3.01575e-23
33.9764 2.99518e-23
34.0547 2.97481e-23
34.1333 2.95465e-23
34.212 2.93469e-23
34.2909 2.91495e-23
34.3699 2.8954e-23
34.4492 2.87605e-23
34.5286 2.8569e-23
34.6083 2.83795e-23
34.6881 2.81919e-23
34.7681 2.80063e-23
34.8482 2.78226e-23
34.9286 2.76408e-23
35.0091 2.74608e-23
35.0899 2.72827e-23
35.1708 2.71065e-23
35.2519 2.69321e-23
35.3332 2.67595e-23
35.4147 2.65887e-23
35.4963 2.64197e-23
35.5782 2.62524e-23
35.6602 2.60869e-23
35.7425 2.59231e-23
35.8249 2.5761e-23
35.9075 2.56006e-23
35.9903 2.54419e-23
36.0733 2.52849e-23
36.1565 2.51295e-23
36.2398 2.49758e-23
36.3234 2.48237e-23
36.4072 2.46731e-23
36.4911 2.45242e-23
36.5753 2.43768e-23
36.6596 2.42311e-23
36.7442 2.40868e-23
36.8289 2.39441e-23
36.9138 2.38029e-23
36.999 2.36632e-23
37.0843 2.3525e-23
37.1698 2.33882e-23
37.2555 2.32529e-23
37.3414 2.31191e-23
37.4275 2.29867e-23
37.5138 2.28557e-23
37.6003 2.27262e-23
37.687 2.2598e-23
37.7739 2.24712e-23
37.8611 2.23457e-23
37.9484 2.22216e-23
38.0359 2.20989e-23
38.1236 2.19775e-23
38.2115 2.18573e-23
38.2996 2.17385e-23
38.3879 2.1621e-23
38.4765 2.15048e-23
38.5652 2.13898e-23
38.6541 2.12761e-23
38.7433 2.11636e-23
38.8326 2.10523e-23
38.9221 2.09423e-23
39.0119 2.08334e-23
39.1019 2.07257e-23
39.192 2.06193e-23
39.2824 2.0514e-23
39.373 2.04098e-23
39.4638 2.03068e-23
39.5548 2.02049e-23
39.646 2.01042e-23
39.7374 2.00045e-23
39.8291 1.9906e-23
39.9209 1.98085e-23
40.013 1.97122e-23
40.1052 1.96168e-23
40.1977 1.95226e-23
40.2904 1.94294e-23
40.3833 1.93372e-23
40.4764 1.92461e-23
40.5698 1.91559e-23
40.6633 1.90668e-23
40.7571 1.89786e-23
40.8511 1.88915e-23
40.9453 1.88053e-23
41.0397 1.87201e-23
41.1344 1.86358e-23
41.2292 1.85525e-23
41.3243 1.84701e-23
41.4196 1.83886e-23
41.5151 1.83081e-23
41.6108 1.82284e-23
41.7068 1.81497e-23
41.803 1.80718e-23
41.8994 1.79948e-23
41.996 1.79187e-23
42.0928 1.78434e-23
42.1899 1.7769e-23
42.2872 1.76955e-23
42.3847 1.76227e-23
42.4824 1.75508e-23
42.5804 1.74797e-23
42.6786 1.74094e-23
42.777 1.73399e-23
42.8757 1.72712e-23
42.9745 1.72032e-23
43.0736 1.71361e-23
43.173 1.70696e-23
43.2725 1.7004e-23
43.3723 1.69391e-23
43.4723 1.68749e-23
43.5726 1.68115e-23
43.673 1.67488e-23
43.7737 1.66868e-23
43.8747 1.66255e-23
43.9759 1.65649e-23
44.0773 1.6505e-23
44.1789 1.64457e-23
44.2808 1.63872e-23
44.3829 1.63293e-23
44.4853 1.62721e-23
44.5878 1.62155e-23
44.6907 1.61596e-23
44.7937 1.61043e-23
44.897 1.60497e-23
45.0005 1.59957e-23
45.1043 1.59423e-23
45.2083 1.58895e-23
45.3126 1.58373e-23
45.4171 1.57857e-23
45.5218 1.57347e-23
45.6268 1.56843e-23
45.732 1.56344e-23
45.8374 1.55851e-23
45.9431 1.55364e-23
46.0491 1.54883e-23
46.1553 1.54407e-23
46.2617 1.53936e-23
46.3684 1.53471e-23
46.4753 1.53011e-23
46.5825 1.52556e-23
46.6899 1.52107e-23
46.7976 1.51663e-23
46.9055 1.51223e-23
47.0137 1.50789e-23
47.1221 1.5036e-23
47.2307 1.49936e-23
47.3397 1.49516e-23
47.4488 1.49101e-23
47.5582 1.48691e-23
47.6679 1.48286e-23
47.7778 1.47886e-23
47.888 1.47489e-23
47.9984 1.47098e-23
48.1091 1.46711e-23
48.2201 1.46328e-23
48.3313 1.4595e-23
48.4427 1.45576e-23
48.5544 1.45206e-23
48.6664 1.4484e-23
48.7786 1.44479e-23
48.8911 1.44121e-23
49.0038 1.43768e-23
49.1168 1.43419e-23
49.2301 1.43073e-23
49.3436 1.42732e-23
49.4574 1.42394e-23
49.5715 1.42061e-23
49.6858 1.41731e-23
49.8004 1.41404e-23
49.9152 1.41082e-23
50.0303 1.40763e-23
50.1457 1.40447e-23
50.2613 1.40136e-23
50.3772 1.39827e-23
50.4934 1.39523e-23
50.6098 1.39221e-23
50.7265 1.38923e-23
50.8435 1.38628e-23
50.9607 1.38337e-23
51.0783 1.38049e-23
51.196 1.37764e-23
51.3141 1.37482e-23
51.4324 1.37204e-23
51.551 1.36928e-23
51.6699 1.36656e-23
51.7891 1.36386e-23
51.9085 1.3612e-23
52.0282 1.35856e-23
52.1482 1.35596e-23
52.2684 1.35338e-23
52.389 1.35083e-23
52.5098 1.34831e-23
52.6309 1.34582e-23
52.7522 1.34335e-23
52.8739 1.34091e-23
52.9958 1.3385e-23
53.118 1.33612e-23
53.2405 1.33376e-23
53.3633 1.33143e-23
53.4863 1.32912e-23
53.6097 1.32684e-23
53.7333 1.32458e-23
53.8572 1.32234e-23
53.9814 1.32014e-23
54.1059 1.31795e-23
54.2306 1.31579e-23
54.3557 1.31365e-23
54.481 1.31154e-23
54.6067 1.30944e-23
54.7326 1.30737e-23
54.8588 1.30533e-23
54.9853 1.3033e-23
55.1121 1.3013e-23
55.2392 1.29931e-23
55.3666 1.29735e-23
55.4943 1.29541e-23
55.6222 1.29349e-23
55.7505 1.29159e-23
55.8791 1.28971e-23
56.0079 1.28785e-23
56.1371 1.28601e-23
56.2665 1.28419e-23
56.3963 1.28239e-23
56.5263 1.28061e-23
56.6567 1.27884e-23
56.7873 1.2771e-23
56.9183 1.27537e-23
57.0495 1.27366e-23
57.1811 1.27197e-23
57.3129 1.27029e-23
57.4451 1.26864e-23
57.5776 1.267e-23
57.7104 1.26537e-23
57.8434 1.26377e-23
57.9768 1.26218e-23
58.1105 1.2606e-23
58.2445 1.25905e-23
58.3788 1.2575e-23
58.5135 1.25598e-23
58.6484 1.25447e-23
58.7836 1.25297e-23
58.9192 1.25149e-23
59.0551 1.25003e-23
59.1912 1.24858e-23
59.3277 1.24714e-23
59.4645 1.24572e-23
59.6017 1.24431e-23
59.7391 1.24292e-23
59.8769 1.24154e-23
60.0149 1.24017e-23
60.1533 1.23882e-23
60.2921 1.23748e-23
60.4311 1.23616e-23
60.5704 1.23485e-23
60.7101 1.23355e-23
60.8501 1.23226e-23
60.9904 1.23099e-23
61.1311 1.22972e-23
61.2721 1.22848e-23
61.4133 1.22724e-23
61.555 1.22601e-23
61.6969 1.2248e-23
61.8392 1.2236e-23
61.9818 1.22241e-23
62.1247 1.22123e-23
62.268 1.22006e-23
62.4116 1.2189e-23
62.5555 1.21776e-23
62.6997 1.21662e-23
62.8443 1.2155e-23
62.9892 1.21439e-23
63.1345 1.21329e-23
63.2801 1.21219e-23
63.426 1.21111e-23
63.5723 1.21004e-23
63.7189 1.20898e-23
63.8658 1.20793e-23
64.0131 1.20688e-23
64.1607 1.20585e-23
64.3087 1.20483e-23
64.457 1.20381e-23
64.6056 1.20281e-23
64.7546 1.20181e-23
64.9039 1.20083e-23
65.0536 1.19985e-23
65.2036 1.19888e-23
65.3539 1.19792e-23
65.5046 1.19697e-23
65.6557 1.19603e-23
65.8071 1.1951e-23
65.9589 1.19417e-23
66.111 1.19326e-23
66.2634 1.19235e-23
66.4162 1.19145e-23
66.5694 1.19055e-23
66.7229 1.18967e-23
66.8767 1.18879e-23
67.031 1.18792e-23
67.1855 1.18706e-23
67.3405 1.18621e-23
67.4958 1.18536e-23
67.6514 1.18452e-23
67.8074 1.18369e-23
67.9638 1.18287e-23
68.1205 1.18205e-23
68.2776 1.18124e-23
68.435 1.18044e-23
68.5928 1.17964e-23
68.751 1.17885e-23
68.9096 1.17807e-23
69.0685 1.17729e-23
69.2277 1.17652e-23
69.3874 1.17576e-23
69.5474 1.175e-23
69.7078 1.17425e-23
69.8685 1.17351e-23
70.0296 1.17277e-23
70.1911 1.17204e-23
70.353 1.17131e-23
70.5152 1.17059e-23
70.6778 1.16988e-23
70.8408 1.16917e-23
71.0042 1.16847e-23
71.1679 1.16777e-23
71.332 1.16708e-23
71.4965 1.1664e-23
71.6614 1.16572e-23
71.8266 1.16504e-23
71.9923 1.16438e-23
72.1583 1.16371e-23
72.3247 1.16306e-23
72.4914 1.1624e-23
72.6586 1.16176e-23
72.8262 1.16111e-23
72.9941 1.16048e-23
73.1624 1.15985e-23
73.3311 1.15922e-23
73.5002 1.1586e-23
73.6697 1.15798e-23
73.8396 1.15737e-23
74.0099 1.15676e-23
74.1806 1.15616e-23
74.3516 1.15556e-23
74.5231 1.15497e-23
74.6949 1.15438e-23
74.8672 1.1538e-23
75.0398 1.15322e-23
75.2129 1.15264e-23
75.3863 1.15207e-23
75.5601 1.15151e-23
75.7344 1.15094e-23
75.909 1.15039e-23
76.0841 1.14983e-23
76.2595 1.14928e-23
76.4354 1.14874e-23
76.6116 1.1482e-23
76.7883 1.14766e-23
76.9654 1.14713e-23
77.1429 1.1466e-23
77.3208 1.14607e-23
77.4991 1.14555e-23
77.6778 1.14504e-23
77.8569 1.14452e-23
78.0364 1.14401e-23
78.2164 1.14351e-23
78.3968 1.143e-23
78.5775 1.14251e-23
78.7587 1.14201e-23
78.9404 1.14152e-23
79.1224 1.14103e-23
79.3049 1.14055e-23
79.4877 1.14007e-23
79.671 1.13959e-23
79.8548 1.13912e-23
80.0389 1.13865e-23
80.2235 1.13818e-23
80.4085 1.13771e-23
80.5939 1.13725e-23
80.7797 1.1368e-23
80.966 1.13634e-23
81.1527 1.13589e-23
81.3399 1.13544e-23
81.5274 1.135e-23
81.7154 1.13456e-23
81.9039 1.13412e-23
82.0927 1.13369e-23
82.282 1.13325e-23
82.4718 1.13282e-23
82.662 1.1324e-23
82.8526 1.13197e-23
83.0437 1.13155e-23
83.2352 1.13114e-23
83.4271 1.13072e-23
83.6195 1.13031e-23
83.8123 1.1299e-23
84.0056 1.12949e-23
84.1993 1.12909e-23
84.3935 1.12869e-23
84.5881 1.12829e-23
84.7831 1.1279e-23
84.9786 1.1275e-23
85.1746 1.12711e-23
85.371 1.12672e-23
85.5679 1.12634e-23
85.7652 1.12596e-23
85.963 1.12558e-23
86.1612 1.1252e-23
86.3599 1.12482e-23
86.559 1.12445e-23
86.7586 1.12408e-23
86.9587 1.12371e-23
87.1592 1.12335e-23
87.3602 1.12299e-23
87.5617 1.12263e-23
87.7636 1.12227e-23
87.966 1.12191e-23
88.1688 1.12156e-23
88.3722 1.12121e-23
88.5759 1.12086e-23
88.7802 1.12051e-23
88.9849 1.12017e-23
89.1901 1.11982e-23
89.3958 1.11948e-23
89.6019 1.11914e-23
89.8086 1.11881e-23
90.0157 1.11847e-23
90.2232 1.11814e-23
90.4313 1.11781e-23
90.6398 1.11749e-23
90.8489 1.11716e-23
91.0583 1.11684e-23
91.2683 1.11652e-23
91.4788 1.1162e-23
91.6897 1.11588e-23
91.9012 1.11556e-23
92.1131 1.11525e-23
92.3255 1.11494e-23
92.5384 1.11463e-23
92.7518 1.11432e-23
92.9657 1.11401e-23
93.1801 1.11371e-23
93.395 1.11341e-23
93.6103 1.11311e-23
93.8262 1.11281e-23
94.0426 1.11251e-23
94.2594 1.11222e-23
94.4768 1.11192e-23
94.6946 1.11163e-23
94.913 1.11134e-23
95.1319 1.11106e-23
95.3513 1.11077e-23
95.5711 1.11049e-23
95.7915 1.1102e-23
96.0124 1.10992e-23
96.2338 1.10964e-23
96.4557 1.10937e-23
96.6782 1.10909e-23
96.9011 1.10882e-23
97.1246 1.10854e-23
97.3485 1.10827e-23
97.573 1.108e-23
97.798 1.10773e-23
98.0236 1.10747e-23
98.2496 1.1072e-23
98.4762 1.10694e-23
98.7032 1.10668e-23
98.9309 1.10642e-23
99.159 1.10616e-23
99.3877 1.1059e-23
99.6168 1.10565e-23
99.8466 1.10539e-23
100.077 1.10514e-23
100.308 1.10489e-23
100.539 1.10464e-23
100.771 1.10439e-23
101.003 1.10415e-23
101.236 1.1039e-23
101.469 1.10366e-23
101.703 1.10341e-23
101.938 1.10317e-23
102.173 1.10293e-23
102.409 1.10269e-23
102.645 1.10246e-23
102.882 1.10222e-23
103.119 1.10199e-23
103.357 1.10175e-23
103.595 1.10152e-23
103.834 1.10129e-23
104.073 1.10106e-23
104.313 1.10084e-23
104.554 1.10061e-23
104.795 1.10038e-23
105.037 1.10016e-23
105.279 1.09994e-23
105.522 1.09972e-23
105.765 1.0995e-23
106.009 1.09928e-23
106.253 1.09906e-23
106.498 1.09884e-23
106.744 1.09863e-23
106.99 1.09842e-23
107.237 1.0982e-23
107.484 1.09799e-23
107.732 1.09778e-23
107.98 1.09757e-23
108.229 1.09736e-23
108.479 1.09716e-23
108.729 1.09695e-23
108.98 1.09675e-23
109.231 1.09654e-23
109.483 1.09634e-23
109.735 1.09614e-23
109.988 1.09594e-23
110.242 1.09574e-23
110.496 1.09555e-23
110.751 1.09535e-23
111.007 1.09515e-23
111.262 1.09496e-23
111.519 1.09477e-23
111.776 1.09457e-23
112.034 1.09438e-23
112.292 1.09419e-23
112.551 1.094e-23
112.811 1.09382e-23
113.071 1.09363e-23
113.332 1.09344e-23
113.593 1.09326e-23
113.855 1.09308e-23
114.118 1.09289e-23
114.381 1.09271e-23
114.644 1.09253e-23
114.909 1.09235e-23
115.174 1.09217e-23
115.439 1.09199e-23
115.706 1.09182e-23
115.972 1.09164e-23
116.24 1.09147e-23
116.508 1.09129e-23
116.777 1.09112e-23
117.046 1.09095e-23
117.316 1.09078e-23
117.586 1.09061e-23
117.857 1.09044e-23
118.129 1.09027e-23
118.402 1.09011e-23
118.675 1.08994e-23
118.948 1.08977e-23
119.223 1.08961e-23
119.498 1.08945e-23
119.773 1.08928e-23
120.049 1.08912e-23
120.326 1.08896e-23
120.604 1.0888e-23
120.882 1.08864e-23
121.161 1.08849e-23
121.44 1.08833e-23
121.72 1.08817e-23
122.001 1.08802e-23
122.282 1.08786e-23
122.564 1.08771e-23
122.847 1.08756e-23
123.13 1.08741e-23
123.414 1.08726e-23
123.698 1.08711e-23
123.984 1.08696e-23
124.27 1.08681e-23
124.556 1.08666e-23
124.843 1.08651e-23
125.131 1.08637e-23
125.42 1.08622e-23
125.709 1.08608e-23
125.999 1.08594e-23
126.289 1.0858e-23
126.581 1.08565e-23
126.873 1.08551e-23
127.165 1.08537e-23
127.458 1.08523e-23
127.752 1.0851e-23
128.047 1.08496e-23
128.342 1.08482e-23
128.638 1.08469e-23
128.935 1.08455e-23
129.232 1.08442e-23
129.53 1.08428e-23
129.829 1.08415e-23
130.128 1.08402e-23
130.428 1.08389e-23
130.729 1.08376e-23
131.031 1.08363e-23
131.333 1.0835e-23
131.636 1.08337e-23
131.939 1.08324e-23
132.243 1.08312e-23
132.548 1.08299e-23
132.854 1.08287e-23
133.16 1.08274e-23
133.467 1.08262e-23
133.775 1.0825e-23
134.084 1.08238e-23
134.393 1.08225e-23
134.703 1.08213e-23
135.013 1.08201e-23
135.325 1.0819e-23
135.637 1.08178e-23
135.95 1.08166e-23
136.263 1.08154e-23
136.577 1.08143e-23
136.892 1.08131e-23
137.208 1.0812e-23
137.524 1.08108e-23
137.841 1.08097e-23
138.159 1.08086e-23
138.478 1.08075e-23
138.797 1.08064e-23
139.117 1.08053e-23
139.438 1.08042e-23
139.76 1.08031e-23
140.082 1.0802e-23
140.405 1.08009e-23
140.729 1.07999e-23
141.053 1.07988e-23
141.379 1.07977e-23
141.705 1.07967e-23
142.031 1.07957e-23
142.359 1.07946e-23
142.687 1.07936e-23
143.016 1.07926e-23
143.346 1.07916e-23
143.677 1.07906e-23
144.008 1.07896e-23
144.34 1.07886e-23
144.673 1.07876e-23
145.006 1.07866e-23
145.341 1.07856e-23
145.676 1.07847e-23
146.012 1.07837e-23
146.349 1.07828e-23
146.686 1.07818e-23
147.024 1.07809e-23
147.363 1.078e-23
147.703 1.0779e-23
148.044 1.07781e-23
148.385 1.07772e-23
148.727 1.07763e-23
149.07 1.07754e-23
149.414 1.07745e-23
149.759 1.07736e-23
150.104 1.07728e-23
150.45 1.07719e-23
150.797 1.0771e-23
151.145 1.07702e-23
151.493 1.07693e-23
151.843 1.07685e-23
152.193 1.07677e-23
152.544 1.07668e-23
152.896 1.0766e-23
153.248 1.07652e-23
153.601 1.07644e-23
153.956 1.07636e-23
154.311 1.07628e-23
154.667 1.0762e-23
155.023 1.07612e-23
155.381 1.07604e-23
155.739 1.07596e-23
156.098 1.07589e-23
156.458 1.07581e-23
156.819 1.07574e-23
157.181 1.07566e-23
157.543 1.07559e-23
157.906 1.07551e-23
158.27 1.07544e-23
158.635 1.07537e-23
159.001 1.0753e-23
159.368 1.07523e-23
159.735 1.07516e-23
160.104 1.07509e-23
160.473 1.07502e-23
160.843 1.07495e-23
161.214 1.07488e-23
161.586 1.07481e-23
161.958 1.07475e-23
162.332 1.07468e-23
162.706 1.07462e-23
163.081 1.07455e-23
163.457 1.07449e-23
163.834 1.07443e-23
164.212 1.07436e-23
164.591 1.0743e-23
164.97 1.07424e-23
165.351 1.07418e-23
165.732 1.07412e-23
166.114 1.07406e-23
166.497 1.074e-23
166.881 1.07394e-23
167.266 1.07388e-23
167.652 1.07383e-23
168.038 1.07377e-23
168.426 1.07371e-23
168.814 1.07366e-23
169.204 1.0736e-23
169.594 1.07355e-23
169.985 1.0735e-23
170.377 1.07344e-23
170.77 1.07339e-23
171.163 1.07334e-23
171.558 1.07329e-23
171.954 1.07324e-23
172.35 1.07319e-23
172.748 1.07314e-23
173.146 1.07309e-23
173.545 1.07304e-23
173.946 1.073e-23
174.347 1.07295e-23
174.749 1.07291e-23
175.152 1.07286e-23
175.556 1.07282e-23
175.96 1.07277e-23
176.366 1.07273e-23
176.773 1.07268e-23
177.181 1.07264e-23
177.589 1.0726e-23
177.999 1.07256e-23
178.409 1.07252e-23
178.821 1.07248e-23
179.233 1.07244e-23
179.646 1.0724e-23
180.061 1.07236e-23
180.476 1.07233e-23
180.892 1.07229e-23
181.309 1.07225e-23
181.727 1.07222e-23
182.146 1.07218e-23
182.566 1.07215e-23
182.987 1.07212e-23
183.409 1.07208e-23
183.832 1.07205e-23
184.256 1.07202e-23
184.681 1.07199e-23
185.107 1.07196e-23
185.534 1.07193e-23
185.962 1.0719e-23
186.39 1.07187e-23
186.82 1.07184e-23
187.251 1.07182e-23
187.683 1.07179e-23
188.116 1.07176e-23
188.549 1.07174e-23
188.984 1.07171e-23
189.42 1.07169e-23
189.857 1.07167e-23
190.295 1.07164e-23
190.733 1.07162e-23
191.173 1.0716e-23
191.614 1.07158e-23
192.056 1.07156e-23
192.499 1.07154e-23
192.943 1.07152e-23
193.388 1.0715e-23
193.834 1.07148e-23
194.281 1.07147e-23
194.729 1.07145e-23
195.178 1.07143e-23
195.628 1.07142e-23
196.079 1.0714e-23
196.531 1.07139e-23
196.984 1.07138e-23
197.438 1.07136e-23
197.894 1.07135e-23
198.35 1.07134e-23
198.808 1.07133e-23
199.266 1.07132e-23
199.725 1.07131e-23
200.186 1.0713e-23
200.648 1.07129e-23
201.11 1.07128e-23
201.574 1.07128e-23
202.039 1.07127e-23
202.505 1.07126e-23
202.972 1.07126e-23
203.44 1.07126e-23
203.909 1.07125e-23
204.379 1.07125e-23
204.851 1.07125e-23
205.323 1.07124e-23
205.796 1.07124e-23
206.271 1.07124e-23
206.747 1.07124e-23
207.223 1.07124e-23
207.701 1.07124e-23
208.18 1.07125e-23
208.66 1.07125e-23
209.141 1.07125e-23
209.624 1.07126e-23
210.107 1.07126e-23
210.592 1.07127e-23
211.077 1.07127e-23
211.564 1.07128e-23
212.052 1.07129e-23
212.541 1.0713e-23
213.031 1.07131e-23
213.522 1.07131e-23
214.015 1.07132e-23
214.508 1.07134e-23
215.003 1.07135e-23
215.499 1.07136e-23
215.996 1.07137e-23
216.494 1.07139e-23
216.993 1.0714e-23
217.493 1.07141e-23
217.995 1.07143e-23
218.498 1.07145e-23
219.001 1.07146e-23
219.506 1.07148e-23
220.013 1.0715e-23
220.52 1.07152e-23
221.028 1.07154e-23
221.538 1.07156e-23
222.049 1.07158e-23
222.561 1.0716e-23
223.074 1.07162e-23
223.589 1.07165e-23
224.104 1.07167e-23
224.621 1.0717e-23
225.139 1.07172e-23
225.658 1.07175e-23
226.179 1.07177e-23
226.7 1.0718e-23
227.223 1.07183e-23
227.747 1.07186e-23
228.272 1.07189e-23
228.798 1.07192e-23
229.326 1.07195e-23
229.855 1.07198e-23
230.385 1.07201e-23
230.916 1.07204e-23
231.449 1.07208e-23
231.982 1.07211e-23
232.517 1.07215e-23
233.054 1.07218e-23
233.591 1.07222e-23
234.13 1.07226e-23
234.67 1.0723e-23
235.211 1.07234e-23
235.753 1.07237e-23
236.297 1.07241e-23
236.842 1.07246e-23
237.388 1.0725e-23
237.935 1.07254e-23
238.484 1.07258e-23
239.034 1.07263e-23
239.585 1.07267e-23
240.138 1.07272e-23
240.691 1.07276e-23
241.246 1.07281e-23
241.803 1.07286e-23
242.36 1.07291e-23
242.919 1.07296e-23
243.479 1.07301e-23
244.041 1.07306e-23
244.604 1.07311e-23
245.168 1.07316e-23
245.733 1.07321e-23
246.3 1.07327e-23
246.868 1.07332e-23
247.437 1.07338e-23
248.007 1.07343e-23
248.579 1.07349e-23
249.153 1.07355e-23
249.727 1.07361e-23
250.303 1.07367e-23
250.88 1.07373e-23
251.459 1.07379e-23
252.039 1.07385e-23
252.62 1.07391e-23
253.202 1.07398e-23
253.786 1.07404e-23
254.372 1.0741e-23
254.958 1.07417e-23
255.546 1.07424e-23
256.135 1.0743e-23
256.726 1.07437e-23
257.318 1.07444e-23
257.911 1.07451e-23
258.506 1.07458e-23
259.102 1.07465e-23
259.7 1.07472e-23
260.299 1.0748e-23
260.899 1.07487e-23
261.5 1.07495e-23
262.103 1.07502e-23
262.708 1.0751e-23
263.314 1.07517e-23
263.921 1.07525e-23
264.53 1.07533e-23
265.14 1.07541e-23
265.751 1.07549e-23
266.364 1.07557e-23
266.978 1.07565e-23
267.594 1.07574e-23
268.211 1.07582e-23
268.829 1.07591e-23
269.449 1.07599e-23
270.071 1.07608e-23
270.693 1.07616e-23
271.318 1.07625e-23
271.943 1.07634e-23
272.57 1.07643e-23
273.199 1.07652e-23
273.829 1.07661e-23
274.46 1.07671e-23
275.093 1.0768e-23
275.728 1.07689e-23
276.363 1.07699e-23
277.001 1.07708e-23
277.639 1.07718e-23
278.28 1.07728e-23
278.921 1.07738e-23
279.565 1.07748e-23
280.209 1.07758e-23
280.855 1.07768e-23
281.503 1.07778e-23
282.152 1.07788e-23
282.803 1.07799e-23
283.455 1.07809e-23
284.109 1.0782e-23
284.764 1.07831e-23
285.421 1.07841e-23
286.079 1.07852e-23
286.738 1.07863e-23
287.4 1.07874e-23
288.062 1.07885e-23
288.727 1.07897e-23
289.392 1.07908e-23
290.06 1.07919e-23
290.729 1.07931e-23
291.399 1.07943e-23
292.071 1.07954e-23
292.745 1.07966e-23
293.42 1.07978e-23
294.096 1.0799e-23
294.774 1.08002e-23
295.454 1.08014e-23
296.136 1.08027e-23
296.818 1.08039e-23
297.503 1.08052e-23
298.189 1.08064e-23
298.877 1.08077e-23
299.566 1.0809e-23
300.257 1.08102e-23
300.949 1.08115e-23
301.643 1.08129e-23
302.339 1.08142e-23
303.036 1.08155e-23
303.735 1.08168e-23
304.435 1.08182e-23
305.137 1.08195e-23
305.841 1.08209e-23
306.546 1.08223e-23
307.253 1.08237e-23
307.961 1.08251e-23
308.671 1.08265e-23
309.383 1.08279e-23
310.097 1.08293e-23
310.812 1.08308e-23
311.529 1.08322e-23
312.247 1.08337e-23
312.967 1.08352e-23
313.689 1.08367e-23
314.412 1.08381e-23
315.137 1.08397e-23
315.864 1.08412e-23
316.592 1.08427e-23
317.322 1.08442e-23
318.054 1.08458e-23
318.787 1.08473e-23
319.523 1.08489e-23
320.259 1.08505e-23
320.998 1.08521e-23
321.738 1.08537e-23
322.48 1.08553e-23
323.224 1.08569e-23
323.969 1.08585e-23
324.716 1.08602e-23
325.465 1.08619e-23
326.215 1.08635e-23
326.968 1.08652e-23
327.722 1.08669e-23
328.477 1.08686e-23
329.235 1.08703e-23
329.994 1.0872e-23
330.755 1.08738e-23
331.518 1.08755e-23
332.282 1.08773e-23
333.049 1.0879e-23
333.817 1.08808e-23
334.586 1.08826e-23
335.358 1.08844e-23
336.131 1.08862e-23
336.906 1.08881e-23
337.683 1.08899e-23
338.462 1.08918e-23
339.242 1.08936e-23
340.025 1.08955e-23
340.809 1.08974e-23
341.595 1.08993e-23
342.382 1.09012e-23
343.172 1.09031e-23
343.963 1.09051e-23
344.757 1.0907e-23
345.552 1.0909e-23
346.348 1.09109e-23
347.147 1.09129e-23
347.948 1.09149e-23
348.75 1.09169e-23
349.554 1.0919e-23
350.36 1.0921e-23
351.168 1.0923e-23
351.978 1.09251e-23
352.79 1.09272e-23
353.603 1.09293e-23
354.419 1.09314e-23
355.236 1.09335e-23
356.055 1.09356e-23
356.876 1.09377e-23
357.699 1.09399e-23
358.524 1.0942e-23
359.351 1.09442e-23
360.179 1.09464e-23
361.01 1.09486e-23
361.842 1.09508e-23
362.677 1.0953e-23
363.513 1.09553e-23
364.351 1.09575e-23
365.192 1.09598e-23
366.034 1.09621e-23
366.878 1.09644e-23
367.724 1.09667e-23
368.572 1.0969e-23
369.422 1.09713e-23
370.274 1.09737e-23
371.128 1.0976e-23
371.983 1.09784e-23
372.841 1.09808e-23
373.701 1.09832e-23
374.563 1.09856e-23
375.426 1.0988e-23
376.292 1.09905e-23
377.16 1.09929e-23
378.03 1.09954e-23
378.901 1.09979e-23
379.775 1.10004e-23
380.651 1.10029e-23
381.529 1.10054e-23
382.408 1.1008e-23
383.29 1.10105e-23
384.174 1.10131e-23
385.06 1.10157e-23
385.948 1.10183e-23
386.838 1.10209e-23
387.73 1.10235e-23
388.624 1.10262e-23
389.52 1.10288e-23
390.419 1.10315e-23
391.319 1.10342e-23
392.221 1.10369e-23
393.126 1.10396e-23
394.032 1.10424e-23
394.941 1.10451e-23
395.852 1.10479e-23
396.765 1.10507e-23
397.679 1.10534e-23
398.597 1.10563e-23
399.516 1.10591e-23
400.437 1.10619e-23
401.36 1.10648e-23
402.286 1.10676e-23
403.214 1.10705e-23
404.143 1.10734e-23
405.075 1.10763e-23
406.009 1.10793e-23
406.946 1.10822e-23
407.884 1.10852e-23
408.825 1.10882e-23
409.767 1.10912e-23
410.712 1.10942e-23
411.66 1.10972e-23
412.609 1.11003e-23
413.56 1.11033e-23
414.514 1.11064e-23
415.47 1.11095e-23
416.428 1.11126e-23
417.388 1.11158e-23
418.351 1.11189e-23
419.315 1.11221e-23
420.282 1.11253e-23
421.252 1.11285e-23
422.223 1.11317e-23
423.197 1.1135e-23
424.173 1.11383e-23
425.151 1.11416e-23
426.131 1.11449e-23
427.114 1.11483e-23
428.099 1.11517e-23
429.086 1.11551e-23
430.075 1.11587e-23
431.067 1.11623e-23
432.061 1.11661e-23
433.057 1.11702e-23
434.056 1.11749e-23
435.057 1.1181e-23
436.06 1.11923e-23
437.066 1.12381e-23
438.074 1.06221e-22
439.084 1.12415e-23
440.096 1.12053e-23
441.111 1.12014e-23
442.129 1.12024e-23
443.148 1.12048e-23
444.17 1.12077e-23
445.194 1.12109e-23
446.221 1.12143e-23
447.25 1.12178e-23
448.281 1.12213e-23
449.315 1.12249e-23
450.351 1.12285e-23
451.39 1.12322e-23
452.43 1.12359e-23
453.474 1.12396e-23
454.519 1.12433e-23
455.568 1.12471e-23
456.618 1.12509e-23
457.671 1.12547e-23
458.727 1.12585e-23
459.784 1.12624e-23
460.845 1.12663e-23
461.907 1.12702e-23
462.972 1.12741e-23
464.04 1.1278e-23
465.11 1.1282e-23
466.183 1.12859e-23
467.258 1.12899e-23
468.335 1.12939e-23
469.415 1.1298e-23
470.498 1.1302e-23
471.583 1.13061e-23
472.67 1.13102e-23
473.76 1.13143e-23
474.853 1.13185e-23
475.948 1.13226e-23
477.045 1.13268e-23
478.145 1.1331e-23
479.248 1.13352e-23
480.353 1.13394e-23
481.461 1.13437e-23
482.571 1.1348e-23
483.684 1.13523e-23
484.799 1.13566e-23
485.917 1.13609e-23
487.038 1.13653e-23
488.161 1.13697e-23
489.286 1.13741e-23
490.415 1.13785e-23
491.546 1.13829e-23
492.679 1.13874e-23
493.815 1.13919e-23
494.954 1.13964e-23
496.095 1.14009e-23
497.239 1.14055e-23
498.386 1.14101e-23
499.535 1.14146e-23
500.687 1.14193e-23
501.842 1.14239e-23
502.999 1.14286e-23
504.159 1.14332e-23
505.322 1.14379e-23
506.487 1.14427e-23
507.655 1.14474e-23
508.825 1.14522e-23
509.999 1.1457e-23
511.175 1.14618e-23
512.354 1.14666e-23
513.535 1.14715e-23
514.719 1.14764e-23
515.906 1.14813e-23
517.096 1.14862e-23
518.288 1.14912e-23
519.484 1.14961e-23
520.682 1.15011e-23
521.882 1.15061e-23
523.086 1.15112e-23
524.292 1.15163e-23
525.501 1.15213e-23
526.713 1.15265e-23
527.927 1.15316e-23
529.145 1.15367e-23
530.365 1.15419e-23
531.588 1.15471e-23
532.814 1.15524e-23
534.043 1.15576e-23
535.274 1.15629e-23
536.508 1.15682e-23
537.746 1.15735e-23
538.986 1.15789e-23
540.229 1.15843e-23
541.474 1.15897e-23
542.723 1.15951e-23
543.974 1.16005e-23
545.229 1.1606e-23
546.486 1.16115e-23
547.746 1.1617e-23
549.01 1.16226e-23
550.276 1.16282e-23
551.544 1.16338e-23
552.816 1.16394e-23
554.091 1.1645e-23
555.369 1.16507e-23
556.65 1.16564e-23
557.933 1.16621e-23
559.22 1.16679e-23
560.509 1.16737e-23
561.802 1.16795e-23
563.097 1.16853e-23
564.396 1.16911e-23
565.697 1.1697e-23
567.002 1.17029e-23
568.309 1.17089e-23
569.62 1.17148e-23
570.933 1.17208e-23
572.25 1.17268e-23
573.57 1.17329e-23
574.892 1.17389e-23
576.218 1.1745e-23
577.547 1.17511e-23
578.879 1.17573e-23
580.214 1.17634e-23
581.552 1.17697e-23
582.893 1.17759e-23
584.237 1.17821e-23
585.584 1.17884e-23
586.934 1.17947e-23
588.288 1.18011e-23
589.644 1.18074e-23
591.004 1.18138e-23
592.367 1.18202e-23
593.733 1.18267e-23
595.102 1.18332e-23
596.474 1.18397e-23
597.85 1.18462e-23
599.229 1.18528e-23
600.61 1.18594e-23
601.995 1.1866e-23
603.384 1.18726e-23
604.775 1.18793e-23
606.17 1.1886e-23
607.567 1.18927e-23
608.969 1.18995e-23
610.373 1.19063e-23
611.78 1.19131e-23
613.191 1.192e-23
614.605 1.19269e-23
616.022 1.19338e-23
617.443 1.19407e-23
618.867 1.19477e-23
620.294 1.19547e-23
621.724 1.19617e-23
623.158 1.19688e-23
624.595 1.19759e-23
626.035 1.1983e-23
627.479 1.19901e-23
628.926 1.19973e-23
630.376 1.20045e-23
631.83 1.20118e-23
633.287 1.2019e-23
634.747 1.20263e-23
636.211 1.20337e-23
637.678 1.2041e-23
639.149 1.20484e-23
640.623 1.20559e-23
642.1 1.20633e-23
643.58 1.20708e-23
645.065 1.20784e-23
646.552 1.20859e-23
648.043 1.20935e-23
649.537 1.21011e-23
651.035 1.21088e-23
652.537 1.21164e-23
654.041 1.21242e-23
655.55 1.21319e-23
657.061 1.21397e-23
658.576 1.21475e-23
660.095 1.21553e-23
661.617 1.21632e-23
663.143 1.21711e-23
664.672 1.21791e-23
666.205 1.21871e-23
667.741 1.21951e-23
669.281 1.22031e-23
670.824 1.22112e-23
672.371 1.22193e-23
673.922 1.22274e-23
675.476 1.22356e-23
677.034 1.22438e-23
678.595 1.22521e-23
680.16 1.22604e-23
681.728 1.22687e-23
683.3 1.2277e-23
684.876 1.22854e-23
686.455 1.22938e-23
688.038 1.23023e-23
689.625 1.23108e-23
691.215 1.23193e-23
692.809 1.23278e-23
694.407 1.23364e-23
696.008 1.23451e-23
697.613 1.23537e-23
699.222 1.23624e-23
700.834 1.23711e-23
702.45 1.23799e-23
704.07 1.23887e-23
705.694 1.23976e-23
707.321 1.24064e-23
708.952 1.24153e-23
710.587 1.24243e-23
712.226 1.24333e-23
713.868 1.24423e-23
715.514 1.24514e-23
717.164 1.24604e-23
718.818 1.24696e-23
720.475 1.24787e-23
722.137 1.2488e-23
723.802 1.24972e-23
725.471 1.25065e-23
727.144 1.25158e-23
728.821 1.25251e-23
730.502 1.25345e-23
732.186 1.2544e-23
733.875 1.25534e-23
735.567 1.25629e-23
737.263 1.25725e-23
738.963 1.25821e-23
740.667 1.25917e-23
742.375 1.26013e-23
744.087 1.2611e-23
745.803 1.26208e-23
747.523 1.26305e-23
749.247 1.26404e-23
750.975 1.26502e-23
752.706 1.26601e-23
754.442 1.267e-23
756.182 1.268e-23
757.926 1.269e-23
759.673 1.27001e-23
761.425 1.27102e-23
763.181 1.27203e-23
764.941 1.27305e-23
766.705 1.27407e-23
768.473 1.27509e-23
770.245 1.27612e-23
772.021 1.27715e-23
773.801 1.27819e-23
775.586 1.27923e-23
777.374 1.28028e-23
779.167 1.28133e-23
780.964 1.28238e-23
782.765 1.28344e-23
784.57 1.2845e-23
786.379 1.28556e-23
788.192 1.28663e-23
790.01 1.28771e-23
791.832 1.28879e-23
793.658 1.28987e-23
795.488 1.29096e-23
797.322 1.29205e-23
799.161 1.29314e-23
801.004 1.29424e-23
802.851 1.29535e-23
804.702 1.29645e-23
806.558 1.29757e-23
808.418 1.29868e-23
810.282 1.2998e-23
812.151 1.30093e-23
814.023 1.30206e-23
815.901 1.30319e-23
817.782 1.30433e-23
819.668 1.30547e-23
821.558 1.30662e-23
823.452 1.30777e-23
825.351 1.30893e-23
827.255 1.31009e-23
829.162 1.31125e-23
831.074 1.31242e-23
832.991 1.3136e-23
834.912 1.31478e-23
836.837 1.31596e-23
838.767 1.31715e-23
840.701 1.31834e-23
842.64 1.31954e-23
844.583 1.32074e-23
846.53 1.32195e-23
848.482 1.32316e-23
850.439 1.32438e-23
852.4 1.32561e-23
854.366 1.32687e-23
856.336 1.32823e-23
858.311 1.33458e-23
860.29 1.33101e-23
862.274 1.33184e-23
864.262 1.33303e-23
866.255 1.33427e-23
868.253 1.33552e-23
870.255 1.33677e-23
872.262 1.33804e-23
874.273 1.33931e-23
876.289 1.34058e-23
878.31 1.34186e-23
880.336 1.34314e-23
882.366 1.34443e-23
884.4 1.34573e-23
886.44 1.34703e-23
888.484 1.34833e-23
890.533 1.34964e-23
892.586 1.35096e-23
894.645 1.35227e-23
896.708 1.3536e-23
898.775 1.35493e-23
900.848 1.35626e-23
902.925 1.3576e-23
905.008 1.35894e-23
907.095 1.36029e-23
909.186 1.36165e-23
911.283 1.363e-23
913.384 1.36437e-23
915.491 1.36574e-23
917.602 1.36711e-23
919.718 1.36849e-23
921.839 1.36987e-23
923.964 1.37126e-23
926.095 1.37266e-23
928.231 1.37405e-23
930.371 1.37546e-23
932.517 1.37687e-23
934.667 1.37828e-23
936.822 1.3797e-23
938.983 1.38113e-23
941.148 1.38256e-23
943.318 1.38399e-23
945.494 1.38543e-23
947.674 1.38688e-23
949.859 1.38833e-23
952.05 1.38979e-23
954.245 1.39125e-23
956.445 1.39272e-23
958.651 1.39419e-23
960.862 1.39567e-23
963.077 1.39715e-23
965.298 1.39864e-23
967.524 1.40013e-23
969.755 1.40163e-23
971.992 1.40313e-23
974.233 1.40464e-23
976.48 1.40616e-23
978.731 1.40768e-23
980.988 1.40921e-23
983.251 1.41074e-23
985.518 1.41228e-23
987.791 1.41382e-23
990.068 1.41537e-23
992.352 1.41692e-23
994.64 1.41848e-23
996.934 1.42005e-23
999.233 1.42162e-23
1001.54 1.42319e-23
1003.85 1.42477e-23
1006.16 1.42636e-23
1008.48 1.42795e-23
1010.81 1.42955e-23
1013.14 1.43116e-23
1015.47 1.43277e-23
1017.82 1.43438e-23
1020.16 1.436e-23
1022.52 1.43763e-23
1024.87 1.43926e-23
1027.24 1.4409e-23
1029.61 1.44255e-23
1031.98 1.4442e-23
1034.36 1.44585e-23
1036.74 1.44752e-23
1039.14 1.44918e-23
1041.53 1.45086e-23
1043.93 1.45254e-23
1046.34 1.45422e-23
1048.75 1.45591e-23
1051.17 1.45761e-23
1053.6 1.45931e-23
1056.03 1.46102e-23
1058.46 1.46274e-23
1060.9 1.46446e-23
1063.35 1.46619e-23
1065.8 1.46792e-23
1068.26 1.46966e-23
1070.72 1.4714e-23
1073.19 1.47316e-23
1075.67 1.47491e-23
1078.15 1.47668e-23
1080.63 1.47845e-23
1083.12 1.48022e-23
1085.62 1.482e-23
1088.13 1.48379e-23
1090.63 1.48559e-23
1093.15 1.48739e-23
1095.67 1.48919e-23
1098.2 1.491e-23
1100.73 1.49282e-23
1103.27 1.49465e-23
1105.81 1.49648e-23
1108.36 1.49832e-23
1110.92 1.50016e-23
1113.48 1.50201e-23
1116.05 1.50387e-23
1118.62 1.50573e-23
1121.2 1.5076e-23
1123.79 1.50948e-23
1126.38 1.51136e-23
1128.97 1.51325e-23
1131.58 1.51514e-23
1134.19 1.51704e-23
1136.8 1.51895e-23
1139.42 1.52087e-23
1142.05 1.52279e-23
1144.69 1.52471e-23
1147.33 1.52665e-23
1149.97 1.52859e-23
1152.62 1.53054e-23
1155.28 1.53249e-23
1157.94 1.53445e-23
1160.62 1.53642e-23
1163.29 1.53839e-23
1165.97 1.54037e-23
1168.66 1.54236e-23
1171.36 1.54435e-23
1174.06 1.54635e-23
1176.77 1.54836e-23
1179.48 1.55037e-23
1182.2 1.55239e-23
1184.93 1.55442e-23
1187.66 1.55645e-23
1190.4 1.55849e-23
1193.14 1.56054e-23
1195.89 1.56259e-23
1198.65 1.56465e-23
1201.42 1.56672e-23
1204.19 1.5688e-23
1206.96 1.57088e-23
1209.75 1.57297e-23
1212.54 1.57506e-23
1215.33 1.57717e-23
1218.13 1.57928e-23
1220.94 1.58139e-23
1223.76 1.58352e-23
1226.58 1.58565e-23
1229.41 1.58779e-23
1232.24 1.58994e-23
1235.09 1.5921e-23
1237.93 1.59431e-23
1240.79 1.61503e-23
1243.65 1.59867e-23
1246.52 1.60078e-23
1249.39 1.60295e-23
1252.27 1.60514e-23
1255.16 1.60734e-23
1258.06 1.60955e-23
1260.96 1.61176e-23
1263.86 1.61398e-23
1266.78 1.61621e-23
1269.7 1.61845e-23
1272.63 1.6207e-23
1275.56 1.62295e-23
1278.5 1.62521e-23
1281.45 1.62747e-23
1284.41 1.62975e-23
1287.37 1.63203e-23
1290.34 1.63432e-23
1293.31 1.63662e-23
1296.3 1.63892e-23
1299.29 1.64123e-23
1302.28 1.64355e-23
1305.28 1.64588e-23
1308.29 1.64821e-23
1311.31 1.65055e-23
1314.34 1.6529e-23
1317.37 1.65525e-23
1320.4 1.65762e-23
1323.45 1.65999e-23
1326.5 1.66237e-23
1329.56 1.66476e-23
1332.63 1.66715e-23
1335.7 1.66955e-23
1338.78 1.67196e-23
1341.87 1.67438e-23
1344.96 1.6768e-23
1348.06 1.67924e-23
1351.17 1.68168e-23
1354.29 1.68412e-23
1357.41 1.68658e-23
1360.54 1.68904e-23
1363.68 1.69152e-23
1366.82 1.694e-23
1369.97 1.69648e-23
1373.13 1.69898e-23
1376.3 1.70148e-23
1379.47 1.70399e-23
1382.65 1.70651e-23
1385.84 1.70904e-23
1389.04 1.71157e-23
1392.24 1.71412e-23
1395.45 1.71667e-23
1398.67 1.71923e-23
1401.9 1.72179e-23
1405.13 1.72437e-23
1408.37 1.72695e-23
1411.62 1.72954e-23
1414.87 1.73214e-23
1418.13 1.73475e-23
1421.4 1.73736e-23
1424.68 1.73999e-23
1427.97 1.74262e-23
1431.26 1.74526e-23
1434.56 1.74791e-23
1437.87 1.75056e-23
1441.18 1.75323e-23
1444.51 1.7559e-23
1447.84 1.75858e-23
1451.18 1.76127e-23
1454.52 1.76397e-23
1457.88 1.76668e-23
1461.24 1.76939e-23
1464.61 1.77212e-23
1467.99 1.77485e-23
1471.37 1.77759e-23
1474.77 1.78034e-23
1478.17 1.78309e-23
1481.57 1.78586e-23
1484.99 1.78863e-23
1488.42 1.79142e-23
1491.85 1.79421e-23
1495.29 1.79701e-23
1498.74 1.79982e-23
1502.19 1.80263e-23
1505.66 1.80546e-23
1509.13 1.80829e-23
1512.61 1.81114e-23
1516.1 1.81399e-23
1519.59 1.81685e-23
1523.1 1.81972e-23
1526.61 1.82259e-23
1530.13 1.82548e-23
1533.66 1.82838e-23
1537.19 1.83128e-23
1540.74 1.83419e-23
1544.29 1.83712e-23
1547.85 1.84005e-23
1551.42 1.84299e-23
1555 1.84593e-23
1558.59 1.84889e-23
1562.18 1.85186e-23
1565.78 1.85484e-23
1569.39 1.85783e-23
1573.01 1.86086e-23
1576.64 1.86562e-23
1580.28 1.86685e-23
1583.92 1.86985e-23
1587.57 1.87288e-23
1591.23 1.87591e-23
1594.9 1.87896e-23
1598.58 1.88202e-23
1602.27 1.88508e-23
1605.96 1.88816e-23
1609.67 1.89124e-23
1613.38 1.89434e-23
1617.1 1.89744e-23
1620.83 1.90055e-23
1624.56 1.90367e-23
1628.31 1.9068e-23
1632.07 1.90994e-23
1635.83 1.91309e-23
1639.6 1.91625e-23
1643.38 1.91942e-23
1647.17 1.9226e-23
1650.97 1.92579e-23
1654.78 1.92898e-23
1658.59 1.93219e-23
1662.42 1.9354e-23
1666.25 1.93863e-23
1670.09 1.94186e-23
1673.95 1.94511e-23
1677.81 1.94836e-23
1681.67 1.95163e-23
1685.55 1.9549e-23
1689.44 1.95818e-23
1693.34 1.96147e-23
1697.24 1.96478e-23
1701.15 1.96809e-23
1705.08 1.97141e-23
1709.01 1.97474e-23
1712.95 1.97808e-23
1716.9 1.98143e-23
1720.86 1.98479e-23
1724.83 1.98816e-23
1728.8 1.99154e-23
1732.79 1.99493e-23
1736.79 1.99833e-23
1740.79 2.00174e-23
1744.81 2.00516e-23
1748.83 2.00859e-23
1752.86 2.01203e-23
1756.9 2.01548e-23
1760.96 2.01894e-23
1765.02 2.02241e-23
1769.09 2.02589e-23
1773.17 2.02938e-23
1777.26 2.03288e-23
1781.35 2.0364e-23
1785.46 2.03992e-23
1789.58 2.04345e-23
1793.71 2.04699e-23
1797.84 2.05054e-23
1801.99 2.0541e-23
1806.14 2.05767e-23
1810.31 2.06125e-23
1814.48 2.06485e-23
1818.67 2.06845e-23
1822.86 2.07206e-23
1827.06 2.07569e-23
1831.28 2.07932e-23
1835.5 2.08296e-23
1839.73 2.08662e-23
1843.98 2.09028e-23
1848.23 2.09396e-23
1852.49 2.09765e-23
1856.76 2.10134e-23
1861.04 2.10505e-23
1865.34 2.10877e-23
1869.64 2.1125e-23
1873.95 2.11624e-23
1878.27 2.11999e-23
1882.6 2.12375e-23
1886.94 2.12752e-23
1891.29 2.13131e-23
1895.65 2.13512e-23
1900.03 2.13899e-23
1904.41 2.14272e-23
1908.8 2.14654e-23
1913.2 2.15037e-23
1917.61 2.15422e-23
1922.03 2.15808e-23
1926.47 2.16195e-23
1930.91 2.16583e-23
1935.36 2.16972e-23
1939.83 2.17362e-23
1944.3 2.17753e-23
1948.78 2.18145e-23
1953.28 2.18539e-23
1957.78 2.18934e-23
1962.29 2.19329e-23
1966.82 2.19726e-23
1971.36 2.20124e-23
1975.9 2.20523e-23
1980.46 2.20923e-23
1985.02 2.21324e-23
1989.6 2.21727e-23
1994.19 2.2213e-23
1998.79 2.22535e-23
2003.4 2.22941e-23
2008.02 2.23348e-23
2012.65 2.23756e-23
2017.29 2.24165e-23
2021.94 2.24575e-23
2026.6 2.24987e-23
2031.28 2.254e-23
2035.96 2.25813e-23
2040.66 2.26228e-23
2045.36 2.26644e-23
2050.08 2.27062e-23
2054.81 2.2748e-23
2059.54 2.279e-23
2064.29 2.2832e-23
2069.05 2.28742e-23
2073.83 2.29165e-23
2078.61 2.2959e-23
2083.4 2.30015e-23
2088.21 2.30442e-23
2093.02 2.30869e-23
2097.85 2.31298e-23
2102.69 2.31728e-23
2107.53 2.3216e-23
2112.39 2.32592e-23
2117.27 2.33026e-23
2122.15 2.33461e-23
2127.04 2.33897e-23
2131.95 2.34334e-23
2136.86 2.34773e-23
2141.79 2.35212e-23
2146.73 2.35653e-23
2151.68 2.36095e-23
2156.64 2.36539e-23
2161.61 2.36983e-23
2166.6 2.37429e-23
2171.6 2.37876e-23
2176.6 2.38324e-23
2181.62 2.38774e-23
2186.65 2.39224e-23
2191.7 2.39676e-23
2196.75 2.40129e-23
2201.82 2.40584e-23
2206.89 2.41039e-23
2211.98 2.41496e-23
2217.08 2.41954e-23
2222.2 2.42414e-23
2227.32 2.42874e-23
2232.46 2.43336e-23
2237.6 2.43799e-23
2242.76 2.44264e-23
2247.94 2.44729e-23
2253.12 2.45196e-23
2258.32 2.45672e-23
2263.52 2.46134e-23
2268.74 2.46604e-23
2273.97 2.47076e-23
2279.22 2.47549e-23
2284.47 2.48024e-23
2289.74 2.485e-23
2295.02 2.48977e-23
2300.31 2.49455e-23
2305.62 2.49935e-23
2310.94 2.50416e-23
2316.27 2.50898e-23
2321.61 2.51381e-23
2326.96 2.51866e-23
2332.33 2.52352e-23
2337.7 2.5284e-23
2343.1 2.53328e-23
2348.5 2.53819e-23
2353.91 2.5431e-23
2359.34 2.54803e-23
2364.78 2.55297e-23
2370.24 2.55792e-23
2375.7 2.56289e-23
2381.18 2.56787e-23
2386.67 2.57286e-23
2392.17 2.57787e-23
2397.69 2.58289e-23
2403.22 2.58792e-23
2408.76 2.59297e-23
2414.32 2.59803e-23
2419.88 2.6031e-23
2425.46 2.60819e-23
2431.06 2.61329e-23
2436.66 2.6184e-23
2442.28 2.62353e-23
2447.91 2.62867e-23
2453.56 2.63383e-23
2459.22 2.63899e-23
2464.89 2.64418e-23
2470.57 2.64937e-23
2476.27 2.65458e-23
2481.98 2.65981e-23
2487.7 2.66505e-23
2493.44 2.6703e-23
2499.19 2.67556e-23
2504.95 2.68084e-23
2510.73 2.68613e-23
2516.52 2.69144e-23
2522.32 2.69676e-23
2528.14 2.7021e-23
2533.97 2.70745e-23
2539.81 2.71281e-23
2545.67 2.71819e-23
2551.54 2.72358e-23
2557.42 2.72899e-23
2563.32 2.73441e-23
2569.23 2.73984e-23
2575.16 2.74529e-23
2581.09 2.75075e-23
2587.05 2.75623e-23
2593.01 2.76172e-23
2598.99 2.76723e-23
2604.99 2.77275e-23
2610.99 2.77829e-23
2617.01 2.78384e-23
2623.05 2.7894e-23
2629.1 2.79498e-23
2635.16 2.80057e-23
2641.24 2.80618e-23
2647.33 2.8118e-23
2653.43 2.81744e-23
2659.55 2.82309e-23
2665.68 2.82876e-23
2671.83 2.83444e-23
2677.99 2.84014e-23
2684.17 2.84585e-23
2690.36 2.85157e-23
2696.56 2.85732e-23
2702.78 2.86307e-23
2709.01 2.86884e-23
2715.26 2.87463e-23
2721.52 2.88043e-23
2727.8 2.88624e-23
2734.09 2.89208e-23
2740.39 2.89792e-23
2746.71 2.90378e-23
2753.04 2.90966e-23
2759.39 2.91555e-23
2765.76 2.92146e-23
2772.13 2.92738e-23
2778.53 2.93332e-23
2784.93 2.93927e-23
2791.36 2.94524e-23
2797.79 2.95122e-23
2804.24 2.95722e-23
2810.71 2.96324e-23
2817.19 2.96927e-23
2823.69 2.97532e-23
2830.2 2.98138e-23
2836.73 2.98745e-23
2843.27 2.99355e-23
2849.83 2.99966e-23
2856.4 3.00578e-23
2862.98 3.01192e-23
2869.59 3.01808e-23
2876.2 3.02425e-23
2882.84 3.03044e-23
2889.48 3.03664e-23
2896.15 3.04286e-23
2902.83 3.0491e-23
2909.52 3.05535e-23
2916.23 3.06161e-23
2922.95 3.0679e-23
2929.69 3.0742e-23
2936.45 3.08051e-23
2943.22 3.08685e-23
2950.01 3.09319e-23
2956.81 3.09956e-23
2963.63 3.10594e-23
2970.46 3.11234e-23
2977.31 3.11875e-23
2984.18 3.12518e-23
2991.06 3.13163e-23
2997.96 3.13809e-23
3004.87 3.14457e-23
3011.8 3.15107e-23
3018.75 3.15758e-23
3025.71 3.16411e-23
3032.68 3.17066e-23
3039.68 3.17722e-23
3046.69 3.1838e-23
3053.71 3.1904e-23
3060.76 3.19701e-23
3067.81 3.20364e-23
3074.89 3.21029e-23
3081.98 3.21695e-23
3089.09 3.22363e-23
3096.21 3.23034e-23
3103.35 3.23704e-23
3110.51 3.24378e-23
3117.68 3.25053e-23
3124.87 3.25729e-23
3132.07 3.26407e-23
3139.3 3.27087e-23
3146.54 3.27769e-23
3153.79 3.28453e-23
3161.06 3.29138e-23
3168.35 3.29825e-23
3175.66 3.30513e-23
3182.98 3.31204e-23
3190.32 3.31896e-23
3197.68 3.3259e-23
3205.05 3.33286e-23
3212.44 3.33983e-23
3219.85 3.34682e-23
3227.28 3.35383e-23
3234.72 3.36086e-23
3242.18 3.3679e-23
3249.66 3.37496e-23
3257.15 3.38204e-23
3264.66 3.38914e-23
3272.19 3.39626e-23
3279.73 3.40339e-23
3287.3 3.41054e-23
3294.88 3.41771e-23
3302.48 3.4249e-23
3310.09 3.43211e-23
3317.72 3.43933e-23
3325.37 3.44657e-23
3333.04 3.45383e-23
3340.73 3.46111e-23
3348.43 3.46841e-23
3356.15 3.47572e-23
3363.89 3.48305e-23
3371.65 3.49041e-23
3379.43 3.49778e-23
3387.22 3.50516e-23
3395.03 3.51257e-23
3402.86 3.52e-23
3410.71 3.52744e-23
3418.57 3.5349e-23
3426.45 3.54238e-23
3434.36 3.54988e-23
3442.28 3.5574e-23
3450.21 3.56494e-23
3458.17 3.57249e-23
3466.14 3.58007e-23
3474.14 3.58766e-23
3482.15 3.59528e-23
3490.18 3.60291e-23
3498.23 3.61056e-23
3506.29 3.61823e-23
3514.38 3.62592e-23
3522.48 3.63362e-23
3530.61 3.64135e-23
3538.75 3.6491e-23
3546.91 3.65686e-23
3555.09 3.66465e-23
3563.29 3.67245e-23
3571.5 3.68028e-23
3579.74 3.68812e-23
3587.99 3.69598e-23
3596.27 3.70386e-23
3604.56 3.71176e-23
3612.87 3.71969e-23
3621.2 3.72763e-23
3629.55 3.73559e-23
3637.92 3.74357e-23
3646.31 3.75157e-23
3654.72 3.75959e-23
3663.15 3.76763e-23
3671.6 3.77569e-23
3680.06 3.78376e-23
3688.55 3.79186e-23
3697.06 3.79998e-23
3705.58 3.80812e-23
3714.13 3.81628e-23
3722.69 3.82446e-23
3731.28 3.83266e-23
3739.88 3.84088e-23
3748.5 3.84913e-23
3757.15 3.85739e-23
3765.81 3.86567e-23
3774.5 3.87397e-23
3783.2 3.8823e-23
3791.92 3.89064e-23
3800.67 3.89901e-23
3809.43 3.90739e-23
3818.22 3.9158e-23
3827.02 3.92422e-23
3835.85 3.93267e-23
3844.69 3.94114e-23
3853.56 3.94963e-23
3862.44 3.95814e-23
3871.35 3.96667e-23
3880.28 3.97522e-23
3889.23 3.98379e-23
3898.2 3.99239e-23
3907.18 4.001e-23
3916.19 4.00964e-23
3925.23 4.01829e-23
3934.28 4.02697e-23
3943.35 4.03567e-23
3952.44 4.04439e-23
3961.56 4.05314e-23
3970.69 4.0619e-23
3979.85 4.07072e-23
3989.03 4.07949e-23
3998.23 4.08832e-23
4007.45 4.09717e-23
4016.69 4.10604e-23
4025.95 4.11494e-23
4035.23 4.12385e-23
4044.54 4.13279e-23
4053.87 4.14175e-23
4063.21 4.15073e-23
4072.58 4.15973e-23
4081.97 4.16875e-23
4091.39 4.1778e-23
4100.82 4.18687e-23
4110.28 4.19596e-23
4119.76 4.20507e-23
4129.26 4.21421e-23
4138.78 4.22337e-23
4148.32 4.23255e-23
4157.89 4.24175e-23
4167.48 4.25097e-23
4177.09 4.26022e-23
4186.72 4.26949e-23
4196.38 4.27878e-23
4206.05 4.2881e-23
4215.75 4.29744e-23
4225.47 4.3068e-23
4235.22 4.31618e-23
4244.98 4.32559e-23
4254.77 4.33502e-23
4264.58 4.34447e-23
4274.42 4.35394e-23
4284.27 4.36344e-23
4294.15 4.37296e-23
4304.06 4.38251e-23
4313.98 4.39207e-23
4323.93 4.40166e-23
4333.9 4.41128e-23
4343.89 4.42092e-23
4353.91 4.43058e-23
4363.95 4.44026e-23
4374.02 4.44997e-23
4384.1 4.4597e-23
4394.21 4.46945e-23
4404.34 4.47923e-23
4414.5 4.48903e-23
4424.68 4.49886e-23
4434.88 4.50871e-23
4445.11 4.51858e-23
4455.36 4.52848e-23
4465.64 4.5384e-23
4475.93 4.54835e-23
4486.26 4.55832e-23
4496.6 4.56831e-23
4506.97 4.57833e-23
4517.36 4.58837e-23
4527.78 4.59844e-23
4538.22 4.60853e-23
4548.69 4.61864e-23
4559.18 4.62878e-23
4569.69 4.63895e-23
4580.23 4.64914e-23
4590.79 4.65935e-23
4601.38 4.66959e-23
4611.99 4.67985e-23
4622.62 4.69014e-23
4633.28 4.70045e-23
4643.97 4.71079e-23
4654.67 4.72115e-23
4665.41 4.73154e-23
4676.17 4.74195e-23
4686.95 4.75239e-23
4697.76 4.76285e-23
4708.59 4.77334e-23
4719.45 4.78385e-23
4730.33 4.79439e-23
4741.24 4.80495e-23
4752.17 4.81554e-23
4763.13 4.82616e-23
4774.12 4.8368e-23
4785.13 4.84747e-23
4796.16 4.85815e-23
4807.22 4.86887e-23
4818.31 4.87961e-23
4829.42 4.89038e-23
4840.55 4.90118e-23
4851.72 4.912e-23
4862.9 4.92285e-23
4874.12 4.93372e-23
4885.36 4.94462e-23
4896.62 4.95554e-23
4907.91 4.96649e-23
4919.23 4.97747e-23
4930.58 4.98848e-23
4941.95 4.99951e-23
4953.34 5.01056e-23
4964.76 5.02165e-23
4976.21 5.03276e-23
4987.69 5.0439e-23
4999.19 5.05506e-23
5010.72 5.06625e-23
5022.27 5.07747e-23
5033.85 5.08871e-23
5045.46 5.09998e-23
5057.1 5.11128e-23
5068.76 5.1226e-23
5080.45 5.13396e-23
5092.16 5.14534e-23
5103.91 5.15674e-23
5115.68 5.16818e-23
5127.47 5.17964e-23
5139.3 5.19113e-23
5151.15 5.20264e-23
5163.03 5.21419e-23
5174.93 5.22576e-23
5186.87 5.23736e-23
5198.83 5.24899e-23
5210.81 5.26064e-23
5222.83 5.27232e-23
5234.87 5.28403e-23
5246.95 5.29577e-23
5259.05 5.30754e-23
5271.17 5.31934e-23
5283.33 5.33116e-23
5295.51 5.34301e-23
5307.72 5.35489e-23
5319.96 5.3668e-23
5332.23 5.37873e-23
5344.53 5.3907e-23
5356.85 5.40269e-23
5369.2 5.41471e-23
5381.59 5.42677e-23
5394 5.43885e-23
5406.43 5.45095e-23
5418.9 5.46309e-23
5431.4 5.47526e-23
5443.92 5.48745e-23
5456.48 5.49968e-23
5469.06 5.51193e-23
5481.67 5.52421e-23
5494.31 5.53653e-23
5506.98 5.54887e-23
5519.68 5.56124e-23
5532.41 5.57364e-23
5545.17 5.58607e-23
5557.95 5.59853e-23
5570.77 5.61102e-23
5583.62 5.62354e-23
5596.49 5.63608e-23
5609.4 5.64866e-23
5622.33 5.66127e-23
5635.3 5.67391e-23
5648.29 5.68658e-23
5661.32 5.69928e-23
5674.37 5.71201e-23
5687.46 5.72477e-23
5700.57 5.73755e-23
5713.72 5.75037e-23
5726.9 5.76323e-23
5740.1 5.77611e-23
5753.34 5.78902e-23
5766.61 5.80196e-23
5779.9 5.81493e-23
5793.23 5.82794e-23
5806.59 5.84097e-23
5819.98 5.85404e-23
5833.4 5.86713e-23
5846.85 5.88026e-23
5860.34 5.89342e-23
5873.85 5.90661e-23
5887.4 5.91983e-23
5900.97 5.93309e-23
5914.58 5.94637e-23
5928.22 5.95969e-23
5941.89 5.97303e-23
5955.59 5.98641e-23
5969.33 5.99982e-23
5983.09 6.01327e-23
5996.89 6.02674e-23
6010.72 6.04025e-23
6024.58 6.05379e-23
6038.47 6.06736e-23
6052.4 6.08096e-23
6066.35 6.0946e-23
6080.34 6.10826e-23
6094.36 6.12196e-23
6108.42 6.1357e-23
6122.5 6.14946e-23
6136.62 6.16326e-23
6150.77 6.17709e-23
6164.96 6.19095e-23
6179.17 6.20485e-23
6193.42 6.21878e-23
6207.7 6.23274e-23
6222.02 6.24673e-23
6236.37 6.26076e-23
6250.75 6.27482e-23
6265.16 6.28896e-23
6279.61 6.30304e-23
6294.09 6.3172e-23
6308.6 6.3314e-23
6323.15 6.34563e-23
6337.73 6.35989e-23
6352.35 6.37418e-23
6367 6.38851e-23
6381.68 6.40288e-23
6396.4 6.41727e-23
6411.15 6.4317e-23
6425.93 6.44617e-23
6440.75 6.46067e-23
6455.6 6.4752e-23
6470.49 6.48977e-23
6485.41 6.50437e-23
6500.36 6.51901e-23
6515.35 6.53368e-23
6530.38 6.54839e-23
6545.44 6.56313e-23
6560.53 6.5779e-23
6575.66 6.59271e-23
6590.82 6.60756e-23
6606.02 6.62244e-23
6621.26 6.63736e-23
6636.52 6.65231e-23
6651.83 6.66729e-23
6667.17 6.68232e-23
6682.54 6.69737e-23
6697.95 6.71246e-23
6713.4 6.72759e-23
6728.88 6.74276e-23
6744.39 6.75796e-23
6759.95 6.77319e-23
6775.54 6.78846e-23
6791.16 6.80377e-23
6806.82 6.81911e-23
6822.52 6.83449e-23
6838.25 6.84991e-23
6854.02 6.86536e-23
6869.82 6.88085e-23
6885.67 6.89637e-23
6901.54 6.91194e-23
6917.46 6.92753e-23
6933.41 6.94317e-23
6949.4 6.95884e-23
6965.43 6.97455e-23
6981.49 6.99029e-23
6997.59 7.00608e-23
7013.72 7.0219e-23
7029.9 7.03775e-23
7046.11 7.05365e-23
7062.36 7.06958e-23
7078.64 7.08555e-23
7094.97 7.10156e-23
7111.33 7.1176e-23
7127.73 7.13368e-23
7144.16 7.1498e-23
7160.64 7.16596e-23
7177.15 7.18216e-23
7193.7 7.19839e-23
7210.29 7.21466e-23
7226.92 7.23098e-23
7243.58 7.24732e-23
7260.28 7.26371e-23
7277.03 7.28014e-23
7293.81 7.2966e-23
7310.63 7.31311e-23
7327.49 7.32965e-23
7344.38 7.34623e-23
7361.32 7.36285e-23
7378.29 7.37951e-23
7395.31 7.39621e-23
7412.36 7.41294e-23
7429.46 7.42972e-23
7446.59 7.44654e-23
7463.76 7.46339e-23
7480.97 7.48029e-23
7498.22 7.49722e-23
7515.51 7.5142e-23
7532.84 7.53121e-23
7550.22 7.54826e-23
7567.63 7.56536e-23
7585.08 7.58249e-23
7602.57 7.59967e-23
7620.1 7.61688e-23
7637.67 7.63414e-23
7655.28 7.65143e-23
7672.94 7.66877e-23
7690.63 7.68615e-23
7708.37 7.70357e-23
7726.14 7.72102e-23
7743.96 7.73852e-23
7761.82 7.75607e-23
7779.71 7.77365e-23
7797.65 7.79127e-23
7815.64 7.80894e-23
7833.66 7.82664e-23
7851.72 7.84439e-23
7869.83 7.86218e-23
7887.98 7.88001e-23
7906.17 7.89788e-23
7924.4 7.9158e-23
7942.67 7.93375e-23
7960.99 7.95175e-23
7979.35 7.96979e-23
7997.75 7.98787e-23
8016.19 8.006e-23
8034.68 8.02417e-23
8053.2 8.04239e-23
8071.77 8.06063e-23
8090.39 8.07893e-23
8109.04 8.09727e-23
8127.74 8.11565e-23
8146.49 8.13407e-23
8165.27 8.15254e-23
8184.1 8.17105e-23
8202.97 8.18961e-23
8221.89 8.2082e-23
8240.85 8.22684e-23
8259.85 8.24553e-23
8278.9 8.26426e-23
8297.99 8.28303e-23
8317.13 8.30185e-23
8336.31 8.32071e-23
8355.53 8.33961e-23
8374.8 8.35856e-23
8394.11 8.37755e-23
8413.47 8.39659e-23
8432.87 8.41567e-23
8452.31 8.4348e-23
8471.81 8.45397e-23
8491.34 8.47319e-23
8510.92 8.49245e-23
8530.55 8.51176e-23
8550.22 8.53111e-23
8569.94 8.55051e-23
8589.7 8.56995e-23
8609.51 8.58944e-23
8629.36 8.60897e-23
8649.26 8.62855e-23
8669.21 8.64817e-23
8689.2 8.66784e-23
8709.23 8.68756e-23
8729.32 8.70732e-23
8749.45 8.72713e-23
8769.62 8.74699e-23
8789.85 8.76689e-23
8810.12 8.78684e-23
8830.43 8.80683e-23
8850.8 8.82687e-23
8871.21 8.84696e-23
8891.66 8.8671e-23
8912.17 8.88728e-23
8932.72 8.90751e-23
8953.32 8.92778e-23
8973.96 8.94811e-23
8994.66 8.96848e-23
9015.4 8.9889e-23
9036.19 9.00937e-23
9057.03 9.02988e-23
9077.91 9.05044e-23
9098.85 9.07105e-23
9119.83 9.09171e-23
9140.86 9.11242e-23
9161.94 9.13317e-23
9183.07 9.15398e-23
9204.24 9.17483e-23
9225.47 9.19573e-23
9246.74 9.21668e-23
9268.06 9.23768e-23
9289.44 9.25872e-23
9310.86 9.27982e-23
9332.33 9.30097e-23
9353.85 9.32216e-23
9375.42 9.34341e-23
9397.04 9.3647e-23
9418.71 9.38604e-23
9440.43 9.40744e-23
9462.2 9.42888e-23
9484.02 9.45038e-23
9505.89 9.47192e-23
9527.81 9.49351e-23
9549.78 9.51516e-23
9571.8 9.53685e-23
9593.87 9.5586e-23
9616 9.58039e-23
9638.17 9.60224e-23
9660.4 9.62414e-23
9682.67 9.64609e-23
9705 9.66809e-23
9727.38 9.69014e-23
9749.81 9.71224e-23
9772.3 9.73439e-23
9794.83 9.7566e-23
9817.42 9.77886e-23
9840.06 9.80117e-23
9862.75 9.82353e-23
9885.49 9.84594e-23
9908.29 9.86841e-23
9931.14 9.89093e-23
9954.04 9.9135e-23
9976.99 9.93612e-23
10000 9.9588e-23
