10 5.12918e-21
10.0231 5.08218e-21
10.0462 5.03561e-21
10.0693 4.98947e-21
10.0926 4.94375e-21
10.1158 4.89846e-21
10.1392 4.85358e-21
10.1625 4.80912e-21
10.186 4.76506e-21
10.2095 4.72141e-21
10.233 4.67816e-21
10.2566 4.63531e-21
10.2803 4.59285e-21
10.304 4.55078e-21
10.3277 4.5091e-21
10.3515 4.4678e-21
10.3754 4.42689e-21
10.3993 4.38634e-21
10.4233 4.34618e-21
10.4474 4.30638e-21
10.4714 4.26694e-21
10.4956 4.22787e-21
10.5198 4.18916e-21
10.5441 4.1508e-21
10.5684 4.1128e-21
10.5927 4.07514e-21
10.6172 4.03783e-21
10.6417 4.00087e-21
10.6662 3.96424e-21
10.6908 3.92795e-21
10.7154 3.892e-21
10.7401 3.85637e-21
10.7649 3.82107e-21
10.7897 3.7861e-21
10.8146 3.75145e-21
10.8396 3.71711e-21
10.8646 3.68309e-21
10.8896 3.64939e-21
10.9147 3.61599e-21
10.9399 3.5829e-21
10.9651 3.55011e-21
10.9904 3.51763e-21
11.0157 3.48544e-21
11.0412 3.45355e-21
11.0666 3.42195e-21
11.0921 3.39065e-21
11.1177 3.35963e-21
11.1433 3.32889e-21
11.169 3.29844e-21
11.1948 3.26826e-21
11.2206 3.23837e-21
11.2465 3.20875e-21
11.2724 3.1794e-21
11.2984 3.15032e-21
11.3245 3.12151e-21
11.3506 3.09296e-21
11.3768 3.06467e-21
11.403 3.03665e-21
11.4293 3.00888e-21
11.4556 2.98136e-21
11.4821 2.9541e-21
11.5085 2.92709e-21
11.5351 2.90033e-21
11.5617 2.87381e-21
11.5883 2.84754e-21
11.6151 2.82151e-21
11.6418 2.79571e-21
11.6687 2.77016e-21
11.6956 2.74484e-21
11.7226 2.71975e-21
11.7496 2.69489e-21
11.7767 2.67026e-21
11.8039 2.64585e-21
11.8311 2.62167e-21
11.8584 2.59772e-21
11.8857 2.57398e-21
11.9131 2.55046e-21
11.9406 2.52715e-21
11.9681 2.50406e-21
11.9957 2.48119e-21
12.0234 2.45852e-21
12.0511 2.43606e-21
12.0789 2.41381e-21
12.1068 2.39176e-21
12.1347 2.36991e-21
12.1627 2.34826e-21
12.1907 2.32682e-21
12.2188 2.30557e-21
12.247 2.28451e-21
12.2752 2.26365e-21
12.3035 2.24298e-21
12.3319 2.2225e-21
12.3603 2.20221e-21
12.3888 2.1821e-21
12.4174 2.16218e-21
12.4461 2.14244e-21
12.4748 2.12288e-21
12.5035 2.10351e-21
12.5324 2.08431e-21
12.5613 2.06528e-21
12.5902 2.04644e-21
12.6193 2.02776e-21
12.6484 2.00926e-21
12.6775 1.99092e-21
12.7068 1.97276e-21
12.7361 1.95476e-21
12.7654 1.93692e-21
12.7949 1.91926e-21
12.8244 1.90175e-21
12.8539 1.8844e-21
12.8836 1.86722e-21
12.9133 1.85019e-21
12.9431 1.83331e-21
12.9729 1.8166e-21
13.0028 1.80003e-21
13.0328 1.78362e-21
13.0629 1.76736e-21
13.093 1.75125e-21
13.1232 1.73529e-21
13.1534 1.71947e-21
13.1838 1.7038e-21
13.2142 1.68827e-21
13.2447 1.67289e-21
13.2752 1.65764e-21
13.3058 1.64254e-21
13.3365 1.62758e-21
13.3672 1.61275e-21
13.3981 1.59806e-21
13.429 1.58351e-21
13.4599 1.56909e-21
13.491 1.5548e-21
13.5221 1.54064e-21
13.5533 1.52662e-21
13.5845 1.51272e-21
13.6158 1.49895e-21
13.6472 1.48531e-21
13.6787 1.47179e-21
13.7103 1.4584e-21
13.7419 1.44513e-21
13.7736 1.43198e-21
13.8053 1.41896e-21
13.8372 1.40605e-21
13.8691 1.39327e-21
13.9011 1.3806e-21
13.9331 1.36805e-21
13.9652 1.35561e-21
13.9974 1.34329e-21
14.0297 1.33108e-21
14.0621 1.31899e-21
14.0945 1.307e-21
14.127 1.29513e-21
14.1596 1.28337e-21
14.1922 1.27172e-21
14.225 1.26017e-21
14.2578 1.24874e-21
14.2906 1.2374e-21
14.3236 1.22618e-21
14.3566 1.21505e-21
14.3897 1.20403e-21
14.4229 1.19312e-21
14.4562 1.1823e-21
14.4895 1.17159e-21
14.5229 1.16097e-21
14.5564 1.15046e-21
14.59 1.14004e-21
14.6236 1.12972e-21
14.6573 1.1195e-21
14.6911 1.10937e-21
14.725 1.09934e-21
14.759 1.0894e-21
14.793 1.07956e-21
14.8271 1.06981e-21
14.8613 1.06015e-21
14.8956 1.05058e-21
14.9299 1.04111e-21
14.9644 1.03172e-21
14.9989 1.02243e-21
15.0335 1.01323e-21
15.0681 1.00411e-21
15.1029 9.95084e-22
15.1377 9.86146e-22
15.1726 9.77296e-22
15.2076 9.68534e-22
15.2427 9.59859e-22
15.2778 9.51271e-22
15.3131 9.4277e-22
15.3484 9.34357e-22
15.3838 9.26031e-22
15.4192 9.17793e-22
15.4548 9.09642e-22
15.4904 9.0158e-22
15.5261 8.93607e-22
15.5619 8.85724e-22
15.5978 8.77933e-22
15.6338 8.70234e-22
15.6699 8.62629e-22
15.706 8.55121e-22
15.7422 8.47712e-22
15.7785 8.40406e-22
15.8149 8.33207e-22
15.8514 8.26119e-22
15.8879 8.19149e-22
15.9246 8.12303e-22
15.9613 8.05593e-22
15.9981 7.99027e-22
16.035 7.92621e-22
16.072 7.86393e-22
16.109 7.80366e-22
16.1462 7.74567e-22
16.1834 7.69036e-22
16.2207 7.6382e-22
16.2581 7.58987e-22
16.2956 7.54624e-22
16.3332 7.50854e-22
16.3709 7.47849e-22
16.4086 7.45857e-22
16.4464 7.45243e-22
16.4844 7.46569e-22
16.5224 7.50725e-22
16.5605 7.59194e-22
16.5987 7.7458e-22
16.6369 8.01796e-22
16.6753 8.50965e-22
16.7138 9.45692e-22
16.7523 1.1522e-21
16.7909 1.73144e-21
16.8297 5.46266e-21
16.8685 3.87797e-21
16.9074 1.5435e-21
16.9464 1.06432e-21
16.9854 8.76494e-22
17.0246 7.82081e-22
17.0639 7.26972e-22
17.1032 6.91184e-22
17.1427 6.65949e-22
17.1822 6.46951e-22
17.2218 6.31868e-22
17.2615 6.1937e-22
17.3013 6.08649e-22
17.3412 5.99194e-22
17.3812 5.90668e-22
17.4213 5.82843e-22
17.4615 5.7556e-22
17.5017 5.68703e-22
17.5421 5.62191e-22
17.5825 5.5596e-22
17.6231 5.49965e-22
17.6637 5.44169e-22
17.7045 5.38543e-22
17.7453 5.33067e-22
17.7862 5.27722e-22
17.8272 5.22493e-22
17.8683 5.1737e-22
17.9095 5.12343e-22
17.9508 5.07403e-22
17.9922 5.02545e-22
18.0337 4.97762e-22
18.0753 4.9305e-22
18.117 4.88405e-22
18.1588 4.83823e-22
18.2006 4.79301e-22
18.2426 4.74837e-22
18.2847 4.70427e-22
18.3268 4.66071e-22
18.3691 4.61766e-22
18.4115 4.5751e-22
18.4539 4.53302e-22
18.4965 4.49142e-22
18.5391 4.45026e-22
18.5819 4.40955e-22
18.6247 4.36927e-22
18.6677 4.32942e-22
18.7107 4.28998e-22
18.7539 4.25095e-22
18.7971 4.21231e-22
18.8405 4.17407e-22
18.8839 4.13622e-22
18.9275 4.09874e-22
18.9711 4.06163e-22
19.0149 4.0249e-22
19.0587 3.98852e-22
19.1027 3.9525e-22
19.1467 3.91683e-22
19.1909 3.88151e-22
19.2351 3.84653e-22
19.2795 3.81189e-22
19.3239 3.77758e-22
19.3685 3.7436e-22
19.4132 3.70995e-22
19.4579 3.67661e-22
19.5028 3.6436e-22
19.5478 3.6109e-22
19.5928 3.5785e-22
19.638 3.54642e-22
19.6833 3.51464e-22
19.7287 3.48316e-22
19.7742 3.45197e-22
19.8198 3.42108e-22
19.8655 3.39048e-22
19.9113 3.36017e-22
19.9572 3.33014e-22
20.0032 3.30039e-22
20.0494 3.27092e-22
20.0956 3.24172e-22
20.1419 3.2128e-22
20.1884 3.18415e-22
20.2349 3.15577e-22
20.2816 3.12764e-22
20.3284 3.09979e-22
20.3753 3.07219e-22
20.4222 3.04484e-22
20.4693 3.01776e-22
20.5165 2.99092e-22
20.5638 2.96433e-22
20.6113 2.93799e-22
20.6588 2.91189e-22
20.7064 2.88604e-22
20.7542 2.86042e-22
20.802 2.83505e-22
20.85 2.8099e-22
20.8981 2.78499e-22
20.9463 2.76031e-22
20.9946 2.73586e-22
21.043 2.71163e-22
21.0915 2.68763e-22
21.1402 2.66385e-22
21.1889 2.64029e-22
21.2378 2.61695e-22
21.2868 2.59382e-22
21.3358 2.57091e-22
21.385 2.54821e-22
21.4344 2.52571e-22
21.4838 2.50343e-22
21.5333 2.48135e-22
21.583 2.45947e-22
21.6327 2.4378e-22
21.6826 2.41632e-22
21.7326 2.39504e-22
21.7828 2.37396e-22
21.833 2.35308e-22
21.8833 2.33238e-22
21.9338 2.31188e-22
21.9844 2.29156e-22
22.0351 2.27143e-22
22.0859 2.25149e-22
22.1368 2.23173e-22
22.1879 2.21215e-22
22.239 2.19276e-22
22.2903 2.17354e-22
22.3417 2.1545e-22
22.3932 2.13563e-22
22.4449 2.11693e-22
22.4966 2.09841e-22
22.5485 2.08006e-22
22.6005 2.06188e-22
22.6526 2.04386e-22
22.7049 2.02601e-22
22.7572 2.00833e-22
22.8097 1.9908e-22
22.8623 1.97344e-22
22.915 1.95624e-22
22.9679 1.9392e-22
23.0208 1.92231e-22
23.0739 1.90557e-22
23.1271 1.889e-22
23.1804 1.87257e-22
23.2339 1.85629e-22
23.2875 1.84017e-22
23.3412 1.82419e-22
23.395 1.80836e-22
23.4489 1.79267e-22
23.503 1.77713e-22
23.5572 1.76173e-22
23.6115 1.74647e-22
23.666 1.73135e-22
23.7206 1.71637e-22
23.7753 1.70153e-22
23.8301 1.68682e-22
23.885 1.67225e-22
23.9401 1.65781e-22
23.9953 1.64351e-22
24.0507 1.62934e-22
24.1061 1.61529e-22
24.1617 1.60138e-22
24.2174 1.58759e-22
24.2733 1.57393e-22
24.3292 1.5604e-22
24.3854 1.54698e-22
24.4416 1.5337e-22
24.4979 1.52053e-22
24.5544 1.50748e-22
24.6111 1.49456e-22
24.6678 1.48175e-22
24.7247 1.46906e-22
24.7817 1.45649e-22
24.8389 1.44403e-22
24.8961 1.43169e-22
24.9536 1.41945e-22
25.0111 1.40734e-22
25.0688 1.39533e-22
25.1266 1.38343e-22
25.1845 1.37164e-22
25.2426 1.35996e-22
25.3008 1.34839e-22
25.3592 1.33692e-22
25.4176 1.32556e-22
25.4762 1.3143e-22
25.535 1.30314e-22
25.5939 1.29209e-22
25.6529 1.28114e-22
25.7121 1.27029e-22
25.7713 1.25954e-22
25.8308 1.24888e-22
25.8903 1.23833e-22
25.95 1.22787e-22
26.0099 1.2175e-22
26.0699 1.20723e-22
26.13 1.19706e-22
26.1902 1.18698e-22
26.2506 1.17699e-22
26.3112 1.16709e-22
26.3718 1.15728e-22
26.4326 1.14757e-22
26.4936 1.13794e-22
26.5547 1.1284e-22
26.6159 1.11895e-22
26.6773 1.10958e-22
26.7388 1.1003e-22
26.8005 1.0911e-22
26.8623 1.08199e-22
26.9242 1.07296e-22
26.9863 1.06402e-22
27.0486 1.05515e-22
27.1109 1.04637e-22
27.1734 1.03767e-22
27.2361 1.02904e-22
27.2989 1.0205e-22
27.3619 1.01203e-22
27.425 1.00365e-22
27.4882 9.95334e-23
27.5516 9.87098e-23
27.6151 9.78938e-23
27.6788 9.70852e-23
27.7426 9.6284e-23
27.8066 9.54901e-23
27.8707 9.47035e-23
27.935 9.39241e-23
27.9994 9.31517e-23
28.064 9.23865e-23
28.1287 9.16282e-23
28.1936 9.08769e-23
28.2586 9.01324e-23
28.3237 8.93948e-23
28.3891 8.86638e-23
28.4545 8.79396e-23
28.5201 8.72219e-23
28.5859 8.65108e-23
28.6518 8.58062e-23
28.7179 8.51081e-23
28.7841 8.44163e-23
28.8505 8.37308e-23
28.917 8.30516e-23
28.9837 8.23786e-23
29.0506 8.17117e-23
29.1175 8.10509e-23
29.1847 8.03961e-23
29.252 7.97473e-23
29.3194 7.91044e-23
29.3871 7.84674e-23
29.4548 7.78362e-23
29.5227 7.72108e-23
29.5908 7.6591e-23
29.6591 7.5977e-23
29.7275 7.53685e-23
29.796 7.47655e-23
29.8647 7.41681e-23
29.9336 7.35761e-23
30.0026 7.29894e-23
30.0718 7.24082e-23
30.1411 7.18322e-23
30.2106 7.12615e-23
30.2803 7.0696e-23
30.3501 7.01356e-23
30.4201 6.95803e-23
30.4903 6.90301e-23
30.5606 6.84849e-23
30.6311 6.79446e-23
30.7017 6.74093e-23
30.7725 6.68788e-23
30.8435 6.63532e-23
30.9146 6.58324e-23
30.9859 6.53162e-23
31.0573 6.48048e-23
31.1289 6.42981e-23
31.2007 6.37959e-23
31.2727 6.32983e-23
31.3448 6.28052e-23
31.4171 6.23166e-23
31.4895 6.18325e-23
31.5621 6.13527e-23
31.6349 6.08774e-23
31.7079 6.04063e-23
31.781 5.99395e-23
31.8543 5.94769e-23
31.9277 5.90186e-23
32.0014 5.85644e-23
32.0752 5.81143e-23
32.1491 5.76683e-23
32.2233 5.72264e-23
32.2976 5.67884e-23
32.372 5.63545e-23
32.4467 5.59245e-23
32.5215 5.54983e-23
32.5965 5.50761e-23
32.6717 5.46576e-23
32.747 5.4243e-23
32.8225 5.38321e-23
32.8982 5.34249e-23
32.9741 5.30215e-23
33.0501 5.26217e-23
33.1263 5.22255e-23
33.2027 5.18328e-23
33.2793 5.14438e-23
33.356 5.10582e-23
33.433 5.06762e-23
33.51 5.02976e-23
33.5873 4.99224e-23
33.6648 4.95506e-23
33.7424 4.91822e-23
33.8202 4.88171e-23
33.8982 4.84553e-23
33.9764 4.80968e-23
34.0547 4.77415e-23
34.1333 4.73895e-23
34.212 4.70406e-23
34.2909 4.66948e-23
34.3699 4.63522e-23
34.4492 4.60126e-23
34.5286 4.56762e-23
34.6083 4.53427e-23
34.6881 4.50123e-23
34.7681 4.46849e-23
34.8482 4.43603e-23
34.9286 4.40388e-23
35.0091 4.37201e-23
35.0899 4.34043e-23
35.1708 4.30913e-23
35.2519 4.27812e-23
35.3332 4.24738e-23
35.4147 4.21692e-23
35.4963 4.18673e-23
35.5782 4.15682e-23
35.6602 4.12717e-23
35.7425 4.0978e-23
35.8249 4.06868e-23
35.9075 4.03983e-23
35.9903 4.01123e-23
36.0733 3.9829e-23
36.1565 3.95481e-23
36.2398 3.92698e-23
36.3234 3.8994e-23
36.4072 3.87207e-23
36.4911 3.84498e-23
36.5753 3.81813e-23
36.6596 3.79152e-23
36.7442 3.76516e-23
36.8289 3.73902e-23
36.9138 3.71313e-23
36.999 3.68746e-23
37.0843 3.66202e-23
37.1698 3.63682e-23
37.2555 3.61183e-23
37.3414 3.58707e-23
37.4275 3.56253e-23
37.5138 3.53821e-23
37.6003 3.51411e-23
37.687 3.49022e-23
37.7739 3.46655e-23
37.8611 3.44309e-23
37.9484 3.41983e-23
38.0359 3.39679e-23
38.1236 3.37395e-23
38.2115 3.35131e-23
38.2996 3.32887e-23
38.3879 3.30664e-23
38.4765 3.2846e-23
38.5652 3.26275e-23
38.6541 3.24111e-23
38.7433 3.21965e-23
38.8326 3.19839e-23
38.9221 3.17731e-23
39.0119 3.15642e-23
39.1019 3.13572e-23
39.192 3.1152e-23
39.2824 3.09486e-23
39.373 3.0747e-23
39.4638 3.05473e-23
39.5548 3.03492e-23
39.646 3.0153e-23
39.7374 2.99585e-23
39.8291 2.97657e-23
39.9209 2.95746e-23
40.013 2.93852e-23
40.1052 2.91974e-23
40.1977 2.90114e-23
40.2904 2.88269e-23
40.3833 2.86441e-23
40.4764 2.8463e-23
40.5698 2.82834e-23
40.6633 2.81054e-23
40.7571 2.7929e-23
40.8511 2.77541e-23
40.9453 2.75807e-23
41.0397 2.74089e-23
41.1344 2.72386e-23
41.2292 2.70698e-23
41.3243 2.69025e-23
41.4196 2.67367e-23
41.5151 2.65723e-23
41.6108 2.64094e-23
41.7068 2.62479e-23
41.803 2.60878e-23
41.8994 2.59291e-23
41.996 2.57718e-23
42.0928 2.56159e-23
42.1899 2.54614e-23
42.2872 2.53082e-23
42.3847 2.51563e-23
42.4824 2.50058e-23
42.5804 2.48566e-23
42.6786 2.47087e-23
42.777 2.45621e-23
42.8757 2.44168e-23
42.9745 2.42727e-23
43.0736 2.41299e-23
43.173 2.39884e-23
43.2725 2.3848e-23
43.3723 2.3709e-23
43.4723 2.35711e-23
43.5726 2.34344e-23
43.673 2.32989e-23
43.7737 2.31646e-23
43.8747 2.30315e-23
43.9759 2.28995e-23
44.0773 2.27687e-23
44.1789 2.2639e-23
44.2808 2.25104e-23
44.3829 2.23829e-23
44.4853 2.22566e-23
44.5878 2.21314e-23
44.6907 2.20072e-23
44.7937 2.18841e-23
44.897 2.17621e-23
45.0005 2.16411e-23
45.1043 2.15212e-23
45.2083 2.14023e-23
45.3126 2.12845e-23
45.4171 2.11677e-23
45.5218 2.10518e-23
45.6268 2.0937e-23
45.732 2.08232e-23
45.8374 2.07104e-23
45.9431 2.05985e-23
46.0491 2.04876e-23
46.1553 2.03776e-23
46.2617 2.02686e-23
46.3684 2.01606e-23
46.4753 2.00535e-23
46.5825 1.99472e-23
46.6899 1.9842e-23
46.7976 1.97376e-23
46.9055 1.96341e-23
47.0137 1.95315e-23
47.1221 1.94298e-23
47.2307 1.93289e-23
47.3397 1.92289e-23
47.4488 1.91298e-23
47.5582 1.90316e-23
47.6679 1.89341e-23
47.7778 1.88375e-23
47.888 1.87418e-23
47.9984 1.86468e-23
48.1091 1.85527e-23
48.2201 1.84594e-23
48.3313 1.83669e-23
48.4427 1.82752e-23
48.5544 1.81842e-23
48.6664 1.8094e-23
48.7786 1.80046e-23
48.8911 1.7916e-23
49.0038 1.78281e-23
49.1168 1.7741e-23
49.2301 1.76546e-23
49.3436 1.7569e-23
49.4574 1.74841e-23
49.5715 1.73999e-23
49.6858 1.73164e-23
49.8004 1.72337e-23
49.9152 1.71516e-23
50.0303 1.70703e-23
50.1457 1.69896e-23
50.2613 1.69096e-23
50.3772 1.68303e-23
50.4934 1.67517e-23
50.6098 1.66738e-23
50.7265 1.65965e-23
50.8435 1.65199e-23
50.9607 1.64439e-23
51.0783 1.63686e-23
51.196 1.62939e-23
51.3141 1.62198e-23
51.4324 1.61464e-23
51.551 1.60736e-23
51.6699 1.60014e-23
51.7891 1.59299e-23
51.9085 1.58589e-23
52.0282 1.57885e-23
52.1482 1.57188e-23
52.2684 1.56496e-23
52.389 1.5581e-23
52.5098 1.5513e-23
52.6309 1.54456e-23
52.7522 1.53788e-23
52.8739 1.53125e-23
52.9958 1.52468e-23
53.118 1.51816e-23
53.2405 1.5117e-23
53.3633 1.50529e-23
53.4863 1.49894e-23
53.6097 1.49264e-23
53.7333 1.4864e-23
53.8572 1.48021e-23
53.9814 1.47407e-23
54.1059 1.46798e-23
54.2306 1.46195e-23
54.3557 1.45596e-23
54.481 1.45003e-23
54.6067 1.44415e-23
54.7326 1.43832e-23
54.8588 1.43253e-23
54.9853 1.4268e-23
55.1121 1.42111e-23
55.2392 1.41548e-23
55.3666 1.40989e-23
55.4943 1.40434e-23
55.6222 1.39885e-23
55.7505 1.3934e-23
55.8791 1.388e-23
56.0079 1.38264e-23
56.1371 1.37733e-23
56.2665 1.37207e-23
56.3963 1.36685e-23
56.5263 1.36167e-23
56.6567 1.35654e-23
56.7873 1.35145e-23
56.9183 1.34641e-23
57.0495 1.3414e-23
57.1811 1.33645e-23
57.3129 1.33153e-23
57.4451 1.32665e-23
57.5776 1.32182e-23
57.7104 1.31703e-23
57.8434 1.31227e-23
57.9768 1.30756e-23
58.1105 1.30289e-23
58.2445 1.29826e-23
58.3788 1.29367e-23
58.5135 1.28912e-23
58.6484 1.28461e-23
58.7836 1.28013e-23
58.9192 1.2757e-23
59.0551 1.2713e-23
59.1912 1.26694e-23
59.3277 1.26261e-23
59.4645 1.25833e-23
59.6017 1.25408e-23
59.7391 1.24987e-23
59.8769 1.24569e-23
60.0149 1.24155e-23
60.1533 1.23745e-23
60.2921 1.23338e-23
60.4311 1.22934e-23
60.5704 1.22534e-23
60.7101 1.22138e-23
60.8501 1.21745e-23
60.9904 1.21355e-23
61.1311 1.20969e-23
61.2721 1.20586e-23
61.4133 1.20206e-23
61.555 1.1983e-23
61.6969 1.19457e-23
61.8392 1.19087e-23
61.9818 1.1872e-23
62.1247 1.18357e-23
62.268 1.17997e-23
62.4116 1.1764e-23
62.5555 1.17286e-23
62.6997 1.16935e-23
62.8443 1.16587e-23
62.9892 1.16242e-23
63.1345 1.15901e-23
63.2801 1.15562e-23
63.426 1.15226e-23
63.5723 1.14893e-23
63.7189 1.14564e-23
63.8658 1.14237e-23
64.0131 1.13913e-23
64.1607 1.13591e-23
64.3087 1.13273e-23
64.457 1.12958e-23
64.6056 1.12645e-23
64.7546 1.12335e-23
64.9039 1.12028e-23
65.0536 1.11723e-23
65.2036 1.11422e-23
65.3539 1.11123e-23
65.5046 1.10826e-23
65.6557 1.10533e-23
65.8071 1.10242e-23
65.9589 1.09953e-23
66.111 1.09667e-23
66.2634 1.09384e-23
66.4162 1.09103e-23
66.5694 1.08825e-23
66.7229 1.0855e-23
66.8767 1.08277e-23
67.031 1.08006e-23
67.1855 1.07738e-23
67.3405 1.07472e-23
67.4958 1.07209e-23
67.6514 1.06948e-23
67.8074 1.0669e-23
67.9638 1.06434e-23
68.1205 1.0618e-23
68.2776 1.05929e-23
68.435 1.0568e-23
68.5928 1.05433e-23
68.751 1.05188e-23
68.9096 1.04946e-23
69.0685 1.04706e-23
69.2277 1.04469e-23
69.3874 1.04233e-23
69.5474 1.04e-23
69.7078 1.03769e-23
69.8685 1.03541e-23
70.0296 1.03314e-23
70.1911 1.03089e-23
70.353 1.02867e-23
70.5152 1.02647e-23
70.6778 1.02429e-23
70.8408 1.02213e-23
71.0042 1.01999e-23
71.1679 1.01787e-23
71.332 1.01577e-23
71.4965 1.01369e-23
71.6614 1.01164e-23
71.8266 1.0096e-23
71.9923 1.00758e-23
72.1583 1.00558e-23
72.3247 1.0036e-23
72.4914 1.00164e-23
72.6586 9.99705e-24
72.8262 9.97785e-24
72.9941 9.95884e-24
73.1624 9.94002e-24
73.3311 9.92139e-24
73.5002 9.90294e-24
73.6697 9.88469e-24
73.8396 9.86661e-24
74.0099 9.84872e-24
74.1806 9.83101e-24
74.3516 9.81348e-24
74.5231 9.79614e-24
74.6949 9.77897e-24
74.8672 9.76198e-24
75.0398 9.74516e-24
75.2129 9.72852e-24
75.3863 9.71205e-24
75.5601 9.69576e-24
75.7344 9.67964e-24
75.909 9.66368e-24
76.0841 9.6479e-24
76.2595 9.63229e-24
76.4354 9.61684e-24
76.6116 9.60156e-24
76.7883 9.58644e-24
76.9654 9.57148e-24
77.1429 9.55669e-24
77.3208 9.54207e-24
77.4991 9.5276e-24
77.6778 9.51329e-24
77.8569 9.49914e-24
78.0364 9.48514e-24
78.2164 9.47131e-24
78.3968 9.45763e-24
78.5775 9.4441e-24
78.7587 9.43073e-24
78.9404 9.41751e-24
79.1224 9.40444e-24
79.3049 9.39152e-24
79.4877 9.37875e-24
79.671 9.36613e-24
79.8548 9.35366e-24
80.0389 9.34133e-24
80.2235 9.32915e-24
80.4085 9.31712e-24
80.5939 9.30523e-24
80.7797 9.29348e-24
80.966 9.28187e-24
81.1527 9.27041e-24
81.3399 9.25909e-24
81.5274 9.2479e-24
81.7154 9.23686e-24
81.9039 9.22595e-24
82.0927 9.21518e-24
82.282 9.20455e-24
82.4718 9.19405e-24
82.662 9.18368e-24
82.8526 9.17345e-24
83.0437 9.16336e-24
83.2352 9.15339e-24
83.4271 9.14356e-24
83.6195 9.13385e-24
83.8123 9.12428e-24
84.0056 9.11483e-24
84.1993 9.10552e-24
84.3935 9.09633e-24
84.5881 9.08727e-24
84.7831 9.07833e-24
84.9786 9.06952e-24
85.1746 9.06083e-24
85.371 9.05227e-24
85.5679 9.04383e-24
85.7652 9.03551e-24
85.963 9.02732e-24
86.1612 9.01924e-24
86.3599 9.01129e-24
86.559 9.00345e-24
86.7586 8.99574e-24
86.9587 8.98814e-24
87.1592 8.98066e-24
87.3602 8.97329e-24
87.5617 8.96605e-24
87.7636 8.95891e-24
87.966 8.9519e-24
88.1688 8.94499e-24
88.3722 8.9382e-24
88.5759 8.93153e-24
88.7802 8.92496e-24
88.9849 8.91851e-24
89.1901 8.91217e-24
89.3958 8.90594e-24
89.6019 8.89981e-24
89.8086 8.8938e-24
90.0157 8.8879e-24
90.2232 8.8821e-24
90.4313 8.87641e-24
90.6398 8.87083e-24
90.8489 8.86536e-24
91.0583 8.85999e-24
91.2683 8.85472e-24
91.4788 8.84956e-24
91.6897 8.84451e-24
91.9012 8.83956e-24
92.1131 8.83471e-24
92.3255 8.82996e-24
92.5384 8.82532e-24
92.7518 8.82077e-24
92.9657 8.81633e-24
93.1801 8.81199e-24
93.395 8.80775e-24
93.6103 8.8036e-24
93.8262 8.79956e-24
94.0426 8.79561e-24
94.2594 8.79176e-24
94.4768 8.78801e-24
94.6946 8.78436e-24
94.913 8.7808e-24
95.1319 8.77734e-24
95.3513 8.77397e-24
95.5711 8.7707e-24
95.7915 8.76752e-24
96.0124 8.76444e-24
96.2338 8.76145e-24
96.4557 8.75855e-24
96.6782 8.75575e-24
96.9011 8.75304e-24
97.1246 8.75042e-24
97.3485 8.74789e-24
97.573 8.74545e-24
97.798 8.7431e-24
98.0236 8.74085e-24
98.2496 8.73868e-24
98.4762 8.7366e-24
98.7032 8.73461e-24
98.9309 8.73271e-24
99.159 8.73089e-24
99.3877 8.72917e-24
99.6168 8.72753e-24
99.8466 8.72598e-24
100.077 8.72451e-24
100.308 8.72313e-24
100.539 8.72183e-24
100.771 8.72063e-24
101.003 8.7195e-24
101.236 8.71846e-24
101.469 8.71751e-24
101.703 8.71663e-24
101.938 8.71585e-24
102.173 8.71514e-24
102.409 8.71452e-24
102.645 8.71398e-24
102.882 8.71352e-24
103.119 8.71314e-24
103.357 8.71285e-24
103.595 8.71263e-24
103.834 8.7125e-24
104.073 8.71244e-24
104.313 8.71247e-24
104.554 8.71258e-24
104.795 8.71276e-24
105.037 8.71303e-24
105.279 8.71337e-24
105.522 8.71379e-24
105.765 8.71429e-24
106.009 8.71487e-24
106.253 8.71552e-24
106.498 8.71625e-24
106.744 8.71706e-24
106.99 8.71795e-24
107.237 8.71891e-24
107.484 8.71995e-24
107.732 8.72106e-24
107.98 8.72225e-24
108.229 8.72352e-24
108.479 8.72486e-24
108.729 8.72627e-24
108.98 8.72776e-24
109.231 8.72932e-24
109.483 8.73096e-24
109.735 8.73267e-24
109.988 8.73445e-24
110.242 8.73631e-24
110.496 8.73824e-24
110.751 8.74024e-24
111.007 8.74231e-24
111.262 8.74446e-24
111.519 8.74668e-24
111.776 8.74897e-24
112.034 8.75133e-24
112.292 8.75376e-24
112.551 8.75627e-24
112.811 8.75884e-24
113.071 8.76149e-24
113.332 8.7642e-24
113.593 8.76699e-24
113.855 8.76984e-24
114.118 8.77277e-24
114.381 8.77576e-24
114.644 8.77882e-24
114.909 8.78196e-24
115.174 8.78516e-24
115.439 8.78843e-24
115.706 8.79177e-24
115.972 8.79517e-24
116.24 8.79865e-24
116.508 8.80219e-24
116.777 8.8058e-24
117.046 8.80948e-24
117.316 8.81322e-24
117.586 8.81703e-24
117.857 8.82091e-24
118.129 8.82485e-24
118.402 8.82887e-24
118.675 8.83294e-24
118.948 8.83709e-24
119.223 8.8413e-24
119.498 8.84557e-24
119.773 8.84992e-24
120.049 8.85432e-24
120.326 8.8588e-24
120.604 8.86333e-24
120.882 8.86794e-24
121.161 8.87261e-24
121.44 8.87734e-24
121.72 8.88214e-24
122.001 8.887e-24
122.282 8.89192e-24
122.564 8.89691e-24
122.847 8.90197e-24
123.13 8.90708e-24
123.414 8.91227e-24
123.698 8.91751e-24
123.984 8.92282e-24
124.27 8.92819e-24
124.556 8.93363e-24
124.843 8.93912e-24
125.131 8.94469e-24
125.42 8.95031e-24
125.709 8.956e-24
125.999 8.96175e-24
126.289 8.96756e-24
126.581 8.97343e-24
126.873 8.97937e-24
127.165 8.98536e-24
127.458 8.99142e-24
127.752 8.99755e-24
128.047 9.00373e-24
128.342 9.00998e-24
128.638 9.01628e-24
128.935 9.02265e-24
129.232 9.02908e-24
129.53 9.03557e-24
129.829 9.04212e-24
130.128 9.04874e-24
130.428 9.05541e-24
130.729 9.06214e-24
131.031 9.06894e-24
131.333 9.0758e-24
131.636 9.08271e-24
131.939 9.08969e-24
132.243 9.09673e-24
132.548 9.10382e-24
132.854 9.11098e-24
133.16 9.1182e-24
133.467 9.12548e-24
133.775 9.13282e-24
134.084 9.14021e-24
134.393 9.14767e-24
134.703 9.15519e-24
135.013 9.16277e-24
135.325 9.1704e-24
135.637 9.1781e-24
135.95 9.18585e-24
136.263 9.19367e-24
136.577 9.20154e-24
136.892 9.20948e-24
137.208 9.21747e-24
137.524 9.22552e-24
137.841 9.23363e-24
138.159 9.2418e-24
138.478 9.25003e-24
138.797 9.25832e-24
139.117 9.26666e-24
139.438 9.27507e-24
139.76 9.28353e-24
140.082 9.29206e-24
140.405 9.30064e-24
140.729 9.30928e-24
141.053 9.31797e-24
141.379 9.32673e-24
141.705 9.33555e-24
142.031 9.34442e-24
142.359 9.35335e-24
142.687 9.36234e-24
143.016 9.37139e-24
143.346 9.3805e-24
143.677 9.38966e-24
144.008 9.39888e-24
144.34 9.40816e-24
144.673 9.4175e-24
145.006 9.4269e-24
145.341 9.43635e-24
145.676 9.44587e-24
146.012 9.45544e-24
146.349 9.46507e-24
146.686 9.47475e-24
147.024 9.4845e-24
147.363 9.4943e-24
147.703 9.50416e-24
148.044 9.51408e-24
148.385 9.52405e-24
148.727 9.53408e-24
149.07 9.54418e-24
149.414 9.55432e-24
149.759 9.56453e-24
150.104 9.57479e-24
150.45 9.58511e-24
150.797 9.59549e-24
151.145 9.60593e-24
151.493 9.61642e-24
151.843 9.62698e-24
152.193 9.63758e-24
152.544 9.64825e-24
152.896 9.65898e-24
153.248 9.66976e-24
153.601 9.6806e-24
153.956 9.69149e-24
154.311 9.70245e-24
154.667 9.71346e-24
155.023 9.72453e-24
155.381 9.73566e-24
155.739 9.74684e-24
156.098 9.75808e-24
156.458 9.76938e-24
156.819 9.78074e-24
157.181 9.79215e-24
157.543 9.80362e-24
157.906 9.81515e-24
158.27 9.82674e-24
158.635 9.83838e-24
159.001 9.85009e-24
159.368 9.86185e-24
159.735 9.87366e-24
160.104 9.88554e-24
160.473 9.89747e-24
160.843 9.90946e-24
161.214 9.9215e-24
161.586 9.93361e-24
161.958 9.94577e-24
162.332 9.95799e-24
162.706 9.97027e-24
163.081 9.9826e-24
163.457 9.995e-24
163.834 1.00074e-23
164.212 1.002e-23
164.591 1.00325e-23
164.97 1.00451e-23
165.351 1.00578e-23
165.732 1.00706e-23
166.114 1.00834e-23
166.497 1.00962e-23
166.881 1.01091e-23
167.266 1.01221e-23
167.652 1.01351e-23
168.038 1.01482e-23
168.426 1.01614e-23
168.814 1.01746e-23
169.204 1.01878e-23
169.594 1.02011e-23
169.985 1.02145e-23
170.377 1.02279e-23
170.77 1.02414e-23
171.163 1.0255e-23
171.558 1.02686e-23
171.954 1.02823e-23
172.35 1.0296e-23
172.748 1.03098e-23
173.146 1.03236e-23
173.545 1.03375e-23
173.946 1.03515e-23
174.347 1.03655e-23
174.749 1.03796e-23
175.152 1.03937e-23
175.556 1.04079e-23
175.96 1.04221e-23
176.366 1.04364e-23
176.773 1.04508e-23
177.181 1.04652e-23
177.589 1.04797e-23
177.999 1.04943e-23
178.409 1.05089e-23
178.821 1.05235e-23
179.233 1.05383e-23
179.646 1.0553e-23
180.061 1.05679e-23
180.476 1.05828e-23
180.892 1.05977e-23
181.309 1.06127e-23
181.727 1.06278e-23
182.146 1.0643e-23
182.566 1.06582e-23
182.987 1.06734e-23
183.409 1.06887e-23
183.832 1.07041e-23
184.256 1.07195e-23
184.681 1.0735e-23
185.107 1.07506e-23
185.534 1.07662e-23
185.962 1.07818e-23
186.39 1.07976e-23
186.82 1.08134e-23
187.251 1.08292e-23
187.683 1.08451e-23
188.116 1.08611e-23
188.549 1.08771e-23
188.984 1.08932e-23
189.42 1.09094e-23
189.857 1.09256e-23
190.295 1.09418e-23
190.733 1.09582e-23
191.173 1.09746e-23
191.614 1.0991e-23
192.056 1.10075e-23
192.499 1.10241e-23
192.943 1.10407e-23
193.388 1.10574e-23
193.834 1.10742e-23
194.281 1.1091e-23
194.729 1.11079e-23
195.178 1.11248e-23
195.628 1.11418e-23
196.079 1.11589e-23
196.531 1.1176e-23
196.984 1.11932e-23
197.438 1.12104e-23
197.894 1.12277e-23
198.35 1.12451e-23
198.808 1.12625e-23
199.266 1.128e-23
199.725 1.12976e-23
200.186 1.13152e-23
200.648 1.13329e-23
201.11 1.13506e-23
201.574 1.13684e-23
202.039 1.13863e-23
202.505 1.14042e-23
202.972 1.14222e-23
203.44 1.14402e-23
203.909 1.14583e-23
204.379 1.14765e-23
204.851 1.14947e-23
205.323 1.1513e-23
205.796 1.15314e-23
206.271 1.15498e-23
206.747 1.15683e-23
207.223 1.15869e-23
207.701 1.16055e-23
208.18 1.16241e-23
208.66 1.16429e-23
209.141 1.16617e-23
209.624 1.16806e-23
210.107 1.16995e-23
210.592 1.17185e-23
211.077 1.17375e-23
211.564 1.17566e-23
212.052 1.17758e-23
212.541 1.17951e-23
213.031 1.18144e-23
213.522 1.18338e-23
214.015 1.18532e-23
214.508 1.18727e-23
215.003 1.18923e-23
215.499 1.19119e-23
215.996 1.19316e-23
216.494 1.19514e-23
216.993 1.19712e-23
217.493 1.19911e-23
217.995 1.2011e-23
218.498 1.20311e-23
219.001 1.20511e-23
219.506 1.20713e-23
220.013 1.20915e-23
220.52 1.21118e-23
221.028 1.21321e-23
221.538 1.21526e-23
222.049 1.2173e-23
222.561 1.21936e-23
223.074 1.22142e-23
223.589 1.22349e-23
224.104 1.22556e-23
224.621 1.22764e-23
225.139 1.22973e-23
225.658 1.23182e-23
226.179 1.23392e-23
226.7 1.23603e-23
227.223 1.23814e-23
227.747 1.24026e-23
228.272 1.24239e-23
228.798 1.24453e-23
229.326 1.24667e-23
229.855 1.24881e-23
230.385 1.25097e-23
230.916 1.25313e-23
231.449 1.2553e-23
231.982 1.25747e-23
232.517 1.25965e-23
233.054 1.26184e-23
233.591 1.26403e-23
234.13 1.26623e-23
234.67 1.26844e-23
235.211 1.27066e-23
235.753 1.27288e-23
236.297 1.27511e-23
236.842 1.27734e-23
237.388 1.27958e-23
237.935 1.28183e-23
238.484 1.28409e-23
239.034 1.28635e-23
239.585 1.28862e-23
240.138 1.2909e-23
240.691 1.29318e-23
241.246 1.29547e-23
241.803 1.29777e-23
242.36 1.30008e-23
242.919 1.30239e-23
243.479 1.30471e-23
244.041 1.30703e-23
244.604 1.30936e-23
245.168 1.3117e-23
245.733 1.31405e-23
246.3 1.3164e-23
246.868 1.31876e-23
247.437 1.32113e-23
248.007 1.3235e-23
248.579 1.32589e-23
249.153 1.32827e-23
249.727 1.33067e-23
250.303 1.33307e-23
250.88 1.33548e-23
251.459 1.3379e-23
252.039 1.34033e-23
252.62 1.34276e-23
253.202 1.3452e-23
253.786 1.34764e-23
254.372 1.35009e-23
254.958 1.35255e-23
255.546 1.35502e-23
256.135 1.3575e-23
256.726 1.35998e-23
257.318 1.36247e-23
257.911 1.36497e-23
258.506 1.36747e-23
259.102 1.36998e-23
259.7 1.3725e-23
260.299 1.37502e-23
260.899 1.37756e-23
261.5 1.3801e-23
262.103 1.38265e-23
262.708 1.3852e-23
263.314 1.38776e-23
263.921 1.39033e-23
264.53 1.39291e-23
265.14 1.3955e-23
265.751 1.39809e-23
266.364 1.40069e-23
266.978 1.40329e-23
267.594 1.40591e-23
268.211 1.40853e-23
268.829 1.41116e-23
269.449 1.4138e-23
270.071 1.41644e-23
270.693 1.41909e-23
271.318 1.42175e-23
271.943 1.42442e-23
272.57 1.4271e-23
273.199 1.42978e-23
273.829 1.43247e-23
274.46 1.43517e-23
275.093 1.43787e-23
275.728 1.44058e-23
276.363 1.44331e-23
277.001 1.44603e-23
277.639 1.44877e-23
278.28 1.45151e-23
278.921 1.45426e-23
279.565 1.45702e-23
280.209 1.45979e-23
280.855 1.46257e-23
281.503 1.46535e-23
282.152 1.46814e-23
282.803 1.47094e-23
283.455 1.47374e-23
284.109 1.47656e-23
284.764 1.47938e-23
285.421 1.48221e-23
286.079 1.48504e-23
286.738 1.48789e-23
287.4 1.49074e-23
288.062 1.4936e-23
288.727 1.49647e-23
289.392 1.49935e-23
290.06 1.50223e-23
290.729 1.50513e-23
291.399 1.50803e-23
292.071 1.51094e-23
292.745 1.51385e-23
293.42 1.51678e-23
294.096 1.51971e-23
294.774 1.52265e-23
295.454 1.5256e-23
296.136 1.52856e-23
296.818 1.53152e-23
297.503 1.5345e-23
298.189 1.53748e-23
298.877 1.54047e-23
299.566 1.54347e-23
300.257 1.54647e-23
300.949 1.54949e-23
301.643 1.55251e-23
302.339 1.55554e-23
303.036 1.55858e-23
303.735 1.56163e-23
304.435 1.56468e-23
305.137 1.56774e-23
305.841 1.57082e-23
306.546 1.5739e-23
307.253 1.57699e-23
307.961 1.58008e-23
308.671 1.58319e-23
309.383 1.5863e-23
310.097 1.58942e-23
310.812 1.59256e-23
311.529 1.59569e-23
312.247 1.59884e-23
312.967 1.602e-23
313.689 1.60516e-23
314.412 1.60834e-23
315.137 1.61152e-23
315.864 1.61471e-23
316.592 1.61791e-23
317.322 1.62111e-23
318.054 1.62433e-23
318.787 1.62755e-23
319.523 1.63079e-23
320.259 1.63403e-23
320.998 1.63728e-23
321.738 1.64054e-23
322.48 1.64381e-23
323.224 1.64708e-23
323.969 1.65037e-23
324.716 1.65366e-23
325.465 1.65696e-23
326.215 1.66028e-23
326.968 1.6636e-23
327.722 1.66692e-23
328.477 1.67026e-23
329.235 1.67361e-23
329.994 1.67696e-23
330.755 1.68033e-23
331.518 1.6837e-23
332.282 1.68708e-23
333.049 1.69048e-23
333.817 1.69388e-23
334.586 1.69728e-23
335.358 1.7007e-23
336.131 1.70413e-23
336.906 1.70757e-23
337.683 1.71101e-23
338.462 1.71446e-23
339.242 1.71793e-23
340.025 1.7214e-23
340.809 1.72488e-23
341.595 1.72837e-23
342.382 1.73187e-23
343.172 1.73538e-23
343.963 1.7389e-23
344.757 1.74243e-23
345.552 1.74596e-23
346.348 1.74951e-23
347.147 1.75306e-23
347.948 1.75663e-23
348.75 1.7602e-23
349.554 1.76378e-23
350.36 1.76737e-23
351.168 1.77098e-23
351.978 1.77459e-23
352.79 1.77821e-23
353.603 1.78184e-23
354.419 1.78547e-23
355.236 1.78912e-23
356.055 1.79278e-23
356.876 1.79645e-23
357.699 1.80013e-23
358.524 1.80381e-23
359.351 1.80751e-23
360.179 1.81121e-23
361.01 1.81493e-23
361.842 1.81865e-23
362.677 1.82239e-23
363.513 1.82613e-23
364.351 1.82988e-23
365.192 1.83365e-23
366.034 1.83742e-23
366.878 1.8412e-23
367.724 1.84499e-23
368.572 1.8488e-23
369.422 1.85261e-23
370.274 1.85643e-23
371.128 1.86026e-23
371.983 1.8641e-23
372.841 1.86795e-23
373.701 1.87181e-23
374.563 1.87568e-23
375.426 1.87956e-23
376.292 1.88346e-23
377.16 1.88736e-23
378.03 1.89127e-23
378.901 1.89519e-23
379.775 1.89912e-23
380.651 1.90306e-23
381.529 1.90701e-23
382.408 1.91097e-23
383.29 1.91494e-23
384.174 1.91892e-23
385.06 1.92291e-23
385.948 1.92691e-23
386.838 1.93092e-23
387.73 1.93495e-23
388.624 1.93898e-23
389.52 1.94302e-23
390.419 1.94707e-23
391.319 1.95113e-23
392.221 1.95521e-23
393.126 1.95929e-23
394.032 1.96338e-23
394.941 1.96749e-23
395.852 1.9716e-23
396.765 1.97573e-23
397.679 1.97986e-23
398.597 1.98401e-23
399.516 1.98816e-23
400.437 1.99233e-23
401.36 1.99651e-23
402.286 2.00069e-23
403.214 2.00489e-23
404.143 2.0091e-23
405.075 2.01332e-23
406.009 2.01755e-23
406.946 2.02179e-23
407.884 2.02604e-23
408.825 2.0303e-23
409.767 2.03458e-23
410.712 2.03886e-23
411.66 2.04315e-23
412.609 2.04746e-23
413.56 2.05177e-23
414.514 2.0561e-23
415.47 2.06044e-23
416.428 2.06479e-23
417.388 2.06915e-23
418.351 2.07352e-23
419.315 2.0779e-23
420.282 2.08229e-23
421.252 2.0867e-23
422.223 2.09111e-23
423.197 2.09554e-23
424.173 2.09998e-23
425.151 2.10443e-23
426.131 2.10889e-23
427.114 2.11336e-23
428.099 2.11785e-23
429.086 2.12234e-23
430.075 2.12686e-23
431.067 2.13139e-23
432.061 2.13593e-23
433.057 2.14051e-23
434.056 2.14512e-23
435.057 2.14982e-23
436.06 2.1548e-23
437.066 2.16158e-23
438.074 1.07823e-22
439.084 2.17057e-23
440.096 2.17314e-23
441.111 2.17738e-23
442.129 2.18189e-23
443.148 2.18648e-23
444.17 2.19111e-23
445.194 2.19576e-23
446.221 2.20043e-23
447.25 2.20512e-23
448.281 2.20982e-23
449.315 2.21454e-23
450.351 2.21927e-23
451.39 2.22401e-23
452.43 2.22876e-23
453.474 2.23352e-23
454.519 2.2383e-23
455.568 2.24309e-23
456.618 2.24789e-23
457.671 2.2527e-23
458.727 2.25753e-23
459.784 2.26237e-23
460.845 2.26722e-23
461.907 2.27208e-23
462.972 2.27695e-23
464.04 2.28184e-23
465.11 2.28673e-23
466.183 2.29164e-23
467.258 2.29656e-23
468.335 2.3015e-23
469.415 2.30644e-23
470.498 2.3114e-23
471.583 2.31637e-23
472.67 2.32135e-23
473.76 2.32635e-23
474.853 2.33136e-23
475.948 2.33638e-23
477.045 2.34141e-23
478.145 2.34645e-23
479.248 2.35151e-23
480.353 2.35658e-23
481.461 2.36166e-23
482.571 2.36675e-23
483.684 2.37186e-23
484.799 2.37698e-23
485.917 2.38211e-23
487.038 2.38725e-23
488.161 2.39241e-23
489.286 2.39758e-23
490.415 2.40276e-23
491.546 2.40795e-23
492.679 2.41316e-23
493.815 2.41838e-23
494.954 2.42361e-23
496.095 2.42886e-23
497.239 2.43411e-23
498.386 2.43938e-23
499.535 2.44467e-23
500.687 2.44996e-23
501.842 2.45527e-23
502.999 2.4606e-23
504.159 2.46593e-23
505.322 2.47128e-23
506.487 2.47664e-23
507.655 2.48202e-23
508.825 2.4874e-23
509.999 2.4928e-23
511.175 2.49822e-23
512.354 2.50364e-23
513.535 2.50908e-23
514.719 2.51454e-23
515.906 2.52e-23
517.096 2.52548e-23
518.288 2.53098e-23
519.484 2.53648e-23
520.682 2.542e-23
521.882 2.54754e-23
523.086 2.55308e-23
524.292 2.55864e-23
525.501 2.56422e-23
526.713 2.5698e-23
527.927 2.57541e-23
529.145 2.58102e-23
530.365 2.58665e-23
531.588 2.59229e-23
532.814 2.59794e-23
534.043 2.60361e-23
535.274 2.6093e-23
536.508 2.61499e-23
537.746 2.6207e-23
538.986 2.62643e-23
540.229 2.63216e-23
541.474 2.63792e-23
542.723 2.64368e-23
543.974 2.64946e-23
545.229 2.65525e-23
546.486 2.66106e-23
547.746 2.66688e-23
549.01 2.67272e-23
550.276 2.67857e-23
551.544 2.68443e-23
552.816 2.69031e-23
554.091 2.6962e-23
555.369 2.70211e-23
556.65 2.70803e-23
557.933 2.71396e-23
559.22 2.71991e-23
560.509 2.72587e-23
561.802 2.73185e-23
563.097 2.73784e-23
564.396 2.74385e-23
565.697 2.74987e-23
567.002 2.75591e-23
568.309 2.76196e-23
569.62 2.76802e-23
570.933 2.7741e-23
572.25 2.7802e-23
573.57 2.7863e-23
574.892 2.79243e-23
576.218 2.79856e-23
577.547 2.80472e-23
578.879 2.81088e-23
580.214 2.81707e-23
581.552 2.82326e-23
582.893 2.82948e-23
584.237 2.8357e-23
585.584 2.84194e-23
586.934 2.8482e-23
588.288 2.85447e-23
589.644 2.86076e-23
591.004 2.86706e-23
592.367 2.87338e-23
593.733 2.87971e-23
595.102 2.88606e-23
596.474 2.89242e-23
597.85 2.8988e-23
599.229 2.90519e-23
600.61 2.9116e-23
601.995 2.91802e-23
603.384 2.92446e-23
604.775 2.93092e-23
606.17 2.93739e-23
607.567 2.94387e-23
608.969 2.95037e-23
610.373 2.95689e-23
611.78 2.96342e-23
613.191 2.96997e-23
614.605 2.97653e-23
616.022 2.98311e-23
617.443 2.9897e-23
618.867 2.99632e-23
620.294 3.00294e-23
621.724 3.00958e-23
623.158 3.01624e-23
624.595 3.02291e-23
626.035 3.0296e-23
627.479 3.03631e-23
628.926 3.04303e-23
630.376 3.04977e-23
631.83 3.05652e-23
633.287 3.06329e-23
634.747 3.07008e-23
636.211 3.07688e-23
637.678 3.0837e-23
639.149 3.09053e-23
640.623 3.09739e-23
642.1 3.10425e-23
643.58 3.11114e-23
645.065 3.11804e-23
646.552 3.12495e-23
648.043 3.13189e-23
649.537 3.13884e-23
651.035 3.1458e-23
652.537 3.15278e-23
654.041 3.15978e-23
655.55 3.1668e-23
657.061 3.17383e-23
658.576 3.18088e-23
660.095 3.18795e-23
661.617 3.19503e-23
663.143 3.20213e-23
664.672 3.20925e-23
666.205 3.21638e-23
667.741 3.22353e-23
669.281 3.2307e-23
670.824 3.23788e-23
672.371 3.24508e-23
673.922 3.2523e-23
675.476 3.25954e-23
677.034 3.26679e-23
678.595 3.27406e-23
680.16 3.28135e-23
681.728 3.28865e-23
683.3 3.29598e-23
684.876 3.30331e-23
686.455 3.31067e-23
688.038 3.31805e-23
689.625 3.32544e-23
691.215 3.33285e-23
692.809 3.34027e-23
694.407 3.34772e-23
696.008 3.35518e-23
697.613 3.36266e-23
699.222 3.37016e-23
700.834 3.37767e-23
702.45 3.38521e-23
704.07 3.39276e-23
705.694 3.40033e-23
707.321 3.40791e-23
708.952 3.41552e-23
710.587 3.42314e-23
712.226 3.43078e-23
713.868 3.43844e-23
715.514 3.44612e-23
717.164 3.45381e-23
718.818 3.46152e-23
720.475 3.46926e-23
722.137 3.47701e-23
723.802 3.48477e-23
725.471 3.49256e-23
727.144 3.50037e-23
728.821 3.50819e-23
730.502 3.51603e-23
732.186 3.52389e-23
733.875 3.53177e-23
735.567 3.53967e-23
737.263 3.54758e-23
738.963 3.55552e-23
740.667 3.56347e-23
742.375 3.57145e-23
744.087 3.57944e-23
745.803 3.58745e-23
747.523 3.59548e-23
749.247 3.60352e-23
750.975 3.61159e-23
752.706 3.61968e-23
754.442 3.62778e-23
756.182 3.63591e-23
757.926 3.64405e-23
759.673 3.65221e-23
761.425 3.6604e-23
763.181 3.6686e-23
764.941 3.67682e-23
766.705 3.68506e-23
768.473 3.69332e-23
770.245 3.7016e-23
772.021 3.70989e-23
773.801 3.71821e-23
775.586 3.72655e-23
777.374 3.73491e-23
779.167 3.74328e-23
780.964 3.75168e-23
782.765 3.7601e-23
784.57 3.76853e-23
786.379 3.77699e-23
788.192 3.78547e-23
790.01 3.79396e-23
791.832 3.80248e-23
793.658 3.81101e-23
795.488 3.81957e-23
797.322 3.82815e-23
799.161 3.83674e-23
801.004 3.84536e-23
802.851 3.854e-23
804.702 3.86265e-23
806.558 3.87133e-23
808.418 3.88003e-23
810.282 3.88875e-23
812.151 3.89749e-23
814.023 3.90625e-23
815.901 3.91503e-23
817.782 3.92383e-23
819.668 3.93265e-23
821.558 3.94149e-23
823.452 3.95035e-23
825.351 3.95924e-23
827.255 3.96814e-23
829.162 3.97707e-23
831.074 3.98602e-23
832.991 3.99498e-23
834.912 4.00397e-23
836.837 4.01298e-23
838.767 4.02201e-23
840.701 4.03107e-23
842.64 4.04014e-23
844.583 4.04924e-23
846.53 4.05835e-23
848.482 4.06749e-23
850.439 4.07665e-23
852.4 4.08584e-23
854.366 4.09505e-23
856.336 4.10432e-23
858.311 4.11522e-23
860.29 4.12293e-23
862.274 4.13208e-23
864.262 4.14138e-23
866.255 4.1507e-23
868.253 4.16005e-23
870.255 4.16943e-23
872.262 4.17883e-23
874.273 4.18825e-23
876.289 4.19769e-23
878.31 4.20715e-23
880.336 4.21664e-23
882.366 4.22615e-23
884.4 4.23568e-23
886.44 4.24523e-23
888.484 4.25481e-23
890.533 4.26441e-23
892.586 4.27403e-23
894.645 4.28367e-23
896.708 4.29334e-23
898.775 4.30303e-23
900.848 4.31274e-23
902.925 4.32247e-23
905.008 4.33223e-23
907.095 4.34201e-23
909.186 4.35181e-23
911.283 4.36164e-23
913.384 4.37149e-23
915.491 4.38136e-23
917.602 4.39125e-23
919.718 4.40117e-23
921.839 4.41111e-23
923.964 4.42108e-23
926.095 4.43106e-23
928.231 4.44107e-23
930.371 4.45111e-23
932.517 4.46117e-23
934.667 4.47125e-23
936.822 4.48135e-23
938.983 4.49148e-23
941.148 4.50164e-23
943.318 4.51181e-23
945.494 4.52201e-23
947.674 4.53224e-23
949.859 4.54248e-23
952.05 4.55276e-23
954.245 4.56305e-23
956.445 4.57337e-23
958.651 4.58372e-23
960.862 4.59408e-23
963.077 4.60448e-23
965.298 4.61489e-23
967.524 4.62533e-23
969.755 4.6358e-23
971.992 4.64629e-23
974.233 4.6568e-23
976.48 4.66734e-23
978.731 4.67791e-23
980.988 4.6885e-23
983.251 4.69911e-23
985.518 4.70975e-23
987.791 4.72041e-23
990.068 4.7311e-23
992.352 4.74181e-23
994.64 4.75255e-23
996.934 4.76331e-23
999.233 4.7741e-23
1001.54 4.78491e-23
1003.85 4.79575e-23
1006.16 4.80661e-23
1008.48 4.8175e-23
1010.81 4.82842e-23
1013.14 4.83936e-23
1015.47 4.85032e-23
1017.82 4.86131e-23
1020.16 4.87233e-23
1022.52 4.88337e-23
1024.87 4.89444e-23
1027.24 4.90554e-23
1029.61 4.91666e-23
1031.98 4.9278e-23
1034.36 4.93897e-23
1036.74 4.95017e-23
1039.14 4.96139e-23
1041.53 4.97265e-23
1043.93 4.98392e-23
1046.34 4.99522e-23
1048.75 5.00655e-23
1051.17 5.01791e-23
1053.6 5.02929e-23
1056.03 5.0407e-23
1058.46 5.05214e-23
1060.9 5.0636e-23
1063.35 5.07509e-23
1065.8 5.0866e-23
1068.26 5.09814e-23
1070.72 5.10971e-23
1073.19 5.12131e-23
1075.67 5.13293e-23
1078.15 5.14458e-23
1080.63 5.15626e-23
1083.12 5.16796e-23
1085.62 5.1797e-23
1088.13 5.19146e-23
1090.63 5.20324e-23
1093.15 5.21506e-23
1095.67 5.2269e-23
1098.2 5.23877e-23
1100.73 5.25066e-23
1103.27 5.26259e-23
1105.81 5.27454e-23
1108.36 5.28652e-23
1110.92 5.29853e-23
1113.48 5.31057e-23
1116.05 5.32263e-23
1118.62 5.33472e-23
1121.2 5.34684e-23
1123.79 5.35899e-23
1126.38 5.37117e-23
1128.97 5.38337e-23
1131.58 5.39561e-23
1134.19 5.40787e-23
1136.8 5.42016e-23
1139.42 5.43248e-23
1142.05 5.44483e-23
1144.69 5.45721e-23
1147.33 5.46961e-23
1149.97 5.48205e-23
1152.62 5.49451e-23
1155.28 5.507e-23
1157.94 5.51952e-23
1160.62 5.53207e-23
1163.29 5.54465e-23
1165.97 5.55726e-23
1168.66 5.5699e-23
1171.36 5.58257e-23
1174.06 5.59527e-23
1176.77 5.60799e-23
1179.48 5.62075e-23
1182.2 5.63354e-23
1184.93 5.64635e-23
1187.66 5.6592e-23
1190.4 5.67207e-23
1193.14 5.68498e-23
1195.89 5.69792e-23
1198.65 5.71088e-23
1201.42 5.72388e-23
1204.19 5.7369e-23
1206.96 5.74996e-23
1209.75 5.76305e-23
1212.54 5.77616e-23
1215.33 5.78931e-23
1218.13 5.80249e-23
1220.94 5.8157e-23
1223.76 5.82894e-23
1226.58 5.84221e-23
1229.41 5.85551e-23
1232.24 5.86885e-23
1235.09 5.88221e-23
1237.93 5.89562e-23
1240.79 5.91408e-23
1243.65 5.92251e-23
1246.52 5.93598e-23
1249.39 5.94949e-23
1252.27 5.96304e-23
1255.16 5.97662e-23
1258.06 5.99024e-23
1260.96 6.00388e-23
1263.86 6.01756e-23
1266.78 6.03127e-23
1269.7 6.04501e-23
1272.63 6.05878e-23
1275.56 6.07259e-23
1278.5 6.08642e-23
1281.45 6.10029e-23
1284.41 6.11419e-23
1287.37 6.12813e-23
1290.34 6.14209e-23
1293.31 6.15609e-23
1296.3 6.17012e-23
1299.29 6.18418e-23
1302.28 6.19828e-23
1305.28 6.21241e-23
1308.29 6.22657e-23
1311.31 6.24076e-23
1314.34 6.25499e-23
1317.37 6.26925e-23
1320.4 6.28355e-23
1323.45 6.29787e-23
1326.5 6.31223e-23
1329.56 6.32663e-23
1332.63 6.34105e-23
1335.7 6.35551e-23
1338.78 6.37001e-23
1341.87 6.38453e-23
1344.96 6.3991e-23
1348.06 6.41369e-23
1351.17 6.42832e-23
1354.29 6.44298e-23
1357.41 6.45768e-23
1360.54 6.47241e-23
1363.68 6.48718e-23
1366.82 6.50197e-23
1369.97 6.51681e-23
1373.13 6.53168e-23
1376.3 6.54658e-23
1379.47 6.56152e-23
1382.65 6.57649e-23
1385.84 6.5915e-23
1389.04 6.60654e-23
1392.24 6.62161e-23
1395.45 6.63673e-23
1398.67 6.65187e-23
1401.9 6.66705e-23
1405.13 6.68227e-23
1408.37 6.69752e-23
1411.62 6.71281e-23
1414.87 6.72813e-23
1418.13 6.74349e-23
1421.4 6.75889e-23
1424.68 6.77432e-23
1427.97 6.78978e-23
1431.26 6.80528e-23
1434.56 6.82082e-23
1437.87 6.8364e-23
1441.18 6.852e-23
1444.51 6.86765e-23
1447.84 6.88333e-23
1451.18 6.89905e-23
1454.52 6.91481e-23
1457.88 6.9306e-23
1461.24 6.94643e-23
1464.61 6.96229e-23
1467.99 6.97819e-23
1471.37 6.99413e-23
1474.77 7.01011e-23
1478.17 7.02612e-23
1481.57 7.04217e-23
1484.99 7.05826e-23
1488.42 7.07438e-23
1491.85 7.09054e-23
1495.29 7.10674e-23
1498.74 7.12298e-23
1502.19 7.13925e-23
1505.66 7.15557e-23
1509.13 7.17192e-23
1512.61 7.1883e-23
1516.1 7.20473e-23
1519.59 7.22119e-23
1523.1 7.2377e-23
1526.61 7.25424e-23
1530.13 7.27081e-23
1533.66 7.28743e-23
1537.19 7.30409e-23
1540.74 7.32078e-23
1544.29 7.33751e-23
1547.85 7.35429e-23
1551.42 7.3711e-23
1555 7.38795e-23
1558.59 7.40483e-23
1562.18 7.42176e-23
1565.78 7.43873e-23
1569.39 7.45574e-23
1573.01 7.47279e-23
1576.64 7.49032e-23
1580.28 7.507e-23
1583.92 7.52416e-23
1587.57 7.54136e-23
1591.23 7.5586e-23
1594.9 7.57589e-23
1598.58 7.59321e-23
1602.27 7.61058e-23
1605.96 7.62798e-23
1609.67 7.64542e-23
1613.38 7.66291e-23
1617.1 7.68044e-23
1620.83 7.698e-23
1624.56 7.71561e-23
1628.31 7.73326e-23
1632.07 7.75094e-23
1635.83 7.76867e-23
1639.6 7.78644e-23
1643.38 7.80426e-23
1647.17 7.82211e-23
1650.97 7.84e-23
1654.78 7.85794e-23
1658.59 7.87592e-23
1662.42 7.89394e-23
1666.25 7.912e-23
1670.09 7.9301e-23
1673.95 7.94824e-23
1677.81 7.96643e-23
1681.67 7.98466e-23
1685.55 8.00293e-23
1689.44 8.02124e-23
1693.34 8.0396e-23
1697.24 8.058e-23
1701.15 8.07644e-23
1705.08 8.09492e-23
1709.01 8.11345e-23
1712.95 8.13202e-23
1716.9 8.15063e-23
1720.86 8.16928e-23
1724.83 8.18798e-23
1728.8 8.20672e-23
1732.79 8.22551e-23
1736.79 8.24434e-23
1740.79 8.26321e-23
1744.81 8.28213e-23
1748.83 8.30108e-23
1752.86 8.32009e-23
1756.9 8.33914e-23
1760.96 8.35823e-23
1765.02 8.37736e-23
1769.09 8.39654e-23
1773.17 8.41577e-23
1777.26 8.43504e-23
1781.35 8.45435e-23
1785.46 8.47371e-23
1789.58 8.49311e-23
1793.71 8.51256e-23
1797.84 8.53205e-23
1801.99 8.55159e-23
1806.14 8.57117e-23
1810.31 8.5908e-23
1814.48 8.61048e-23
1818.67 8.6302e-23
1822.86 8.64996e-23
1827.06 8.66977e-23
1831.28 8.68963e-23
1835.5 8.70953e-23
1839.73 8.72948e-23
1843.98 8.74948e-23
1848.23 8.76952e-23
1852.49 8.78961e-23
1856.76 8.80974e-23
1861.04 8.82992e-23
1865.34 8.85015e-23
1869.64 8.87042e-23
1873.95 8.89074e-23
1878.27 8.91111e-23
1882.6 8.93153e-23
1886.94 8.95199e-23
1891.29 8.9725e-23
1895.65 8.99306e-23
1900.03 9.01368e-23
1904.41 9.03432e-23
1908.8 9.05501e-23
1913.2 9.07576e-23
1917.61 9.09656e-23
1922.03 9.1174e-23
1926.47 9.1383e-23
1930.91 9.15924e-23
1935.36 9.18023e-23
1939.83 9.20126e-23
1944.3 9.22235e-23
1948.78 9.24349e-23
1953.28 9.26467e-23
1957.78 9.2859e-23
1962.29 9.30719e-23
1966.82 9.32852e-23
1971.36 9.3499e-23
1975.9 9.37133e-23
1980.46 9.39281e-23
1985.02 9.41434e-23
1989.6 9.43592e-23
1994.19 9.45755e-23
1998.79 9.47923e-23
2003.4 9.50095e-23
2008.02 9.52273e-23
2012.65 9.54456e-23
2017.29 9.56645e-23
2021.94 9.58838e-23
2026.6 9.61036e-23
2031.28 9.63239e-23
2035.96 9.65447e-23
2040.66 9.67661e-23
2045.36 9.6988e-23
2050.08 9.72103e-23
2054.81 9.74332e-23
2059.54 9.76566e-23
2064.29 9.78805e-23
2069.05 9.8105e-23
2073.83 9.83299e-23
2078.61 9.85554e-23
2083.4 9.87814e-23
2088.21 9.90079e-23
2093.02 9.9235e-23
2097.85 9.94625e-23
2102.69 9.96906e-23
2107.53 9.99192e-23
2112.39 1.00148e-22
2117.27 1.00378e-22
2122.15 1.00608e-22
2127.04 1.00839e-22
2131.95 1.0107e-22
2136.86 1.01302e-22
2141.79 1.01534e-22
2146.73 1.01767e-22
2151.68 1.02001e-22
2156.64 1.02235e-22
2161.61 1.02469e-22
2166.6 1.02704e-22
2171.6 1.0294e-22
2176.6 1.03176e-22
2181.62 1.03413e-22
2186.65 1.0365e-22
2191.7 1.03888e-22
2196.75 1.04126e-22
2201.82 1.04365e-22
2206.89 1.04604e-22
2211.98 1.04844e-22
2217.08 1.05085e-22
2222.2 1.05326e-22
2227.32 1.05568e-22
2232.46 1.0581e-22
2237.6 1.06053e-22
2242.76 1.06296e-22
2247.94 1.0654e-22
2253.12 1.06784e-22
2258.32 1.07029e-22
2263.52 1.07275e-22
2268.74 1.07521e-22
2273.97 1.07768e-22
2279.22 1.08015e-22
2284.47 1.08263e-22
2289.74 1.08511e-22
2295.02 1.0876e-22
2300.31 1.0901e-22
2305.62 1.0926e-22
2310.94 1.09511e-22
2316.27 1.09762e-22
2321.61 1.10014e-22
2326.96 1.10267e-22
2332.33 1.1052e-22
2337.7 1.10773e-22
2343.1 1.11028e-22
2348.5 1.11282e-22
2353.91 1.11538e-22
2359.34 1.11794e-22
2364.78 1.1205e-22
2370.24 1.12308e-22
2375.7 1.12565e-22
2381.18 1.12824e-22
2386.67 1.13083e-22
2392.17 1.13342e-22
2397.69 1.13602e-22
2403.22 1.13863e-22
2408.76 1.14125e-22
2414.32 1.14387e-22
2419.88 1.14649e-22
2425.46 1.14912e-22
2431.06 1.15176e-22
2436.66 1.15441e-22
2442.28 1.15706e-22
2447.91 1.15971e-22
2453.56 1.16237e-22
2459.22 1.16504e-22
2464.89 1.16772e-22
2470.57 1.1704e-22
2476.27 1.17309e-22
2481.98 1.17578e-22
2487.7 1.17848e-22
2493.44 1.18119e-22
2499.19 1.1839e-22
2504.95 1.18662e-22
2510.73 1.18934e-22
2516.52 1.19207e-22
2522.32 1.19481e-22
2528.14 1.19755e-22
2533.97 1.2003e-22
2539.81 1.20306e-22
2545.67 1.20582e-22
2551.54 1.20859e-22
2557.42 1.21137e-22
2563.32 1.21415e-22
2569.23 1.21694e-22
2575.16 1.21973e-22
2581.09 1.22253e-22
2587.05 1.22534e-22
2593.01 1.22815e-22
2598.99 1.23097e-22
2604.99 1.2338e-22
2610.99 1.23663e-22
2617.01 1.23947e-22
2623.05 1.24232e-22
2629.1 1.24517e-22
2635.16 1.24803e-22
2641.24 1.2509e-22
2647.33 1.25377e-22
2653.43 1.25665e-22
2659.55 1.25954e-22
2665.68 1.26243e-22
2671.83 1.26533e-22
2677.99 1.26824e-22
2684.17 1.27115e-22
2690.36 1.27407e-22
2696.56 1.277e-22
2702.78 1.27993e-22
2709.01 1.28287e-22
2715.26 1.28582e-22
2721.52 1.28877e-22
2727.8 1.29174e-22
2734.09 1.2947e-22
2740.39 1.29768e-22
2746.71 1.30066e-22
2753.04 1.30365e-22
2759.39 1.30664e-22
2765.76 1.30964e-22
2772.13 1.31265e-22
2778.53 1.31567e-22
2784.93 1.31869e-22
2791.36 1.32172e-22
2797.79 1.32476e-22
2804.24 1.3278e-22
2810.71 1.33085e-22
2817.19 1.33391e-22
2823.69 1.33697e-22
2830.2 1.34005e-22
2836.73 1.34313e-22
2843.27 1.34621e-22
2849.83 1.3493e-22
2856.4 1.3524e-22
2862.98 1.35551e-22
2869.59 1.35863e-22
2876.2 1.36175e-22
2882.84 1.36488e-22
2889.48 1.36801e-22
2896.15 1.37116e-22
2902.83 1.37431e-22
2909.52 1.37747e-22
2916.23 1.38063e-22
2922.95 1.38381e-22
2929.69 1.38699e-22
2936.45 1.39017e-22
2943.22 1.39337e-22
2950.01 1.39657e-22
2956.81 1.39978e-22
2963.63 1.403e-22
2970.46 1.40622e-22
2977.31 1.40945e-22
2984.18 1.41269e-22
2991.06 1.41594e-22
2997.96 1.41919e-22
3004.87 1.42246e-22
3011.8 1.42572e-22
3018.75 1.429e-22
3025.71 1.43229e-22
3032.68 1.43558e-22
3039.68 1.43888e-22
3046.69 1.44219e-22
3053.71 1.4455e-22
3060.76 1.44882e-22
3067.81 1.45215e-22
3074.89 1.45549e-22
3081.98 1.45884e-22
3089.09 1.46219e-22
3096.21 1.46555e-22
3103.35 1.46892e-22
3110.51 1.4723e-22
3117.68 1.47568e-22
3124.87 1.47907e-22
3132.07 1.48247e-22
3139.3 1.48588e-22
3146.54 1.4893e-22
3153.79 1.49272e-22
3161.06 1.49615e-22
3168.35 1.49959e-22
3175.66 1.50304e-22
3182.98 1.50649e-22
3190.32 1.50996e-22
3197.68 1.51343e-22
3205.05 1.51691e-22
3212.44 1.5204e-22
3219.85 1.52389e-22
3227.28 1.5274e-22
3234.72 1.53091e-22
3242.18 1.53443e-22
3249.66 1.53795e-22
3257.15 1.54149e-22
3264.66 1.54503e-22
3272.19 1.54859e-22
3279.73 1.55215e-22
3287.3 1.55572e-22
3294.88 1.55929e-22
3302.48 1.56288e-22
3310.09 1.56647e-22
3317.72 1.57007e-22
3325.37 1.57368e-22
3333.04 1.5773e-22
3340.73 1.58093e-22
3348.43 1.58456e-22
3356.15 1.58821e-22
3363.89 1.59186e-22
3371.65 1.59552e-22
3379.43 1.59919e-22
3387.22 1.60287e-22
3395.03 1.60655e-22
3402.86 1.61025e-22
3410.71 1.61395e-22
3418.57 1.61766e-22
3426.45 1.62138e-22
3434.36 1.62511e-22
3442.28 1.62885e-22
3450.21 1.63259e-22
3458.17 1.63635e-22
3466.14 1.64011e-22
3474.14 1.64388e-22
3482.15 1.64766e-22
3490.18 1.65145e-22
3498.23 1.65525e-22
3506.29 1.65906e-22
3514.38 1.66287e-22
3522.48 1.6667e-22
3530.61 1.67053e-22
3538.75 1.67437e-22
3546.91 1.67822e-22
3555.09 1.68208e-22
3563.29 1.68595e-22
3571.5 1.68983e-22
3579.74 1.69372e-22
3587.99 1.69761e-22
3596.27 1.70152e-22
3604.56 1.70543e-22
3612.87 1.70935e-22
3621.2 1.71328e-22
3629.55 1.71722e-22
3637.92 1.72117e-22
3646.31 1.72513e-22
3654.72 1.7291e-22
3663.15 1.73308e-22
3671.6 1.73706e-22
3680.06 1.74106e-22
3688.55 1.74507e-22
3697.06 1.74908e-22
3705.58 1.7531e-22
3714.13 1.75714e-22
3722.69 1.76118e-22
3731.28 1.76523e-22
3739.88 1.76929e-22
3748.5 1.77336e-22
3757.15 1.77744e-22
3765.81 1.78153e-22
3774.5 1.78563e-22
3783.2 1.78973e-22
3791.92 1.79385e-22
3800.67 1.79798e-22
3809.43 1.80211e-22
3818.22 1.80626e-22
3827.02 1.81041e-22
3835.85 1.81458e-22
3844.69 1.81875e-22
3853.56 1.82294e-22
3862.44 1.82713e-22
3871.35 1.83133e-22
3880.28 1.83555e-22
3889.23 1.83977e-22
3898.2 1.844e-22
3907.18 1.84825e-22
3916.19 1.8525e-22
3925.23 1.85676e-22
3934.28 1.86103e-22
3943.35 1.86531e-22
3952.44 1.86961e-22
3961.56 1.87391e-22
3970.69 1.87822e-22
3979.85 1.88254e-22
3989.03 1.88687e-22
3998.23 1.89121e-22
4007.45 1.89556e-22
4016.69 1.89993e-22
4025.95 1.9043e-22
4035.23 1.90868e-22
4044.54 1.91307e-22
4053.87 1.91747e-22
4063.21 1.92188e-22
4072.58 1.92631e-22
4081.97 1.93074e-22
4091.39 1.93518e-22
4100.82 1.93963e-22
4110.28 1.9441e-22
4119.76 1.94857e-22
4129.26 1.95305e-22
4138.78 1.95755e-22
4148.32 1.96205e-22
4157.89 1.96657e-22
4167.48 1.97109e-22
4177.09 1.97563e-22
4186.72 1.98017e-22
4196.38 1.98473e-22
4206.05 1.9893e-22
4215.75 1.99388e-22
4225.47 1.99846e-22
4235.22 2.00306e-22
4244.98 2.00767e-22
4254.77 2.01229e-22
4264.58 2.01692e-22
4274.42 2.02156e-22
4284.27 2.02622e-22
4294.15 2.03088e-22
4304.06 2.03555e-22
4313.98 2.04024e-22
4323.93 2.04493e-22
4333.9 2.04964e-22
4343.89 2.05436e-22
4353.91 2.05908e-22
4363.95 2.06382e-22
4374.02 2.06857e-22
4384.1 2.07333e-22
4394.21 2.0781e-22
4404.34 2.08289e-22
4414.5 2.08768e-22
4424.68 2.09248e-22
4434.88 2.0973e-22
4445.11 2.10213e-22
4455.36 2.10697e-22
4465.64 2.11181e-22
4475.93 2.11667e-22
4486.26 2.12155e-22
4496.6 2.12643e-22
4506.97 2.13132e-22
4517.36 2.13623e-22
4527.78 2.14115e-22
4538.22 2.14607e-22
4548.69 2.15101e-22
4559.18 2.15596e-22
4569.69 2.16093e-22
4580.23 2.1659e-22
4590.79 2.17088e-22
4601.38 2.17588e-22
4611.99 2.18089e-22
4622.62 2.18591e-22
4633.28 2.19094e-22
4643.97 2.19598e-22
4654.67 2.20104e-22
4665.41 2.2061e-22
4676.17 2.21118e-22
4686.95 2.21627e-22
4697.76 2.22137e-22
4708.59 2.22649e-22
4719.45 2.23161e-22
4730.33 2.23675e-22
4741.24 2.2419e-22
4752.17 2.24706e-22
4763.13 2.25223e-22
4774.12 2.25741e-22
4785.13 2.26261e-22
4796.16 2.26782e-22
4807.22 2.27304e-22
4818.31 2.27827e-22
4829.42 2.28352e-22
4840.55 2.28877e-22
4851.72 2.29404e-22
4862.9 2.29932e-22
4874.12 2.30461e-22
4885.36 2.30992e-22
4896.62 2.31524e-22
4907.91 2.32057e-22
4919.23 2.32591e-22
4930.58 2.33126e-22
4941.95 2.33663e-22
4953.34 2.34201e-22
4964.76 2.3474e-22
4976.21 2.3528e-22
4987.69 2.35822e-22
4999.19 2.36365e-22
5010.72 2.36909e-22
5022.27 2.37455e-22
5033.85 2.38001e-22
5045.46 2.38549e-22
5057.1 2.39098e-22
5068.76 2.39649e-22
5080.45 2.402e-22
5092.16 2.40753e-22
5103.91 2.41308e-22
5115.68 2.41863e-22
5127.47 2.4242e-22
5139.3 2.42978e-22
5151.15 2.43538e-22
5163.03 2.44098e-22
5174.93 2.4466e-22
5186.87 2.45223e-22
5198.83 2.45788e-22
5210.81 2.46354e-22
5222.83 2.46921e-22
5234.87 2.4749e-22
5246.95 2.48059e-22
5259.05 2.48631e-22
5271.17 2.49203e-22
5283.33 2.49777e-22
5295.51 2.50352e-22
5307.72 2.50928e-22
5319.96 2.51506e-22
5332.23 2.52085e-22
5344.53 2.52665e-22
5356.85 2.53247e-22
5369.2 2.5383e-22
5381.59 2.54415e-22
5394 2.55e-22
5406.43 2.55588e-22
5418.9 2.56176e-22
5431.4 2.56766e-22
5443.92 2.57357e-22
5456.48 2.5795e-22
5469.06 2.58544e-22
5481.67 2.59139e-22
5494.31 2.59736e-22
5506.98 2.60334e-22
5519.68 2.60933e-22
5532.41 2.61534e-22
5545.17 2.62136e-22
5557.95 2.6274e-22
5570.77 2.63345e-22
5583.62 2.63951e-22
5596.49 2.64559e-22
5609.4 2.65168e-22
5622.33 2.65779e-22
5635.3 2.66391e-22
5648.29 2.67004e-22
5661.32 2.67619e-22
5674.37 2.68235e-22
5687.46 2.68853e-22
5700.57 2.69472e-22
5713.72 2.70092e-22
5726.9 2.70714e-22
5740.1 2.71338e-22
5753.34 2.71962e-22
5766.61 2.72589e-22
5779.9 2.73216e-22
5793.23 2.73846e-22
5806.59 2.74476e-22
5819.98 2.75108e-22
5833.4 2.75742e-22
5846.85 2.76377e-22
5860.34 2.77013e-22
5873.85 2.77651e-22
5887.4 2.7829e-22
5900.97 2.78931e-22
5914.58 2.79574e-22
5928.22 2.80217e-22
5941.89 2.80863e-22
5955.59 2.81509e-22
5969.33 2.82158e-22
5983.09 2.82808e-22
5996.89 2.83459e-22
6010.72 2.84112e-22
6024.58 2.84766e-22
6038.47 2.85422e-22
6052.4 2.86079e-22
6066.35 2.86738e-22
6080.34 2.87398e-22
6094.36 2.8806e-22
6108.42 2.88723e-22
6122.5 2.89388e-22
6136.62 2.90055e-22
6150.77 2.90723e-22
6164.96 2.91392e-22
6179.17 2.92063e-22
6193.42 2.92736e-22
6207.7 2.9341e-22
6222.02 2.94086e-22
6236.37 2.94763e-22
6250.75 2.95442e-22
6265.16 2.96123e-22
6279.61 2.96804e-22
6294.09 2.97488e-22
6308.6 2.98173e-22
6323.15 2.9886e-22
6337.73 2.99548e-22
6352.35 3.00238e-22
6367 3.00929e-22
6381.68 3.01623e-22
6396.4 3.02317e-22
6411.15 3.03014e-22
6425.93 3.03711e-22
6440.75 3.04411e-22
6455.6 3.05112e-22
6470.49 3.05815e-22
6485.41 3.06519e-22
6500.36 3.07225e-22
6515.35 3.07933e-22
6530.38 3.08642e-22
6545.44 3.09353e-22
6560.53 3.10065e-22
6575.66 3.10779e-22
6590.82 3.11495e-22
6606.02 3.12213e-22
6621.26 3.12932e-22
6636.52 3.13652e-22
6651.83 3.14375e-22
6667.17 3.15099e-22
6682.54 3.15825e-22
6697.95 3.16552e-22
6713.4 3.17281e-22
6728.88 3.18012e-22
6744.39 3.18745e-22
6759.95 3.19479e-22
6775.54 3.20215e-22
6791.16 3.20952e-22
6806.82 3.21691e-22
6822.52 3.22432e-22
6838.25 3.23175e-22
6854.02 3.23919e-22
6869.82 3.24666e-22
6885.67 3.25413e-22
6901.54 3.26163e-22
6917.46 3.26914e-22
6933.41 3.27667e-22
6949.4 3.28422e-22
6965.43 3.29178e-22
6981.49 3.29937e-22
6997.59 3.30697e-22
7013.72 3.31458e-22
7029.9 3.32222e-22
7046.11 3.32987e-22
7062.36 3.33754e-22
7078.64 3.34523e-22
7094.97 3.35293e-22
7111.33 3.36066e-22
7127.73 3.3684e-22
7144.16 3.37616e-22
7160.64 3.38394e-22
7177.15 3.39173e-22
7193.7 3.39954e-22
7210.29 3.40737e-22
7226.92 3.41522e-22
7243.58 3.42309e-22
7260.28 3.43098e-22
7277.03 3.43888e-22
7293.81 3.4468e-22
7310.63 3.45474e-22
7327.49 3.4627e-22
7344.38 3.47067e-22
7361.32 3.47867e-22
7378.29 3.48668e-22
7395.31 3.49472e-22
7412.36 3.50277e-22
7429.46 3.51083e-22
7446.59 3.51892e-22
7463.76 3.52703e-22
7480.97 3.53515e-22
7498.22 3.5433e-22
7515.51 3.55146e-22
7532.84 3.55964e-22
7550.22 3.56784e-22
7567.63 3.57606e-22
7585.08 3.5843e-22
7602.57 3.59255e-22
7620.1 3.60083e-22
7637.67 3.60913e-22
7655.28 3.61744e-22
7672.94 3.62577e-22
7690.63 3.63413e-22
7708.37 3.6425e-22
7726.14 3.65089e-22
7743.96 3.6593e-22
7761.82 3.66773e-22
7779.71 3.67618e-22
7797.65 3.68465e-22
7815.64 3.69314e-22
7833.66 3.70164e-22
7851.72 3.71017e-22
7869.83 3.71872e-22
7887.98 3.72729e-22
7906.17 3.73587e-22
7924.4 3.74448e-22
7942.67 3.75311e-22
7960.99 3.76175e-22
7979.35 3.77042e-22
7997.75 3.77911e-22
8016.19 3.78781e-22
8034.68 3.79654e-22
8053.2 3.80529e-22
8071.77 3.81405e-22
8090.39 3.82284e-22
8109.04 3.83165e-22
8127.74 3.84047e-22
8146.49 3.84932e-22
8165.27 3.85819e-22
8184.1 3.86708e-22
8202.97 3.87599e-22
8221.89 3.88492e-22
8240.85 3.89387e-22
8259.85 3.90284e-22
8278.9 3.91183e-22
8297.99 3.92084e-22
8317.13 3.92988e-22
8336.31 3.93893e-22
8355.53 3.948e-22
8374.8 3.9571e-22
8394.11 3.96622e-22
8413.47 3.97536e-22
8432.87 3.98451e-22
8452.31 3.99369e-22
8471.81 4.0029e-22
8491.34 4.01212e-22
8510.92 4.02136e-22
8530.55 4.03063e-22
8550.22 4.03991e-22
8569.94 4.04922e-22
8589.7 4.05855e-22
8609.51 4.0679e-22
8629.36 4.07727e-22
8649.26 4.08667e-22
8669.21 4.09608e-22
8689.2 4.10552e-22
8709.23 4.11498e-22
8729.32 4.12446e-22
8749.45 4.13396e-22
8769.62 4.14349e-22
8789.85 4.15303e-22
8810.12 4.1626e-22
8830.43 4.17219e-22
8850.8 4.18181e-22
8871.21 4.19144e-22
8891.66 4.2011e-22
8912.17 4.21078e-22
8932.72 4.22048e-22
8953.32 4.23021e-22
8973.96 4.23995e-22
8994.66 4.24972e-22
9015.4 4.25951e-22
9036.19 4.26933e-22
9057.03 4.27916e-22
9077.91 4.28902e-22
9098.85 4.29891e-22
9119.83 4.30881e-22
9140.86 4.31874e-22
9161.94 4.32869e-22
9183.07 4.33866e-22
9204.24 4.34866e-22
9225.47 4.35868e-22
9246.74 4.36872e-22
9268.06 4.37879e-22
9289.44 4.38888e-22
9310.86 4.39899e-22
9332.33 4.40913e-22
9353.85 4.41929e-22
9375.42 4.42947e-22
9397.04 4.43968e-22
9418.71 4.44991e-22
9440.43 4.46016e-22
9462.2 4.47044e-22
9484.02 4.48074e-22
9505.89 4.49106e-22
9527.81 4.50141e-22
9549.78 4.51178e-22
9571.8 4.52218e-22
9593.87 4.5326e-22
9616 4.54304e-22
9638.17 4.55351e-22
9660.4 4.564e-22
9682.67 4.57452e-22
9705 4.58506e-22
9727.38 4.59563e-22
9749.81 4.60621e-22
9772.3 4.61683e-22
9794.83 4.62747e-22
9817.42 4.63813e-22
9840.06 4.64882e-22
9862.75 4.65953e-22
9885.49 4.67027e-22
9908.29 4.68103e-22
9931.14 4.69181e-22
9954.04 4.70263e-22
9976.99 4.71346e-22
10000 4.72432e-22
