0.0072 1.0000
0.0082 1.0000
0.0092 1.0000
0.0102 1.0000
0.0112 1.0000
0.0122 1.0000
0.0132 1.0000
0.0142 1.0000
0.0152 1.0000
0.0162 1.0000
0.0172 1.0000
0.0182 1.0000
0.0192 1.0000
0.0202 1.0000
0.0211 1.0000
0.0221 1.0000
0.0231 1.0000
0.0241 1.0000
0.0251 1.0000
0.0261 1.0000
0.0271 1.0000
0.0281 1.0000
0.0291 1.0000
0.0301 1.0000
0.0311 1.0000
0.0321 1.0000
0.0331 0.9999
0.0341 0.9999
0.0350 0.9999
0.0360 0.9999
0.0370 0.9999
0.0380 0.9999
0.0390 0.9999
0.0400 0.9999
0.0410 0.9999
0.0420 0.9999
0.0430 0.9998
0.0440 0.9998
0.0450 0.9998
0.0460 0.9998
0.0470 0.9998
0.0480 0.9998
0.0490 0.9997
0.0499 0.9997
0.0509 0.9997
0.0519 0.9997
0.0529 0.9996
0.0539 0.9996
0.0549 0.9996
0.0559 0.9995
0.0569 0.9995
0.0579 0.9994
0.0589 0.9994
0.0599 0.9993
0.0609 0.9993
0.0619 0.9992
0.0629 0.9992
0.0639 0.9991
0.0648 0.9991
0.0658 0.9990
0.0668 0.9989
0.0678 0.9989
0.0688 0.9988
0.0698 0.9987
0.0708 0.9986
0.0718 0.9985
0.0728 0.9984
0.0738 0.9983
0.0748 0.9982
0.0758 0.9981
0.0768 0.9980
0.0778 0.9978
0.0788 0.9977
0.0797 0.9976
0.0807 0.9974
0.0817 0.9973
0.0827 0.9972
0.0837 0.9970
0.0847 0.9968
0.0857 0.9967
0.0867 0.9965
0.0877 0.9963
0.0887 0.9962
0.0897 0.9960
0.0907 0.9958
0.0917 0.9956
0.0927 0.9954
0.0937 0.9952
0.0946 0.9950
0.0956 0.9948
0.0966 0.9946
0.0976 0.9943
0.0986 0.9941
0.0996 0.9939
0.1006 0.9936
0.1016 0.9934
0.1026 0.9931
0.1036 0.9929
0.1046 0.9926
0.1056 0.9924
0.1066 0.9921
0.1076 0.9918
0.1086 0.9915
0.1095 0.9912
0.1105 0.9910
0.1115 0.9907
0.1125 0.9903
0.1135 0.9900
0.1145 0.9897
0.1155 0.9894
0.1165 0.9890
0.1175 0.9887
0.1185 0.9883
0.1195 0.9880
0.1205 0.9876
0.1215 0.9873
0.1225 0.9869
0.1234 0.9865
0.1244 0.9861
0.1254 0.9857
0.1264 0.9853
0.1274 0.9849
0.1284 0.9845
0.1294 0.9841
0.1304 0.9837
0.1314 0.9832
0.1324 0.9828
0.1334 0.9823
0.1344 0.9819
0.1354 0.9814
0.1364 0.9809
0.1374 0.9804
0.1383 0.9799
0.1393 0.9794
0.1403 0.9789
0.1413 0.9784
0.1423 0.9779
0.1433 0.9774
0.1443 0.9768
0.1453 0.9763
0.1463 0.9757
0.1473 0.9752
0.1483 0.9746
0.1493 0.9740
0.1503 0.9734
0.1513 0.9728
0.1523 0.9722
0.1532 0.9716
0.1542 0.9710
0.1552 0.9703
0.1562 0.9697
0.1572 0.9691
0.1582 0.9684
0.1592 0.9677
0.1602 0.9671
0.1612 0.9664
0.1622 0.9657
0.1632 0.9650
0.1642 0.9643
0.1652 0.9636
0.1662 0.9628
0.1672 0.9621
0.1681 0.9613
0.1691 0.9606
0.1701 0.9598
0.1711 0.9591
0.1721 0.9583
0.1731 0.9575
0.1741 0.9567
0.1751 0.9559
0.1761 0.9550
0.1771 0.9542
0.1781 0.9534
0.1791 0.9525
0.1801 0.9517
0.1811 0.9508
0.1821 0.9499
0.1830 0.9490
0.1840 0.9481
0.1850 0.9472
0.1860 0.9462
0.1870 0.9453
0.1880 0.9443
0.1890 0.9434
0.1900 0.9424
0.1910 0.9414
0.1920 0.9404
0.1930 0.9394
0.1940 0.9384
0.1950 0.9373
0.1960 0.9363
0.1970 0.9352
0.1979 0.9342
0.1989 0.9331
0.1999 0.9320
0.2009 0.9309
0.2019 0.9298
0.2029 0.9287
0.2039 0.9276
0.2049 0.9265
0.2059 0.9253
0.2069 0.9242
0.2079 0.9230
0.2089 0.9218
0.2099 0.9206
0.2109 0.9194
0.2118 0.9182
0.2128 0.9170
0.2138 0.9157
0.2148 0.9145
0.2158 0.9132
0.2168 0.9119
0.2178 0.9106
0.2188 0.9094
0.2198 0.9081
0.2208 0.9067
0.2218 0.9054
0.2228 0.9041
0.2238 0.9027
0.2248 0.9014
0.2258 0.9000
0.2267 0.8986
0.2277 0.8972
0.2287 0.8958
0.2297 0.8944
0.2307 0.8929
0.2317 0.8915
0.2327 0.8900
0.2337 0.8886
0.2347 0.8871
0.2357 0.8856
0.2367 0.8841
0.2377 0.8826
0.2387 0.8811
0.2397 0.8796
0.2407 0.8780
0.2416 0.8765
0.2426 0.8749
0.2436 0.8734
0.2446 0.8718
0.2456 0.8702
0.2466 0.8687
0.2476 0.8671
0.2486 0.8655
0.2496 0.8639
0.2506 0.8622
0.2516 0.8606
0.2526 0.8590
0.2536 0.8573
0.2546 0.8557
0.2556 0.8540
0.2565 0.8523
0.2575 0.8506
0.2585 0.8489
0.2595 0.8472
0.2605 0.8455
0.2615 0.8438
0.2625 0.8420
0.2635 0.8403
0.2645 0.8385
0.2655 0.8368
0.2665 0.8350
0.2675 0.8332
0.2685 0.8314
0.2695 0.8296
0.2705 0.8278
0.2714 0.8260
0.2724 0.8242
0.2734 0.8223
0.2744 0.8205
0.2754 0.8187
0.2764 0.8168
0.2774 0.8149
0.2784 0.8131
0.2794 0.8112
0.2804 0.8093
0.2814 0.8074
0.2824 0.8055
0.2834 0.8036
0.2844 0.8017
0.2854 0.7998
0.2863 0.7979
0.2873 0.7959
0.2883 0.7940
0.2893 0.7921
0.2903 0.7901
0.2913 0.7881
0.2923 0.7862
0.2933 0.7842
0.2943 0.7823
0.2953 0.7803
0.2963 0.7783
0.2973 0.7763
0.2983 0.7743
0.2993 0.7723
0.3002 0.7703
0.3012 0.7683
0.3022 0.7662
0.3032 0.7642
0.3042 0.7622
0.3052 0.7601
0.3062 0.7580
0.3072 0.7560
0.3082 0.7539
0.3092 0.7518
0.3102 0.7497
0.3112 0.7476
0.3122 0.7455
0.3132 0.7434
0.3142 0.7413
0.3151 0.7392
0.3161 0.7371
0.3171 0.7349
0.3181 0.7328
0.3191 0.7307
0.3201 0.7285
0.3211 0.7263
0.3221 0.7242
0.3231 0.7220
0.3241 0.7198
0.3251 0.7176
0.3261 0.7155
0.3271 0.7132
0.3281 0.7110
0.3291 0.7088
0.3300 0.7066
0.3310 0.7044
0.3320 0.7021
0.3330 0.6999
0.3340 0.6977
0.3350 0.6954
0.3360 0.6931
0.3370 0.6909
0.3380 0.6886
0.3390 0.6863
0.3400 0.6840
0.3410 0.6817
0.3420 0.6794
0.3430 0.6771
0.3440 0.6747
0.3449 0.6724
0.3459 0.6701
0.3469 0.6678
0.3479 0.6654
0.3489 0.6631
0.3499 0.6608
0.3509 0.6584
0.3519 0.6561
0.3529 0.6537
0.3539 0.6514
0.3549 0.6490
0.3559 0.6466
0.3569 0.6443
0.3579 0.6419
0.3589 0.6396
0.3598 0.6372
0.3608 0.6348
0.3618 0.6324
0.3628 0.6300
0.3638 0.6277
0.3648 0.6253
0.3658 0.6229
0.3668 0.6205
0.3678 0.6182
0.3688 0.6158
0.3698 0.6135
0.3708 0.6112
0.3718 0.6088
0.3728 0.6065
0.3738 0.6042
0.3747 0.6019
0.3757 0.5996
0.3767 0.5974
0.3777 0.5951
0.3787 0.5928
0.3797 0.5906
0.3807 0.5883
0.3817 0.5860
0.3827 0.5838
0.3837 0.5815
0.3847 0.5793
0.3857 0.5770
0.3867 0.5748
0.3877 0.5726
0.3886 0.5704
0.3896 0.5681
0.3906 0.5659
0.3916 0.5637
0.3926 0.5615
0.3936 0.5593
0.3946 0.5571
0.3956 0.5549
0.3966 0.5527
0.3976 0.5505
0.3986 0.5483
0.3996 0.5462
0.4006 0.5440
0.4016 0.5418
0.4026 0.5397
0.4035 0.5375
0.4045 0.5354
0.4055 0.5332
0.4065 0.5311
0.4075 0.5289
0.4085 0.5268
0.4095 0.5247
0.4105 0.5226
0.4115 0.5204
0.4125 0.5183
0.4135 0.5162
0.4145 0.5141
0.4155 0.5120
0.4165 0.5099
0.4175 0.5078
0.4184 0.5057
0.4194 0.5036
0.4204 0.5015
0.4214 0.4995
0.4224 0.4974
0.4234 0.4953
0.4244 0.4933
0.4254 0.4912
0.4264 0.4891
0.4274 0.4871
0.4284 0.4850
0.4294 0.4830
0.4304 0.4810
0.4314 0.4789
0.4324 0.4769
0.4333 0.4749
0.4343 0.4729
0.4353 0.4709
0.4363 0.4689
0.4373 0.4668
0.4383 0.4649
0.4393 0.4629
0.4403 0.4609
0.4413 0.4589
0.4423 0.4569
0.4433 0.4550
0.4443 0.4530
0.4453 0.4510
0.4463 0.4491
0.4473 0.4471
0.4482 0.4452
0.4492 0.4432
0.4502 0.4413
0.4512 0.4394
0.4522 0.4374
0.4532 0.4355
0.4542 0.4336
0.4552 0.4317
0.4562 0.4298
0.4572 0.4279
0.4582 0.4260
0.4592 0.4241
0.4602 0.4222
0.4612 0.4203
0.4622 0.4184
0.4631 0.4166
0.4641 0.4147
0.4651 0.4128
0.4661 0.4110
0.4671 0.4091
0.4681 0.4073
0.4691 0.4054
0.4701 0.4036
0.4711 0.4018
0.4721 0.4000
0.4731 0.3982
0.4741 0.3964
0.4751 0.3946
0.4761 0.3928
0.4770 0.3910
0.4780 0.3892
0.4790 0.3874
0.4800 0.3857
0.4810 0.3839
0.4820 0.3822
0.4830 0.3804
0.4840 0.3787
0.4850 0.3770
0.4860 0.3752
0.4870 0.3735
0.4880 0.3718
0.4890 0.3701
0.4900 0.3684
0.4910 0.3667
0.4919 0.3651
0.4929 0.3634
0.4939 0.3617
0.4949 0.3601
0.4959 0.3584
0.4969 0.3567
0.4979 0.3551
0.4989 0.3534
0.4999 0.3518
0.5009 0.3502
0.5019 0.3485
0.5029 0.3469
0.5039 0.3453
0.5049 0.3436
0.5059 0.3420
0.5068 0.3404
0.5078 0.3388
0.5088 0.3372
0.5098 0.3356
0.5108 0.3340
0.5118 0.3324
0.5128 0.3309
0.5138 0.3293
0.5148 0.3277
0.5158 0.3261
0.5168 0.3245
0.5178 0.3230
0.5188 0.3214
0.5198 0.3199
0.5208 0.3183
0.5217 0.3168
0.5227 0.3152
0.5237 0.3137
0.5247 0.3122
0.5257 0.3106
0.5267 0.3091
0.5277 0.3076
0.5287 0.3061
0.5297 0.3045
0.5307 0.3030
0.5317 0.3015
0.5327 0.3000
0.5337 0.2985
0.5347 0.2970
0.5357 0.2955
0.5366 0.2940
0.5376 0.2925
0.5386 0.2910
0.5396 0.2896
0.5406 0.2881
0.5416 0.2866
0.5426 0.2851
0.5436 0.2837
0.5446 0.2822
0.5456 0.2808
0.5466 0.2793
0.5476 0.2779
0.5486 0.2764
0.5496 0.2750
0.5506 0.2735
0.5515 0.2721
0.5525 0.2707
0.5535 0.2692
0.5545 0.2678
0.5555 0.2664
0.5565 0.2650
0.5575 0.2636
0.5585 0.2621
0.5595 0.2607
0.5605 0.2593
0.5615 0.2579
0.5625 0.2565
0.5635 0.2551
0.5645 0.2538
0.5654 0.2524
0.5664 0.2510
0.5674 0.2496
0.5684 0.2482
0.5694 0.2468
0.5704 0.2455
0.5714 0.2441
0.5724 0.2427
0.5734 0.2413
0.5744 0.2400
0.5754 0.2386
0.5764 0.2373
0.5774 0.2359
0.5784 0.2346
0.5794 0.2333
0.5803 0.2319
0.5813 0.2306
0.5823 0.2293
0.5833 0.2279
0.5843 0.2266
0.5853 0.2253
0.5863 0.2240
0.5873 0.2227
0.5883 0.2214
0.5893 0.2201
0.5903 0.2188
0.5913 0.2175
0.5923 0.2162
0.5933 0.2149
0.5943 0.2136
0.5952 0.2123
0.5962 0.2111
0.5972 0.2098
0.5982 0.2086
0.5992 0.2073
0.6002 0.2061
0.6012 0.2049
0.6022 0.2036
0.6032 0.2024
0.6042 0.2012
0.6052 0.2000
0.6062 0.1988
0.6072 0.1976
0.6082 0.1964
0.6092 0.1952
0.6101 0.1940
0.6111 0.1928
0.6121 0.1916
0.6131 0.1904
0.6141 0.1893
0.6151 0.1881
0.6161 0.1869
0.6171 0.1858
0.6181 0.1846
0.6191 0.1835
0.6201 0.1823
0.6211 0.1812
0.6221 0.1801
0.6231 0.1789
0.6241 0.1778
0.6250 0.1767
0.6260 0.1756
0.6270 0.1745
0.6280 0.1733
0.6290 0.1722
0.6300 0.1711
0.6310 0.1700
0.6320 0.1689
0.6330 0.1678
0.6340 0.1667
0.6350 0.1657
0.6360 0.1646
0.6370 0.1635
0.6380 0.1624
0.6390 0.1614
0.6399 0.1603
0.6409 0.1592
0.6419 0.1582
0.6429 0.1571
0.6439 0.1561
0.6449 0.1550
0.6459 0.1540
0.6469 0.1529
0.6479 0.1519
0.6489 0.1509
0.6499 0.1499
0.6509 0.1489
0.6519 0.1478
0.6529 0.1468
0.6538 0.1458
0.6548 0.1448
0.6558 0.1438
0.6568 0.1428
0.6578 0.1418
0.6588 0.1408
0.6598 0.1398
0.6608 0.1388
0.6618 0.1378
0.6628 0.1369
0.6638 0.1359
0.6648 0.1349
0.6658 0.1340
0.6668 0.1330
0.6678 0.1321
0.6687 0.1311
0.6697 0.1302
0.6707 0.1292
0.6717 0.1283
0.6727 0.1273
0.6737 0.1264
0.6747 0.1255
0.6757 0.1245
0.6767 0.1236
0.6777 0.1227
0.6787 0.1218
0.6797 0.1208
0.6807 0.1199
0.6817 0.1190
0.6827 0.1181
0.6836 0.1172
0.6846 0.1163
0.6856 0.1154
0.6866 0.1146
0.6876 0.1137
0.6886 0.1128
0.6896 0.1119
0.6906 0.1110
0.6916 0.1102
0.6926 0.1093
0.6936 0.1084
0.6946 0.1076
0.6956 0.1067
0.6966 0.1059
0.6976 0.1050
0.6985 0.1042
0.6995 0.1033
0.7005 0.1025
0.7015 0.1016
0.7025 0.1008
0.7035 0.1000
0.7045 0.0991
0.7055 0.0983
0.7065 0.0975
0.7075 0.0967
0.7085 0.0959
0.7095 0.0951
0.7105 0.0943
0.7115 0.0935
0.7125 0.0927
0.7134 0.0919
0.7144 0.0911
0.7154 0.0903
0.7164 0.0895
0.7174 0.0887
0.7184 0.0880
0.7194 0.0872
0.7204 0.0864
0.7214 0.0857
0.7224 0.0849
0.7234 0.0841
0.7244 0.0834
0.7254 0.0826
0.7264 0.0819
0.7274 0.0812
0.7283 0.0804
0.7293 0.0797
0.7303 0.0789
0.7313 0.0782
0.7323 0.0775
0.7333 0.0768
0.7343 0.0761
0.7353 0.0754
0.7363 0.0746
0.7373 0.0739
0.7383 0.0732
0.7393 0.0725
0.7403 0.0719
0.7413 0.0712
0.7422 0.0705
0.7432 0.0698
0.7442 0.0691
0.7452 0.0684
0.7462 0.0678
0.7472 0.0671
0.7482 0.0664
0.7492 0.0658
0.7502 0.0651
0.7512 0.0644
0.7522 0.0638
0.7532 0.0631
0.7542 0.0625
0.7552 0.0619
0.7562 0.0612
0.7571 0.0606
0.7581 0.0600
0.7591 0.0594
0.7601 0.0587
0.7611 0.0581
0.7621 0.0575
0.7631 0.0569
0.7641 0.0563
0.7651 0.0557
0.7661 0.0551
0.7671 0.0545
0.7681 0.0539
0.7691 0.0534
0.7701 0.0528
0.7711 0.0522
0.7720 0.0516
0.7730 0.0511
0.7740 0.0505
0.7750 0.0500
0.7760 0.0494
0.7770 0.0489
0.7780 0.0483
0.7790 0.0478
0.7800 0.0473
0.7810 0.0468
0.7820 0.0463
0.7830 0.0457
0.7840 0.0452
0.7850 0.0447
0.7860 0.0442
0.7869 0.0437
0.7879 0.0432
0.7889 0.0427
0.7899 0.0423
0.7909 0.0418
0.7919 0.0413
0.7929 0.0408
0.7939 0.0404
0.7949 0.0399
0.7959 0.0394
0.7969 0.0390
0.7979 0.0385
0.7989 0.0381
0.7999 0.0376
0.8009 0.0372
0.8018 0.0368
0.8028 0.0363
0.8038 0.0359
0.8048 0.0355
0.8058 0.0350
0.8068 0.0346
0.8078 0.0342
0.8088 0.0338
0.8098 0.0334
0.8108 0.0329
0.8118 0.0325
0.8128 0.0321
0.8138 0.0317
0.8148 0.0313
0.8158 0.0310
0.8167 0.0306
0.8177 0.0302
0.8187 0.0298
0.8197 0.0294
0.8207 0.0290
0.8217 0.0287
0.8227 0.0283
0.8237 0.0279
0.8247 0.0276
0.8257 0.0272
0.8267 0.0269
0.8277 0.0265
0.8287 0.0262
0.8297 0.0258
0.8306 0.0255
0.8316 0.0251
0.8326 0.0248
0.8336 0.0245
0.8346 0.0241
0.8356 0.0238
0.8366 0.0235
0.8376 0.0232
0.8386 0.0228
0.8396 0.0225
0.8406 0.0222
0.8416 0.0219
0.8426 0.0216
0.8436 0.0213
0.8446 0.0210
0.8455 0.0207
0.8465 0.0204
0.8475 0.0201
0.8485 0.0198
0.8495 0.0195
0.8505 0.0192
0.8515 0.0189
0.8525 0.0186
0.8535 0.0183
0.8545 0.0181
0.8555 0.0178
0.8565 0.0175
0.8575 0.0173
0.8585 0.0170
0.8595 0.0167
0.8604 0.0165
0.8614 0.0162
0.8624 0.0160
0.8634 0.0157
0.8644 0.0155
0.8654 0.0152
0.8664 0.0150
0.8674 0.0147
0.8684 0.0145
0.8694 0.0142
0.8704 0.0140
0.8714 0.0138
0.8724 0.0135
0.8734 0.0133
0.8744 0.0131
0.8753 0.0129
0.8763 0.0126
0.8773 0.0124
0.8783 0.0122
0.8793 0.0120
0.8803 0.0118
0.8813 0.0116
0.8823 0.0113
0.8833 0.0111
0.8843 0.0109
0.8853 0.0107
0.8863 0.0105
0.8873 0.0103
0.8883 0.0101
0.8893 0.0100
0.8902 0.0098
0.8912 0.0096
0.8922 0.0094
0.8932 0.0092
0.8942 0.0090
0.8952 0.0088
0.8962 0.0086
0.8972 0.0085
0.8982 0.0083
0.8992 0.0081
0.9002 0.0079
0.9012 0.0078
0.9022 0.0076
0.9032 0.0074
0.9042 0.0073
0.9051 0.0071
0.9061 0.0070
0.9071 0.0068
0.9081 0.0067
0.9091 0.0065
0.9101 0.0064
0.9111 0.0062
0.9121 0.0061
0.9131 0.0059
0.9141 0.0058
0.9151 0.0056
0.9161 0.0055
0.9171 0.0054
0.9181 0.0052
0.9190 0.0051
0.9200 0.0050
0.9210 0.0048
0.9220 0.0047
0.9230 0.0046
0.9240 0.0044
0.9250 0.0043
0.9260 0.0042
0.9270 0.0041
0.9280 0.0040
0.9290 0.0039
0.9300 0.0037
0.9310 0.0036
0.9320 0.0035
0.9330 0.0034
0.9339 0.0033
0.9349 0.0032
0.9359 0.0031
0.9369 0.0030
0.9379 0.0029
0.9389 0.0028
0.9399 0.0027
0.9409 0.0026
0.9419 0.0025
0.9429 0.0024
0.9439 0.0024
0.9449 0.0023
0.9459 0.0022
0.9469 0.0021
0.9479 0.0020
0.9488 0.0019
0.9498 0.0019
0.9508 0.0018
0.9518 0.0017
0.9528 0.0016
0.9538 0.0016
0.9548 0.0015
0.9558 0.0014
0.9568 0.0014
0.9578 0.0013
0.9588 0.0012
0.9598 0.0012
0.9608 0.0011
0.9618 0.0011
0.9628 0.0010
0.9637 0.0010
0.9647 0.0009
0.9657 0.0008
0.9667 0.0008
0.9677 0.0007
0.9687 0.0007
0.9697 0.0007
0.9707 0.0006
0.9717 0.0006
0.9727 0.0005
0.9737 0.0005
0.9747 0.0004
0.9757 0.0004
0.9767 0.0004
0.9777 0.0003
0.9786 0.0003
0.9796 0.0003
0.9806 0.0003
0.9816 0.0002
0.9826 0.0002
0.9836 0.0002
0.9846 0.0002
0.9856 0.0001
0.9866 0.0001
0.9876 0.0001
0.9886 0.0001
0.9896 0.0001
0.9906 0.0001
0.9916 0.0000
0.9926 0.0000
0.9935 0.0000
0.9945 0.0000
0.9955 0.0000
0.9965 0.0000
0.9975 0.0000
0.9985 0.0000
0.9995 -0.0000
