0.0016 1.0000
0.0026 1.0000
0.0036 1.0000
0.0046 1.0000
0.0056 1.0000
0.0066 1.0000
0.0076 1.0000
0.0086 1.0000
0.0096 1.0000
0.0106 0.9999
0.0116 0.9999
0.0126 0.9999
0.0136 0.9999
0.0146 0.9998
0.0156 0.9998
0.0166 0.9998
0.0176 0.9997
0.0186 0.9997
0.0196 0.9996
0.0206 0.9996
0.0216 0.9995
0.0226 0.9994
0.0236 0.9993
0.0246 0.9993
0.0256 0.9992
0.0266 0.9991
0.0276 0.9990
0.0286 0.9988
0.0296 0.9987
0.0306 0.9986
0.0316 0.9984
0.0326 0.9983
0.0336 0.9981
0.0346 0.9979
0.0356 0.9978
0.0366 0.9976
0.0376 0.9974
0.0386 0.9971
0.0396 0.9969
0.0406 0.9967
0.0416 0.9964
0.0426 0.9962
0.0436 0.9959
0.0446 0.9956
0.0456 0.9953
0.0466 0.9950
0.0476 0.9947
0.0486 0.9944
0.0496 0.9940
0.0506 0.9937
0.0516 0.9933
0.0526 0.9929
0.0536 0.9926
0.0546 0.9921
0.0556 0.9917
0.0565 0.9913
0.0575 0.9909
0.0585 0.9904
0.0595 0.9900
0.0605 0.9895
0.0615 0.9890
0.0625 0.9885
0.0635 0.9880
0.0645 0.9875
0.0655 0.9869
0.0665 0.9864
0.0675 0.9858
0.0685 0.9852
0.0695 0.9846
0.0705 0.9840
0.0715 0.9834
0.0725 0.9828
0.0735 0.9822
0.0745 0.9815
0.0755 0.9809
0.0765 0.9802
0.0775 0.9795
0.0785 0.9788
0.0795 0.9781
0.0805 0.9774
0.0815 0.9766
0.0825 0.9759
0.0835 0.9751
0.0845 0.9743
0.0855 0.9736
0.0865 0.9728
0.0875 0.9719
0.0885 0.9711
0.0895 0.9703
0.0905 0.9694
0.0915 0.9685
0.0925 0.9677
0.0935 0.9667
0.0945 0.9658
0.0955 0.9649
0.0965 0.9640
0.0975 0.9630
0.0985 0.9620
0.0995 0.9611
0.1005 0.9601
0.1015 0.9590
0.1025 0.9580
0.1035 0.9570
0.1045 0.9559
0.1055 0.9548
0.1065 0.9537
0.1075 0.9526
0.1085 0.9515
0.1095 0.9503
0.1105 0.9492
0.1115 0.9480
0.1125 0.9468
0.1135 0.9456
0.1145 0.9443
0.1155 0.9431
0.1165 0.9418
0.1175 0.9405
0.1185 0.9392
0.1195 0.9379
0.1205 0.9366
0.1215 0.9353
0.1225 0.9339
0.1235 0.9325
0.1245 0.9312
0.1255 0.9298
0.1265 0.9284
0.1275 0.9270
0.1285 0.9256
0.1295 0.9242
0.1305 0.9228
0.1315 0.9214
0.1325 0.9199
0.1335 0.9185
0.1345 0.9170
0.1355 0.9156
0.1365 0.9141
0.1375 0.9127
0.1385 0.9112
0.1395 0.9097
0.1405 0.9082
0.1415 0.9067
0.1425 0.9052
0.1435 0.9037
0.1445 0.9021
0.1455 0.9006
0.1464 0.8990
0.1474 0.8975
0.1484 0.8959
0.1494 0.8944
0.1504 0.8928
0.1514 0.8912
0.1524 0.8896
0.1534 0.8880
0.1544 0.8864
0.1554 0.8848
0.1564 0.8832
0.1574 0.8816
0.1584 0.8799
0.1594 0.8783
0.1604 0.8766
0.1614 0.8750
0.1624 0.8733
0.1634 0.8716
0.1644 0.8699
0.1654 0.8683
0.1664 0.8666
0.1674 0.8648
0.1684 0.8631
0.1694 0.8614
0.1704 0.8597
0.1714 0.8579
0.1724 0.8562
0.1734 0.8544
0.1744 0.8527
0.1754 0.8509
0.1764 0.8491
0.1774 0.8473
0.1784 0.8456
0.1794 0.8437
0.1804 0.8419
0.1814 0.8401
0.1824 0.8383
0.1834 0.8365
0.1844 0.8346
0.1854 0.8328
0.1864 0.8309
0.1874 0.8291
0.1884 0.8272
0.1894 0.8254
0.1904 0.8235
0.1914 0.8216
0.1924 0.8197
0.1934 0.8178
0.1944 0.8159
0.1954 0.8140
0.1964 0.8120
0.1974 0.8101
0.1984 0.8082
0.1994 0.8062
0.2004 0.8043
0.2014 0.8023
0.2024 0.8003
0.2034 0.7983
0.2044 0.7963
0.2054 0.7943
0.2064 0.7923
0.2074 0.7903
0.2084 0.7883
0.2094 0.7863
0.2104 0.7843
0.2114 0.7823
0.2124 0.7802
0.2134 0.7782
0.2144 0.7761
0.2154 0.7741
0.2164 0.7720
0.2174 0.7699
0.2184 0.7678
0.2194 0.7658
0.2204 0.7636
0.2214 0.7615
0.2224 0.7594
0.2234 0.7573
0.2244 0.7552
0.2254 0.7530
0.2264 0.7509
0.2274 0.7488
0.2284 0.7466
0.2294 0.7445
0.2304 0.7423
0.2314 0.7401
0.2324 0.7380
0.2334 0.7358
0.2344 0.7336
0.2354 0.7314
0.2363 0.7292
0.2373 0.7270
0.2383 0.7248
0.2393 0.7225
0.2403 0.7203
0.2413 0.7181
0.2423 0.7159
0.2433 0.7137
0.2443 0.7115
0.2453 0.7092
0.2463 0.7070
0.2473 0.7048
0.2483 0.7025
0.2493 0.7003
0.2503 0.6980
0.2513 0.6958
0.2523 0.6935
0.2533 0.6913
0.2543 0.6890
0.2553 0.6868
0.2563 0.6845
0.2573 0.6823
0.2583 0.6800
0.2593 0.6778
0.2603 0.6755
0.2613 0.6732
0.2623 0.6710
0.2633 0.6687
0.2643 0.6664
0.2653 0.6642
0.2663 0.6619
0.2673 0.6597
0.2683 0.6575
0.2693 0.6552
0.2703 0.6530
0.2713 0.6508
0.2723 0.6485
0.2733 0.6463
0.2743 0.6440
0.2753 0.6418
0.2763 0.6396
0.2773 0.6373
0.2783 0.6351
0.2793 0.6329
0.2803 0.6307
0.2813 0.6284
0.2823 0.6262
0.2833 0.6240
0.2843 0.6218
0.2853 0.6196
0.2863 0.6174
0.2873 0.6152
0.2883 0.6130
0.2893 0.6108
0.2903 0.6086
0.2913 0.6064
0.2923 0.6042
0.2933 0.6020
0.2943 0.5998
0.2953 0.5976
0.2963 0.5954
0.2973 0.5932
0.2983 0.5911
0.2993 0.5889
0.3003 0.5867
0.3013 0.5845
0.3023 0.5824
0.3033 0.5802
0.3043 0.5780
0.3053 0.5759
0.3063 0.5737
0.3073 0.5716
0.3083 0.5694
0.3093 0.5673
0.3103 0.5651
0.3113 0.5630
0.3123 0.5608
0.3133 0.5587
0.3143 0.5566
0.3153 0.5544
0.3163 0.5523
0.3173 0.5502
0.3183 0.5480
0.3193 0.5459
0.3203 0.5438
0.3213 0.5417
0.3223 0.5395
0.3233 0.5374
0.3243 0.5353
0.3253 0.5332
0.3262 0.5311
0.3272 0.5290
0.3282 0.5269
0.3292 0.5248
0.3302 0.5227
0.3312 0.5206
0.3322 0.5185
0.3332 0.5164
0.3342 0.5144
0.3352 0.5123
0.3362 0.5102
0.3372 0.5081
0.3382 0.5060
0.3392 0.5039
0.3402 0.5019
0.3412 0.4998
0.3422 0.4977
0.3432 0.4957
0.3442 0.4936
0.3452 0.4916
0.3462 0.4895
0.3472 0.4875
0.3482 0.4854
0.3492 0.4834
0.3502 0.4813
0.3512 0.4793
0.3522 0.4773
0.3532 0.4753
0.3542 0.4733
0.3552 0.4712
0.3562 0.4692
0.3572 0.4672
0.3582 0.4652
0.3592 0.4632
0.3602 0.4612
0.3612 0.4592
0.3622 0.4572
0.3632 0.4552
0.3642 0.4532
0.3652 0.4512
0.3662 0.4492
0.3672 0.4473
0.3682 0.4453
0.3692 0.4433
0.3702 0.4413
0.3712 0.4393
0.3722 0.4374
0.3732 0.4354
0.3742 0.4334
0.3752 0.4315
0.3762 0.4295
0.3772 0.4276
0.3782 0.4257
0.3792 0.4237
0.3802 0.4218
0.3812 0.4198
0.3822 0.4179
0.3832 0.4160
0.3842 0.4141
0.3852 0.4122
0.3862 0.4103
0.3872 0.4083
0.3882 0.4064
0.3892 0.4045
0.3902 0.4026
0.3912 0.4007
0.3922 0.3988
0.3932 0.3969
0.3942 0.3950
0.3952 0.3932
0.3962 0.3913
0.3972 0.3894
0.3982 0.3875
0.3992 0.3857
0.4002 0.3838
0.4012 0.3820
0.4022 0.3801
0.4032 0.3783
0.4042 0.3764
0.4052 0.3746
0.4062 0.3728
0.4072 0.3709
0.4082 0.3691
0.4092 0.3672
0.4102 0.3654
0.4112 0.3636
0.4122 0.3618
0.4132 0.3600
0.4142 0.3582
0.4152 0.3564
0.4161 0.3546
0.4171 0.3528
0.4181 0.3510
0.4191 0.3492
0.4201 0.3474
0.4211 0.3457
0.4221 0.3439
0.4231 0.3421
0.4241 0.3403
0.4251 0.3386
0.4261 0.3368
0.4271 0.3351
0.4281 0.3333
0.4291 0.3316
0.4301 0.3298
0.4311 0.3281
0.4321 0.3264
0.4331 0.3247
0.4341 0.3229
0.4351 0.3212
0.4361 0.3195
0.4371 0.3178
0.4381 0.3161
0.4391 0.3144
0.4401 0.3127
0.4411 0.3110
0.4421 0.3093
0.4431 0.3076
0.4441 0.3060
0.4451 0.3043
0.4461 0.3026
0.4471 0.3010
0.4481 0.2993
0.4491 0.2977
0.4501 0.2960
0.4511 0.2944
0.4521 0.2927
0.4531 0.2911
0.4541 0.2895
0.4551 0.2878
0.4561 0.2862
0.4571 0.2846
0.4581 0.2830
0.4591 0.2814
0.4601 0.2798
0.4611 0.2782
0.4621 0.2766
0.4631 0.2751
0.4641 0.2735
0.4651 0.2719
0.4661 0.2704
0.4671 0.2688
0.4681 0.2673
0.4691 0.2657
0.4701 0.2642
0.4711 0.2626
0.4721 0.2611
0.4731 0.2596
0.4741 0.2581
0.4751 0.2565
0.4761 0.2550
0.4771 0.2535
0.4781 0.2520
0.4791 0.2506
0.4801 0.2491
0.4811 0.2476
0.4821 0.2461
0.4831 0.2446
0.4841 0.2432
0.4851 0.2417
0.4861 0.2403
0.4871 0.2388
0.4881 0.2374
0.4891 0.2359
0.4901 0.2345
0.4911 0.2331
0.4921 0.2317
0.4931 0.2303
0.4941 0.2289
0.4951 0.2276
0.4961 0.2262
0.4971 0.2248
0.4981 0.2234
0.4991 0.2221
0.5001 0.2207
0.5011 0.2194
0.5021 0.2181
0.5031 0.2168
0.5041 0.2155
0.5051 0.2142
0.5060 0.2129
0.5070 0.2116
0.5080 0.2103
0.5090 0.2090
0.5100 0.2078
0.5110 0.2065
0.5120 0.2053
0.5130 0.2041
0.5140 0.2028
0.5150 0.2016
0.5160 0.2004
0.5170 0.1992
0.5180 0.1980
0.5190 0.1968
0.5200 0.1956
0.5210 0.1944
0.5220 0.1933
0.5230 0.1921
0.5240 0.1909
0.5250 0.1898
0.5260 0.1887
0.5270 0.1875
0.5280 0.1864
0.5290 0.1853
0.5300 0.1842
0.5310 0.1831
0.5320 0.1820
0.5330 0.1809
0.5340 0.1798
0.5350 0.1787
0.5360 0.1777
0.5370 0.1766
0.5380 0.1755
0.5390 0.1745
0.5400 0.1735
0.5410 0.1724
0.5420 0.1714
0.5430 0.1704
0.5440 0.1694
0.5450 0.1684
0.5460 0.1674
0.5470 0.1664
0.5480 0.1654
0.5490 0.1644
0.5500 0.1634
0.5510 0.1625
0.5520 0.1615
0.5530 0.1605
0.5540 0.1596
0.5550 0.1586
0.5560 0.1577
0.5570 0.1567
0.5580 0.1558
0.5590 0.1549
0.5600 0.1539
0.5610 0.1530
0.5620 0.1521
0.5630 0.1512
0.5640 0.1503
0.5650 0.1494
0.5660 0.1485
0.5670 0.1476
0.5680 0.1467
0.5690 0.1458
0.5700 0.1449
0.5710 0.1441
0.5720 0.1432
0.5730 0.1423
0.5740 0.1415
0.5750 0.1406
0.5760 0.1397
0.5770 0.1389
0.5780 0.1381
0.5790 0.1372
0.5800 0.1364
0.5810 0.1356
0.5820 0.1347
0.5830 0.1339
0.5840 0.1331
0.5850 0.1323
0.5860 0.1315
0.5870 0.1307
0.5880 0.1298
0.5890 0.1290
0.5900 0.1282
0.5910 0.1275
0.5920 0.1267
0.5930 0.1259
0.5940 0.1251
0.5950 0.1243
0.5959 0.1236
0.5969 0.1228
0.5979 0.1220
0.5989 0.1213
0.5999 0.1205
0.6009 0.1198
0.6019 0.1190
0.6029 0.1183
0.6039 0.1175
0.6049 0.1168
0.6059 0.1160
0.6069 0.1153
0.6079 0.1146
0.6089 0.1138
0.6099 0.1131
0.6109 0.1124
0.6119 0.1117
0.6129 0.1110
0.6139 0.1103
0.6149 0.1096
0.6159 0.1089
0.6169 0.1082
0.6179 0.1075
0.6189 0.1068
0.6199 0.1061
0.6209 0.1054
0.6219 0.1047
0.6229 0.1040
0.6239 0.1034
0.6249 0.1027
0.6259 0.1020
0.6269 0.1014
0.6279 0.1007
0.6289 0.1001
0.6299 0.0994
0.6309 0.0987
0.6319 0.0981
0.6329 0.0974
0.6339 0.0968
0.6349 0.0962
0.6359 0.0955
0.6369 0.0949
0.6379 0.0943
0.6389 0.0936
0.6399 0.0930
0.6409 0.0924
0.6419 0.0918
0.6429 0.0912
0.6439 0.0906
0.6449 0.0900
0.6459 0.0893
0.6469 0.0887
0.6479 0.0881
0.6489 0.0875
0.6499 0.0870
0.6509 0.0864
0.6519 0.0858
0.6529 0.0852
0.6539 0.0846
0.6549 0.0840
0.6559 0.0834
0.6569 0.0829
0.6579 0.0823
0.6589 0.0817
0.6599 0.0812
0.6609 0.0806
0.6619 0.0800
0.6629 0.0795
0.6639 0.0789
0.6649 0.0784
0.6659 0.0778
0.6669 0.0773
0.6679 0.0767
0.6689 0.0762
0.6699 0.0757
0.6709 0.0751
0.6719 0.0746
0.6729 0.0741
0.6739 0.0735
0.6749 0.0730
0.6759 0.0725
0.6769 0.0719
0.6779 0.0714
0.6789 0.0709
0.6799 0.0704
0.6809 0.0699
0.6819 0.0694
0.6829 0.0689
0.6839 0.0683
0.6849 0.0679
0.6858 0.0674
0.6868 0.0669
0.6878 0.0664
0.6888 0.0659
0.6898 0.0654
0.6908 0.0649
0.6918 0.0644
0.6928 0.0639
0.6938 0.0634
0.6948 0.0630
0.6958 0.0625
0.6968 0.0620
0.6978 0.0615
0.6988 0.0611
0.6998 0.0606
0.7008 0.0602
0.7018 0.0597
0.7028 0.0592
0.7038 0.0588
0.7048 0.0583
0.7058 0.0579
0.7068 0.0574
0.7078 0.0570
0.7088 0.0565
0.7098 0.0561
0.7108 0.0556
0.7118 0.0552
0.7128 0.0548
0.7138 0.0543
0.7148 0.0539
0.7158 0.0535
0.7168 0.0530
0.7178 0.0526
0.7188 0.0522
0.7198 0.0518
0.7208 0.0514
0.7218 0.0509
0.7228 0.0505
0.7238 0.0501
0.7248 0.0497
0.7258 0.0493
0.7268 0.0489
0.7278 0.0485
0.7288 0.0481
0.7298 0.0477
0.7308 0.0473
0.7318 0.0469
0.7328 0.0465
0.7338 0.0461
0.7348 0.0457
0.7358 0.0453
0.7368 0.0449
0.7378 0.0445
0.7388 0.0442
0.7398 0.0438
0.7408 0.0434
0.7418 0.0430
0.7428 0.0426
0.7438 0.0423
0.7448 0.0419
0.7458 0.0415
0.7468 0.0412
0.7478 0.0408
0.7488 0.0404
0.7498 0.0401
0.7508 0.0397
0.7518 0.0394
0.7528 0.0390
0.7538 0.0387
0.7548 0.0383
0.7558 0.0380
0.7568 0.0376
0.7578 0.0373
0.7588 0.0370
0.7598 0.0366
0.7608 0.0363
0.7618 0.0359
0.7628 0.0356
0.7638 0.0353
0.7648 0.0350
0.7658 0.0346
0.7668 0.0343
0.7678 0.0340
0.7688 0.0337
0.7698 0.0333
0.7708 0.0330
0.7718 0.0327
0.7728 0.0324
0.7738 0.0321
0.7748 0.0318
0.7757 0.0315
0.7767 0.0312
0.7777 0.0308
0.7787 0.0305
0.7797 0.0302
0.7807 0.0299
0.7817 0.0296
0.7827 0.0293
0.7837 0.0290
0.7847 0.0288
0.7857 0.0285
0.7867 0.0282
0.7877 0.0279
0.7887 0.0276
0.7897 0.0273
0.7907 0.0270
0.7917 0.0268
0.7927 0.0265
0.7937 0.0262
0.7947 0.0259
0.7957 0.0257
0.7967 0.0254
0.7977 0.0251
0.7987 0.0248
0.7997 0.0246
0.8007 0.0243
0.8017 0.0241
0.8027 0.0238
0.8037 0.0235
0.8047 0.0233
0.8057 0.0230
0.8067 0.0228
0.8077 0.0225
0.8087 0.0223
0.8097 0.0220
0.8107 0.0218
0.8117 0.0215
0.8127 0.0213
0.8137 0.0210
0.8147 0.0208
0.8157 0.0205
0.8167 0.0203
0.8177 0.0201
0.8187 0.0198
0.8197 0.0196
0.8207 0.0194
0.8217 0.0191
0.8227 0.0189
0.8237 0.0187
0.8247 0.0184
0.8257 0.0182
0.8267 0.0180
0.8277 0.0178
0.8287 0.0176
0.8297 0.0173
0.8307 0.0171
0.8317 0.0169
0.8327 0.0167
0.8337 0.0165
0.8347 0.0163
0.8357 0.0161
0.8367 0.0159
0.8377 0.0157
0.8387 0.0154
0.8397 0.0152
0.8407 0.0150
0.8417 0.0148
0.8427 0.0146
0.8437 0.0144
0.8447 0.0142
0.8457 0.0140
0.8467 0.0138
0.8477 0.0137
0.8487 0.0135
0.8497 0.0133
0.8507 0.0131
0.8517 0.0129
0.8527 0.0127
0.8537 0.0125
0.8547 0.0124
0.8557 0.0122
0.8567 0.0120
0.8577 0.0118
0.8587 0.0116
0.8597 0.0115
0.8607 0.0113
0.8617 0.0111
0.8627 0.0110
0.8637 0.0108
0.8647 0.0106
0.8656 0.0105
0.8666 0.0103
0.8676 0.0102
0.8686 0.0100
0.8696 0.0098
0.8706 0.0097
0.8716 0.0095
0.8726 0.0094
0.8736 0.0092
0.8746 0.0091
0.8756 0.0089
0.8766 0.0088
0.8776 0.0086
0.8786 0.0085
0.8796 0.0083
0.8806 0.0082
0.8816 0.0080
0.8826 0.0079
0.8836 0.0077
0.8846 0.0076
0.8856 0.0075
0.8866 0.0073
0.8876 0.0072
0.8886 0.0071
0.8896 0.0069
0.8906 0.0068
0.8916 0.0067
0.8926 0.0065
0.8936 0.0064
0.8946 0.0063
0.8956 0.0062
0.8966 0.0060
0.8976 0.0059
0.8986 0.0058
0.8996 0.0057
0.9006 0.0056
0.9016 0.0055
0.9026 0.0053
0.9036 0.0052
0.9046 0.0051
0.9056 0.0050
0.9066 0.0049
0.9076 0.0048
0.9086 0.0047
0.9096 0.0046
0.9106 0.0045
0.9116 0.0044
0.9126 0.0043
0.9136 0.0042
0.9146 0.0041
0.9156 0.0040
0.9166 0.0039
0.9176 0.0038
0.9186 0.0037
0.9196 0.0036
0.9206 0.0035
0.9216 0.0034
0.9226 0.0033
0.9236 0.0032
0.9246 0.0031
0.9256 0.0031
0.9266 0.0030
0.9276 0.0029
0.9286 0.0028
0.9296 0.0027
0.9306 0.0026
0.9316 0.0026
0.9326 0.0025
0.9336 0.0024
0.9346 0.0023
0.9356 0.0023
0.9366 0.0022
0.9376 0.0021
0.9386 0.0021
0.9396 0.0020
0.9406 0.0019
0.9416 0.0019
0.9426 0.0018
0.9436 0.0017
0.9446 0.0017
0.9456 0.0016
0.9466 0.0015
0.9476 0.0015
0.9486 0.0014
0.9496 0.0014
0.9506 0.0013
0.9516 0.0013
0.9526 0.0012
0.9536 0.0012
0.9546 0.0011
0.9555 0.0011
0.9565 0.0010
0.9575 0.0010
0.9585 0.0009
0.9595 0.0009
0.9605 0.0008
0.9615 0.0008
0.9625 0.0007
0.9635 0.0007
0.9645 0.0007
0.9655 0.0006
0.9665 0.0006
0.9675 0.0006
0.9685 0.0005
0.9695 0.0005
0.9705 0.0005
0.9715 0.0004
0.9725 0.0004
0.9735 0.0004
0.9745 0.0003
0.9755 0.0003
0.9765 0.0003
0.9775 0.0003
0.9785 0.0002
0.9795 0.0002
0.9805 0.0002
0.9815 0.0002
0.9825 0.0002
0.9835 0.0001
0.9845 0.0001
0.9855 0.0001
0.9865 0.0001
0.9875 0.0001
0.9885 0.0001
0.9895 0.0001
0.9905 0.0000
0.9915 0.0000
0.9925 0.0000
0.9935 0.0000
0.9945 0.0000
0.9955 0.0000
0.9965 0.0000
0.9975 0.0000
0.9985 0.0000
0.9995 -0.0000
