0.0409 1.0000
0.0419 1.0000
0.0428 1.0000
0.0438 1.0000
0.0447 1.0000
0.0457 1.0000
0.0467 1.0000
0.0476 1.0000
0.0486 1.0000
0.0495 1.0000
0.0505 1.0000
0.0515 1.0000
0.0524 1.0000
0.0534 1.0000
0.0543 1.0000
0.0553 1.0000
0.0563 1.0000
0.0572 1.0000
0.0582 1.0000
0.0591 1.0000
0.0601 1.0000
0.0610 1.0000
0.0620 1.0000
0.0630 1.0000
0.0639 1.0000
0.0649 1.0000
0.0658 1.0000
0.0668 1.0000
0.0678 0.9999
0.0687 0.9999
0.0697 0.9999
0.0706 0.9999
0.0716 0.9999
0.0726 0.9999
0.0735 0.9999
0.0745 0.9999
0.0754 0.9999
0.0764 0.9999
0.0774 0.9999
0.0783 0.9999
0.0793 0.9999
0.0802 0.9999
0.0812 0.9999
0.0822 0.9999
0.0831 0.9998
0.0841 0.9998
0.0850 0.9998
0.0860 0.9998
0.0870 0.9998
0.0879 0.9998
0.0889 0.9998
0.0898 0.9998
0.0908 0.9998
0.0918 0.9997
0.0927 0.9997
0.0937 0.9997
0.0946 0.9997
0.0956 0.9997
0.0966 0.9997
0.0975 0.9996
0.0985 0.9996
0.0994 0.9996
0.1004 0.9996
0.1014 0.9996
0.1023 0.9996
0.1033 0.9995
0.1042 0.9995
0.1052 0.9995
0.1061 0.9995
0.1071 0.9994
0.1081 0.9994
0.1090 0.9994
0.1100 0.9994
0.1109 0.9993
0.1119 0.9993
0.1129 0.9993
0.1138 0.9992
0.1148 0.9992
0.1157 0.9992
0.1167 0.9991
0.1177 0.9991
0.1186 0.9991
0.1196 0.9990
0.1205 0.9990
0.1215 0.9990
0.1225 0.9989
0.1234 0.9989
0.1244 0.9988
0.1253 0.9988
0.1263 0.9988
0.1273 0.9987
0.1282 0.9987
0.1292 0.9986
0.1301 0.9986
0.1311 0.9985
0.1321 0.9985
0.1330 0.9984
0.1340 0.9983
0.1349 0.9983
0.1359 0.9982
0.1369 0.9982
0.1378 0.9981
0.1388 0.9980
0.1397 0.9980
0.1407 0.9979
0.1417 0.9978
0.1426 0.9978
0.1436 0.9977
0.1445 0.9976
0.1455 0.9975
0.1465 0.9974
0.1474 0.9974
0.1484 0.9973
0.1493 0.9972
0.1503 0.9971
0.1512 0.9970
0.1522 0.9969
0.1532 0.9968
0.1541 0.9967
0.1551 0.9966
0.1560 0.9965
0.1570 0.9964
0.1580 0.9963
0.1589 0.9962
0.1599 0.9960
0.1608 0.9959
0.1618 0.9958
0.1628 0.9957
0.1637 0.9955
0.1647 0.9954
0.1656 0.9953
0.1666 0.9951
0.1676 0.9950
0.1685 0.9948
0.1695 0.9947
0.1704 0.9945
0.1714 0.9943
0.1724 0.9942
0.1733 0.9940
0.1743 0.9938
0.1752 0.9936
0.1762 0.9934
0.1772 0.9932
0.1781 0.9930
0.1791 0.9928
0.1800 0.9926
0.1810 0.9923
0.1820 0.9921
0.1829 0.9918
0.1839 0.9916
0.1848 0.9913
0.1858 0.9911
0.1868 0.9908
0.1877 0.9905
0.1887 0.9903
0.1896 0.9900
0.1906 0.9897
0.1916 0.9894
0.1925 0.9891
0.1935 0.9887
0.1944 0.9884
0.1954 0.9881
0.1963 0.9877
0.1973 0.9874
0.1983 0.9870
0.1992 0.9866
0.2002 0.9862
0.2011 0.9858
0.2021 0.9854
0.2031 0.9850
0.2040 0.9846
0.2050 0.9841
0.2059 0.9837
0.2069 0.9832
0.2079 0.9828
0.2088 0.9823
0.2098 0.9818
0.2107 0.9813
0.2117 0.9808
0.2127 0.9802
0.2136 0.9797
0.2146 0.9791
0.2155 0.9785
0.2165 0.9780
0.2175 0.9774
0.2184 0.9768
0.2194 0.9762
0.2203 0.9756
0.2213 0.9749
0.2223 0.9743
0.2232 0.9736
0.2242 0.9729
0.2251 0.9723
0.2261 0.9716
0.2271 0.9709
0.2280 0.9701
0.2290 0.9694
0.2299 0.9687
0.2309 0.9679
0.2319 0.9671
0.2328 0.9664
0.2338 0.9656
0.2347 0.9647
0.2357 0.9639
0.2367 0.9631
0.2376 0.9622
0.2386 0.9614
0.2395 0.9605
0.2405 0.9596
0.2414 0.9587
0.2424 0.9577
0.2434 0.9567
0.2443 0.9558
0.2453 0.9548
0.2462 0.9538
0.2472 0.9528
0.2482 0.9517
0.2491 0.9507
0.2501 0.9496
0.2510 0.9485
0.2520 0.9474
0.2530 0.9462
0.2539 0.9451
0.2549 0.9439
0.2558 0.9428
0.2568 0.9416
0.2578 0.9404
0.2587 0.9391
0.2597 0.9379
0.2606 0.9366
0.2616 0.9353
0.2626 0.9340
0.2635 0.9327
0.2645 0.9314
0.2654 0.9301
0.2664 0.9287
0.2674 0.9274
0.2683 0.9260
0.2693 0.9246
0.2702 0.9232
0.2712 0.9217
0.2722 0.9203
0.2731 0.9188
0.2741 0.9173
0.2750 0.9158
0.2760 0.9143
0.2770 0.9128
0.2779 0.9112
0.2789 0.9097
0.2798 0.9081
0.2808 0.9065
0.2818 0.9049
0.2827 0.9033
0.2837 0.9016
0.2846 0.9000
0.2856 0.8983
0.2865 0.8966
0.2875 0.8950
0.2885 0.8932
0.2894 0.8915
0.2904 0.8898
0.2913 0.8880
0.2923 0.8862
0.2933 0.8844
0.2942 0.8826
0.2952 0.8808
0.2961 0.8790
0.2971 0.8771
0.2981 0.8753
0.2990 0.8734
0.3000 0.8715
0.3009 0.8695
0.3019 0.8676
0.3029 0.8657
0.3038 0.8637
0.3048 0.8617
0.3057 0.8597
0.3067 0.8577
0.3077 0.8557
0.3086 0.8536
0.3096 0.8516
0.3105 0.8495
0.3115 0.8474
0.3125 0.8453
0.3134 0.8432
0.3144 0.8410
0.3153 0.8389
0.3163 0.8367
0.3173 0.8345
0.3182 0.8323
0.3192 0.8302
0.3201 0.8280
0.3211 0.8258
0.3221 0.8235
0.3230 0.8213
0.3240 0.8191
0.3249 0.8169
0.3259 0.8147
0.3269 0.8124
0.3278 0.8102
0.3288 0.8079
0.3297 0.8056
0.3307 0.8034
0.3317 0.8011
0.3326 0.7988
0.3336 0.7964
0.3345 0.7941
0.3355 0.7918
0.3364 0.7895
0.3374 0.7872
0.3384 0.7849
0.3393 0.7826
0.3403 0.7803
0.3412 0.7780
0.3422 0.7757
0.3432 0.7734
0.3441 0.7711
0.3451 0.7689
0.3460 0.7666
0.3470 0.7644
0.3480 0.7621
0.3489 0.7598
0.3499 0.7576
0.3508 0.7554
0.3518 0.7531
0.3528 0.7509
0.3537 0.7487
0.3547 0.7464
0.3556 0.7442
0.3566 0.7420
0.3576 0.7397
0.3585 0.7375
0.3595 0.7353
0.3604 0.7331
0.3614 0.7308
0.3624 0.7286
0.3633 0.7264
0.3643 0.7242
0.3652 0.7219
0.3662 0.7197
0.3672 0.7175
0.3681 0.7153
0.3691 0.7130
0.3700 0.7108
0.3710 0.7086
0.3720 0.7064
0.3729 0.7041
0.3739 0.7019
0.3748 0.6997
0.3758 0.6975
0.3768 0.6952
0.3777 0.6930
0.3787 0.6908
0.3796 0.6885
0.3806 0.6863
0.3815 0.6841
0.3825 0.6818
0.3835 0.6796
0.3844 0.6774
0.3854 0.6752
0.3863 0.6729
0.3873 0.6707
0.3883 0.6684
0.3892 0.6662
0.3902 0.6639
0.3911 0.6617
0.3921 0.6595
0.3931 0.6572
0.3940 0.6550
0.3950 0.6528
0.3959 0.6506
0.3969 0.6484
0.3979 0.6461
0.3988 0.6439
0.3998 0.6417
0.4007 0.6395
0.4017 0.6373
0.4027 0.6351
0.4036 0.6329
0.4046 0.6307
0.4055 0.6285
0.4065 0.6264
0.4075 0.6242
0.4084 0.6220
0.4094 0.6198
0.4103 0.6176
0.4113 0.6155
0.4123 0.6133
0.4132 0.6111
0.4142 0.6090
0.4151 0.6068
0.4161 0.6047
0.4171 0.6026
0.4180 0.6004
0.4190 0.5983
0.4199 0.5962
0.4209 0.5942
0.4219 0.5921
0.4228 0.5900
0.4238 0.5880
0.4247 0.5859
0.4257 0.5839
0.4266 0.5818
0.4276 0.5798
0.4286 0.5778
0.4295 0.5758
0.4305 0.5738
0.4314 0.5719
0.4324 0.5699
0.4334 0.5679
0.4343 0.5660
0.4353 0.5640
0.4362 0.5621
0.4372 0.5601
0.4382 0.5582
0.4391 0.5563
0.4401 0.5544
0.4410 0.5525
0.4420 0.5506
0.4430 0.5487
0.4439 0.5468
0.4449 0.5450
0.4458 0.5431
0.4468 0.5413
0.4478 0.5394
0.4487 0.5376
0.4497 0.5358
0.4506 0.5340
0.4516 0.5322
0.4526 0.5304
0.4535 0.5286
0.4545 0.5268
0.4554 0.5250
0.4564 0.5232
0.4574 0.5215
0.4583 0.5197
0.4593 0.5180
0.4602 0.5162
0.4612 0.5145
0.4622 0.5127
0.4631 0.5110
0.4641 0.5092
0.4650 0.5075
0.4660 0.5058
0.4670 0.5041
0.4679 0.5023
0.4689 0.5006
0.4698 0.4989
0.4708 0.4972
0.4717 0.4955
0.4727 0.4938
0.4737 0.4921
0.4746 0.4904
0.4756 0.4888
0.4765 0.4871
0.4775 0.4854
0.4785 0.4838
0.4794 0.4821
0.4804 0.4804
0.4813 0.4788
0.4823 0.4771
0.4833 0.4755
0.4842 0.4738
0.4852 0.4722
0.4861 0.4705
0.4871 0.4689
0.4881 0.4673
0.4890 0.4656
0.4900 0.4640
0.4909 0.4624
0.4919 0.4608
0.4929 0.4591
0.4938 0.4575
0.4948 0.4559
0.4957 0.4543
0.4967 0.4527
0.4977 0.4511
0.4986 0.4495
0.4996 0.4479
0.5005 0.4463
0.5015 0.4447
0.5025 0.4431
0.5034 0.4416
0.5044 0.4400
0.5053 0.4384
0.5063 0.4368
0.5073 0.4353
0.5082 0.4337
0.5092 0.4321
0.5101 0.4305
0.5111 0.4290
0.5121 0.4274
0.5130 0.4259
0.5140 0.4243
0.5149 0.4228
0.5159 0.4212
0.5168 0.4197
0.5178 0.4181
0.5188 0.4166
0.5197 0.4150
0.5207 0.4135
0.5216 0.4119
0.5226 0.4104
0.5236 0.4089
0.5245 0.4073
0.5255 0.4058
0.5264 0.4043
0.5274 0.4028
0.5284 0.4012
0.5293 0.3997
0.5303 0.3982
0.5312 0.3967
0.5322 0.3952
0.5332 0.3937
0.5341 0.3922
0.5351 0.3907
0.5360 0.3892
0.5370 0.3877
0.5380 0.3862
0.5389 0.3847
0.5399 0.3832
0.5408 0.3817
0.5418 0.3802
0.5428 0.3787
0.5437 0.3772
0.5447 0.3757
0.5456 0.3743
0.5466 0.3728
0.5476 0.3713
0.5485 0.3698
0.5495 0.3684
0.5504 0.3669
0.5514 0.3654
0.5524 0.3640
0.5533 0.3625
0.5543 0.3611
0.5552 0.3596
0.5562 0.3582
0.5572 0.3567
0.5581 0.3552
0.5591 0.3538
0.5600 0.3523
0.5610 0.3509
0.5620 0.3494
0.5629 0.3480
0.5639 0.3465
0.5648 0.3451
0.5658 0.3436
0.5667 0.3422
0.5677 0.3408
0.5687 0.3393
0.5696 0.3379
0.5706 0.3365
0.5715 0.3350
0.5725 0.3336
0.5735 0.3322
0.5744 0.3307
0.5754 0.3293
0.5763 0.3279
0.5773 0.3264
0.5783 0.3250
0.5792 0.3236
0.5802 0.3222
0.5811 0.3208
0.5821 0.3194
0.5831 0.3179
0.5840 0.3165
0.5850 0.3151
0.5859 0.3137
0.5869 0.3123
0.5879 0.3109
0.5888 0.3095
0.5898 0.3081
0.5907 0.3067
0.5917 0.3053
0.5927 0.3039
0.5936 0.3025
0.5946 0.3011
0.5955 0.2997
0.5965 0.2983
0.5975 0.2969
0.5984 0.2955
0.5994 0.2941
0.6003 0.2928
0.6013 0.2914
0.6023 0.2900
0.6032 0.2886
0.6042 0.2872
0.6051 0.2858
0.6061 0.2845
0.6071 0.2831
0.6080 0.2817
0.6090 0.2803
0.6099 0.2789
0.6109 0.2776
0.6118 0.2762
0.6128 0.2748
0.6138 0.2735
0.6147 0.2721
0.6157 0.2708
0.6166 0.2694
0.6176 0.2680
0.6186 0.2667
0.6195 0.2653
0.6205 0.2639
0.6214 0.2626
0.6224 0.2612
0.6234 0.2599
0.6243 0.2585
0.6253 0.2572
0.6262 0.2558
0.6272 0.2544
0.6282 0.2531
0.6291 0.2517
0.6301 0.2504
0.6310 0.2491
0.6320 0.2477
0.6330 0.2464
0.6339 0.2450
0.6349 0.2437
0.6358 0.2424
0.6368 0.2410
0.6378 0.2397
0.6387 0.2383
0.6397 0.2370
0.6406 0.2357
0.6416 0.2343
0.6426 0.2330
0.6435 0.2317
0.6445 0.2303
0.6454 0.2290
0.6464 0.2277
0.6474 0.2263
0.6483 0.2250
0.6493 0.2237
0.6502 0.2224
0.6512 0.2211
0.6522 0.2197
0.6531 0.2184
0.6541 0.2171
0.6550 0.2158
0.6560 0.2145
0.6569 0.2131
0.6579 0.2118
0.6589 0.2105
0.6598 0.2092
0.6608 0.2079
0.6617 0.2066
0.6627 0.2053
0.6637 0.2040
0.6646 0.2027
0.6656 0.2014
0.6665 0.2000
0.6675 0.1987
0.6685 0.1974
0.6694 0.1961
0.6704 0.1948
0.6713 0.1935
0.6723 0.1922
0.6733 0.1909
0.6742 0.1896
0.6752 0.1883
0.6761 0.1870
0.6771 0.1858
0.6781 0.1845
0.6790 0.1832
0.6800 0.1819
0.6809 0.1806
0.6819 0.1793
0.6829 0.1780
0.6838 0.1767
0.6848 0.1755
0.6857 0.1742
0.6867 0.1729
0.6877 0.1716
0.6886 0.1703
0.6896 0.1690
0.6905 0.1678
0.6915 0.1665
0.6925 0.1652
0.6934 0.1639
0.6944 0.1627
0.6953 0.1614
0.6963 0.1601
0.6973 0.1588
0.6982 0.1576
0.6992 0.1563
0.7001 0.1550
0.7011 0.1538
0.7020 0.1525
0.7030 0.1513
0.7040 0.1500
0.7049 0.1488
0.7059 0.1475
0.7068 0.1463
0.7078 0.1451
0.7088 0.1439
0.7097 0.1426
0.7107 0.1414
0.7116 0.1402
0.7126 0.1390
0.7136 0.1378
0.7145 0.1366
0.7155 0.1354
0.7164 0.1342
0.7174 0.1330
0.7184 0.1318
0.7193 0.1306
0.7203 0.1294
0.7212 0.1282
0.7222 0.1271
0.7232 0.1259
0.7241 0.1247
0.7251 0.1236
0.7260 0.1224
0.7270 0.1213
0.7280 0.1201
0.7289 0.1190
0.7299 0.1178
0.7308 0.1167
0.7318 0.1155
0.7328 0.1144
0.7337 0.1133
0.7347 0.1122
0.7356 0.1110
0.7366 0.1099
0.7376 0.1088
0.7385 0.1077
0.7395 0.1066
0.7404 0.1055
0.7414 0.1044
0.7424 0.1033
0.7433 0.1022
0.7443 0.1011
0.7452 0.1000
0.7462 0.0990
0.7471 0.0979
0.7481 0.0968
0.7491 0.0957
0.7500 0.0947
0.7510 0.0936
0.7519 0.0925
0.7529 0.0915
0.7539 0.0904
0.7548 0.0894
0.7558 0.0883
0.7567 0.0873
0.7577 0.0863
0.7587 0.0852
0.7596 0.0842
0.7606 0.0832
0.7615 0.0822
0.7625 0.0812
0.7635 0.0802
0.7644 0.0792
0.7654 0.0782
0.7663 0.0772
0.7673 0.0762
0.7683 0.0753
0.7692 0.0743
0.7702 0.0734
0.7711 0.0724
0.7721 0.0715
0.7731 0.0706
0.7740 0.0697
0.7750 0.0688
0.7759 0.0679
0.7769 0.0670
0.7779 0.0661
0.7788 0.0652
0.7798 0.0643
0.7807 0.0635
0.7817 0.0626
0.7827 0.0618
0.7836 0.0609
0.7846 0.0601
0.7855 0.0593
0.7865 0.0585
0.7875 0.0577
0.7884 0.0569
0.7894 0.0561
0.7903 0.0553
0.7913 0.0546
0.7923 0.0538
0.7932 0.0531
0.7942 0.0524
0.7951 0.0517
0.7961 0.0510
0.7970 0.0503
0.7980 0.0496
0.7990 0.0490
0.7999 0.0483
0.8009 0.0477
0.8018 0.0470
0.8028 0.0464
0.8038 0.0457
0.8047 0.0451
0.8057 0.0445
0.8066 0.0439
0.8076 0.0433
0.8086 0.0427
0.8095 0.0420
0.8105 0.0414
0.8114 0.0408
0.8124 0.0403
0.8134 0.0397
0.8143 0.0391
0.8153 0.0385
0.8162 0.0380
0.8172 0.0374
0.8182 0.0368
0.8191 0.0363
0.8201 0.0357
0.8210 0.0352
0.8220 0.0346
0.8230 0.0341
0.8239 0.0336
0.8249 0.0330
0.8258 0.0325
0.8268 0.0320
0.8278 0.0315
0.8287 0.0310
0.8297 0.0305
0.8306 0.0300
0.8316 0.0295
0.8326 0.0290
0.8335 0.0285
0.8345 0.0281
0.8354 0.0276
0.8364 0.0271
0.8374 0.0267
0.8383 0.0262
0.8393 0.0258
0.8402 0.0253
0.8412 0.0249
0.8421 0.0244
0.8431 0.0240
0.8441 0.0236
0.8450 0.0232
0.8460 0.0228
0.8469 0.0224
0.8479 0.0220
0.8489 0.0216
0.8498 0.0212
0.8508 0.0208
0.8517 0.0204
0.8527 0.0201
0.8537 0.0197
0.8546 0.0194
0.8556 0.0190
0.8565 0.0187
0.8575 0.0184
0.8585 0.0181
0.8594 0.0177
0.8604 0.0174
0.8613 0.0171
0.8623 0.0168
0.8633 0.0165
0.8642 0.0163
0.8652 0.0160
0.8661 0.0157
0.8671 0.0154
0.8681 0.0152
0.8690 0.0149
0.8700 0.0146
0.8709 0.0144
0.8719 0.0141
0.8729 0.0139
0.8738 0.0136
0.8748 0.0134
0.8757 0.0131
0.8767 0.0129
0.8777 0.0127
0.8786 0.0124
0.8796 0.0122
0.8805 0.0120
0.8815 0.0117
0.8825 0.0115
0.8834 0.0113
0.8844 0.0111
0.8853 0.0109
0.8863 0.0107
0.8872 0.0105
0.8882 0.0103
0.8892 0.0101
0.8901 0.0099
0.8911 0.0097
0.8920 0.0095
0.8930 0.0093
0.8940 0.0091
0.8949 0.0089
0.8959 0.0087
0.8968 0.0085
0.8978 0.0084
0.8988 0.0082
0.8997 0.0080
0.9007 0.0079
0.9016 0.0077
0.9026 0.0075
0.9036 0.0074
0.9045 0.0072
0.9055 0.0070
0.9064 0.0069
0.9074 0.0067
0.9084 0.0066
0.9093 0.0064
0.9103 0.0063
0.9112 0.0061
0.9122 0.0060
0.9132 0.0058
0.9141 0.0057
0.9151 0.0056
0.9160 0.0054
0.9170 0.0053
0.9180 0.0052
0.9189 0.0050
0.9199 0.0049
0.9208 0.0048
0.9218 0.0046
0.9228 0.0045
0.9237 0.0044
0.9247 0.0043
0.9256 0.0042
0.9266 0.0041
0.9276 0.0040
0.9285 0.0038
0.9295 0.0037
0.9304 0.0036
0.9314 0.0035
0.9323 0.0034
0.9333 0.0033
0.9343 0.0032
0.9352 0.0031
0.9362 0.0030
0.9371 0.0029
0.9381 0.0028
0.9391 0.0027
0.9400 0.0026
0.9410 0.0025
0.9419 0.0025
0.9429 0.0024
0.9439 0.0023
0.9448 0.0022
0.9458 0.0021
0.9467 0.0021
0.9477 0.0020
0.9487 0.0019
0.9496 0.0018
0.9506 0.0018
0.9515 0.0017
0.9525 0.0016
0.9535 0.0016
0.9544 0.0015
0.9554 0.0014
0.9563 0.0014
0.9573 0.0013
0.9583 0.0012
0.9592 0.0012
0.9602 0.0011
0.9611 0.0011
0.9621 0.0010
0.9631 0.0010
0.9640 0.0009
0.9650 0.0009
0.9659 0.0008
0.9669 0.0008
0.9679 0.0007
0.9688 0.0007
0.9698 0.0006
0.9707 0.0006
0.9717 0.0005
0.9727 0.0005
0.9736 0.0005
0.9746 0.0004
0.9755 0.0004
0.9765 0.0004
0.9774 0.0003
0.9784 0.0003
0.9794 0.0003
0.9803 0.0003
0.9813 0.0002
0.9822 0.0002
0.9832 0.0002
0.9842 0.0002
0.9851 0.0001
0.9861 0.0001
0.9870 0.0001
0.9880 0.0001
0.9890 0.0001
0.9899 0.0001
0.9909 0.0001
0.9918 0.0000
0.9928 0.0000
0.9938 0.0000
0.9947 0.0000
0.9957 0.0000
0.9966 0.0000
0.9976 0.0000
0.9986 0.0000
0.9995 0.0000
