0.0039 1.0000
0.0049 1.0000
0.0059 1.0000
0.0069 1.0000
0.0079 1.0000
0.0089 1.0000
0.0099 1.0000
0.0109 1.0000
0.0119 1.0000
0.0129 1.0000
0.0139 1.0000
0.0149 1.0000
0.0159 1.0000
0.0169 1.0000
0.0179 1.0000
0.0189 1.0000
0.0199 1.0000
0.0209 1.0000
0.0219 1.0000
0.0229 1.0000
0.0239 1.0000
0.0249 1.0000
0.0259 1.0000
0.0269 0.9999
0.0279 0.9999
0.0289 0.9999
0.0298 0.9999
0.0308 0.9999
0.0318 0.9999
0.0328 0.9999
0.0338 0.9999
0.0348 0.9999
0.0358 0.9998
0.0368 0.9998
0.0378 0.9998
0.0388 0.9998
0.0398 0.9998
0.0408 0.9997
0.0418 0.9997
0.0428 0.9997
0.0438 0.9996
0.0448 0.9996
0.0458 0.9996
0.0468 0.9995
0.0478 0.9995
0.0488 0.9994
0.0498 0.9994
0.0508 0.9993
0.0518 0.9992
0.0528 0.9992
0.0538 0.9991
0.0548 0.9990
0.0558 0.9990
0.0568 0.9989
0.0578 0.9988
0.0587 0.9987
0.0597 0.9986
0.0607 0.9985
0.0617 0.9983
0.0627 0.9982
0.0637 0.9981
0.0647 0.9979
0.0657 0.9978
0.0667 0.9977
0.0677 0.9975
0.0687 0.9973
0.0697 0.9971
0.0707 0.9970
0.0717 0.9968
0.0727 0.9966
0.0737 0.9964
0.0747 0.9961
0.0757 0.9959
0.0767 0.9957
0.0777 0.9954
0.0787 0.9952
0.0797 0.9949
0.0807 0.9946
0.0817 0.9943
0.0827 0.9940
0.0837 0.9937
0.0847 0.9934
0.0857 0.9931
0.0867 0.9928
0.0876 0.9924
0.0886 0.9921
0.0896 0.9917
0.0906 0.9913
0.0916 0.9910
0.0926 0.9906
0.0936 0.9902
0.0946 0.9898
0.0956 0.9893
0.0966 0.9889
0.0976 0.9885
0.0986 0.9880
0.0996 0.9876
0.1006 0.9871
0.1016 0.9866
0.1026 0.9861
0.1036 0.9856
0.1046 0.9851
0.1056 0.9846
0.1066 0.9840
0.1076 0.9835
0.1086 0.9829
0.1096 0.9824
0.1106 0.9818
0.1116 0.9812
0.1126 0.9806
0.1136 0.9800
0.1146 0.9794
0.1156 0.9787
0.1165 0.9781
0.1175 0.9774
0.1185 0.9767
0.1195 0.9760
0.1205 0.9753
0.1215 0.9746
0.1225 0.9739
0.1235 0.9731
0.1245 0.9724
0.1255 0.9716
0.1265 0.9708
0.1275 0.9700
0.1285 0.9692
0.1295 0.9684
0.1305 0.9676
0.1315 0.9667
0.1325 0.9658
0.1335 0.9650
0.1345 0.9641
0.1355 0.9631
0.1365 0.9622
0.1375 0.9613
0.1385 0.9603
0.1395 0.9594
0.1405 0.9584
0.1415 0.9574
0.1425 0.9564
0.1435 0.9553
0.1445 0.9543
0.1454 0.9533
0.1464 0.9522
0.1474 0.9511
0.1484 0.9500
0.1494 0.9489
0.1504 0.9477
0.1514 0.9466
0.1524 0.9454
0.1534 0.9442
0.1544 0.9430
0.1554 0.9418
0.1564 0.9405
0.1574 0.9393
0.1584 0.9380
0.1594 0.9367
0.1604 0.9353
0.1614 0.9340
0.1624 0.9326
0.1634 0.9312
0.1644 0.9299
0.1654 0.9284
0.1664 0.9270
0.1674 0.9256
0.1684 0.9241
0.1694 0.9227
0.1704 0.9212
0.1714 0.9197
0.1724 0.9182
0.1734 0.9167
0.1743 0.9151
0.1753 0.9136
0.1763 0.9120
0.1773 0.9105
0.1783 0.9089
0.1793 0.9073
0.1803 0.9057
0.1813 0.9041
0.1823 0.9025
0.1833 0.9008
0.1843 0.8992
0.1853 0.8975
0.1863 0.8958
0.1873 0.8941
0.1883 0.8924
0.1893 0.8907
0.1903 0.8890
0.1913 0.8872
0.1923 0.8855
0.1933 0.8837
0.1943 0.8819
0.1953 0.8801
0.1963 0.8783
0.1973 0.8765
0.1983 0.8747
0.1993 0.8728
0.2003 0.8710
0.2013 0.8692
0.2023 0.8673
0.2033 0.8655
0.2042 0.8636
0.2052 0.8617
0.2062 0.8598
0.2072 0.8580
0.2082 0.8561
0.2092 0.8542
0.2102 0.8523
0.2112 0.8503
0.2122 0.8484
0.2132 0.8465
0.2142 0.8445
0.2152 0.8426
0.2162 0.8406
0.2172 0.8387
0.2182 0.8367
0.2192 0.8347
0.2202 0.8327
0.2212 0.8307
0.2222 0.8288
0.2232 0.8267
0.2242 0.8247
0.2252 0.8227
0.2262 0.8207
0.2272 0.8186
0.2282 0.8166
0.2292 0.8145
0.2302 0.8125
0.2312 0.8104
0.2322 0.8083
0.2331 0.8062
0.2341 0.8041
0.2351 0.8020
0.2361 0.7999
0.2371 0.7978
0.2381 0.7956
0.2391 0.7935
0.2401 0.7914
0.2411 0.7892
0.2421 0.7871
0.2431 0.7849
0.2441 0.7827
0.2451 0.7805
0.2461 0.7784
0.2471 0.7762
0.2481 0.7740
0.2491 0.7717
0.2501 0.7695
0.2511 0.7673
0.2521 0.7651
0.2531 0.7628
0.2541 0.7606
0.2551 0.7583
0.2561 0.7560
0.2571 0.7538
0.2581 0.7515
0.2591 0.7492
0.2601 0.7469
0.2611 0.7446
0.2620 0.7423
0.2630 0.7400
0.2640 0.7377
0.2650 0.7353
0.2660 0.7330
0.2670 0.7307
0.2680 0.7283
0.2690 0.7260
0.2700 0.7237
0.2710 0.7213
0.2720 0.7190
0.2730 0.7166
0.2740 0.7143
0.2750 0.7120
0.2760 0.7096
0.2770 0.7073
0.2780 0.7050
0.2790 0.7026
0.2800 0.7003
0.2810 0.6980
0.2820 0.6956
0.2830 0.6933
0.2840 0.6910
0.2850 0.6886
0.2860 0.6863
0.2870 0.6840
0.2880 0.6817
0.2890 0.6793
0.2900 0.6770
0.2909 0.6747
0.2919 0.6723
0.2929 0.6700
0.2939 0.6677
0.2949 0.6654
0.2959 0.6631
0.2969 0.6608
0.2979 0.6585
0.2989 0.6562
0.2999 0.6538
0.3009 0.6515
0.3019 0.6492
0.3029 0.6469
0.3039 0.6446
0.3049 0.6423
0.3059 0.6400
0.3069 0.6377
0.3079 0.6354
0.3089 0.6331
0.3099 0.6308
0.3109 0.6285
0.3119 0.6262
0.3129 0.6239
0.3139 0.6216
0.3149 0.6194
0.3159 0.6171
0.3169 0.6148
0.3179 0.6125
0.3189 0.6103
0.3198 0.6080
0.3208 0.6057
0.3218 0.6034
0.3228 0.6012
0.3238 0.5989
0.3248 0.5966
0.3258 0.5944
0.3268 0.5921
0.3278 0.5898
0.3288 0.5876
0.3298 0.5853
0.3308 0.5831
0.3318 0.5809
0.3328 0.5786
0.3338 0.5764
0.3348 0.5741
0.3358 0.5719
0.3368 0.5697
0.3378 0.5674
0.3388 0.5652
0.3398 0.5630
0.3408 0.5607
0.3418 0.5585
0.3428 0.5563
0.3438 0.5541
0.3448 0.5519
0.3458 0.5496
0.3468 0.5474
0.3478 0.5452
0.3487 0.5430
0.3497 0.5408
0.3507 0.5387
0.3517 0.5365
0.3527 0.5343
0.3537 0.5321
0.3547 0.5299
0.3557 0.5278
0.3567 0.5256
0.3577 0.5234
0.3587 0.5213
0.3597 0.5191
0.3607 0.5170
0.3617 0.5148
0.3627 0.5126
0.3637 0.5105
0.3647 0.5083
0.3657 0.5062
0.3667 0.5041
0.3677 0.5019
0.3687 0.4998
0.3697 0.4977
0.3707 0.4956
0.3717 0.4934
0.3727 0.4913
0.3737 0.4892
0.3747 0.4871
0.3757 0.4850
0.3767 0.4829
0.3776 0.4808
0.3786 0.4787
0.3796 0.4766
0.3806 0.4745
0.3816 0.4725
0.3826 0.4704
0.3836 0.4683
0.3846 0.4662
0.3856 0.4641
0.3866 0.4621
0.3876 0.4600
0.3886 0.4580
0.3896 0.4559
0.3906 0.4538
0.3916 0.4518
0.3926 0.4497
0.3936 0.4477
0.3946 0.4457
0.3956 0.4436
0.3966 0.4416
0.3976 0.4396
0.3986 0.4376
0.3996 0.4355
0.4006 0.4335
0.4016 0.4315
0.4026 0.4295
0.4036 0.4275
0.4046 0.4255
0.4056 0.4235
0.4065 0.4216
0.4075 0.4196
0.4085 0.4176
0.4095 0.4156
0.4105 0.4136
0.4115 0.4117
0.4125 0.4097
0.4135 0.4077
0.4145 0.4058
0.4155 0.4038
0.4165 0.4019
0.4175 0.4000
0.4185 0.3980
0.4195 0.3961
0.4205 0.3942
0.4215 0.3922
0.4225 0.3903
0.4235 0.3884
0.4245 0.3865
0.4255 0.3846
0.4265 0.3827
0.4275 0.3808
0.4285 0.3789
0.4295 0.3770
0.4305 0.3751
0.4315 0.3732
0.4325 0.3713
0.4335 0.3695
0.4345 0.3676
0.4354 0.3657
0.4364 0.3639
0.4374 0.3620
0.4384 0.3601
0.4394 0.3583
0.4404 0.3565
0.4414 0.3546
0.4424 0.3528
0.4434 0.3510
0.4444 0.3491
0.4454 0.3473
0.4464 0.3455
0.4474 0.3437
0.4484 0.3419
0.4494 0.3401
0.4504 0.3383
0.4514 0.3365
0.4524 0.3348
0.4534 0.3330
0.4544 0.3312
0.4554 0.3295
0.4564 0.3277
0.4574 0.3259
0.4584 0.3242
0.4594 0.3224
0.4604 0.3207
0.4614 0.3190
0.4624 0.3172
0.4634 0.3155
0.4643 0.3138
0.4653 0.3120
0.4663 0.3103
0.4673 0.3086
0.4683 0.3069
0.4693 0.3052
0.4703 0.3035
0.4713 0.3019
0.4723 0.3002
0.4733 0.2985
0.4743 0.2969
0.4753 0.2952
0.4763 0.2935
0.4773 0.2919
0.4783 0.2902
0.4793 0.2886
0.4803 0.2870
0.4813 0.2853
0.4823 0.2837
0.4833 0.2821
0.4843 0.2805
0.4853 0.2789
0.4863 0.2773
0.4873 0.2757
0.4883 0.2741
0.4893 0.2725
0.4903 0.2710
0.4913 0.2694
0.4923 0.2679
0.4932 0.2663
0.4942 0.2648
0.4952 0.2632
0.4962 0.2617
0.4972 0.2602
0.4982 0.2587
0.4992 0.2572
0.5002 0.2557
0.5012 0.2543
0.5022 0.2528
0.5032 0.2513
0.5042 0.2498
0.5052 0.2484
0.5062 0.2469
0.5072 0.2455
0.5082 0.2441
0.5092 0.2426
0.5102 0.2412
0.5112 0.2398
0.5122 0.2384
0.5132 0.2370
0.5142 0.2356
0.5152 0.2342
0.5162 0.2328
0.5172 0.2315
0.5182 0.2301
0.5192 0.2287
0.5202 0.2273
0.5212 0.2260
0.5221 0.2246
0.5231 0.2233
0.5241 0.2220
0.5251 0.2206
0.5261 0.2193
0.5271 0.2180
0.5281 0.2167
0.5291 0.2154
0.5301 0.2141
0.5311 0.2128
0.5321 0.2115
0.5331 0.2102
0.5341 0.2089
0.5351 0.2076
0.5361 0.2064
0.5371 0.2051
0.5381 0.2038
0.5391 0.2026
0.5401 0.2013
0.5411 0.2001
0.5421 0.1989
0.5431 0.1976
0.5441 0.1964
0.5451 0.1952
0.5461 0.1940
0.5471 0.1928
0.5481 0.1916
0.5491 0.1904
0.5501 0.1892
0.5510 0.1880
0.5520 0.1868
0.5530 0.1857
0.5540 0.1845
0.5550 0.1834
0.5560 0.1822
0.5570 0.1811
0.5580 0.1799
0.5590 0.1788
0.5600 0.1777
0.5610 0.1766
0.5620 0.1755
0.5630 0.1744
0.5640 0.1733
0.5650 0.1722
0.5660 0.1711
0.5670 0.1700
0.5680 0.1689
0.5690 0.1678
0.5700 0.1667
0.5710 0.1657
0.5720 0.1646
0.5730 0.1635
0.5740 0.1625
0.5750 0.1614
0.5760 0.1604
0.5770 0.1594
0.5780 0.1583
0.5790 0.1573
0.5799 0.1563
0.5809 0.1553
0.5819 0.1542
0.5829 0.1532
0.5839 0.1522
0.5849 0.1512
0.5859 0.1502
0.5869 0.1493
0.5879 0.1483
0.5889 0.1473
0.5899 0.1463
0.5909 0.1454
0.5919 0.1444
0.5929 0.1434
0.5939 0.1425
0.5949 0.1416
0.5959 0.1406
0.5969 0.1397
0.5979 0.1388
0.5989 0.1378
0.5999 0.1369
0.6009 0.1360
0.6019 0.1351
0.6029 0.1342
0.6039 0.1333
0.6049 0.1324
0.6059 0.1315
0.6069 0.1306
0.6079 0.1297
0.6089 0.1289
0.6098 0.1280
0.6108 0.1271
0.6118 0.1263
0.6128 0.1254
0.6138 0.1246
0.6148 0.1238
0.6158 0.1229
0.6168 0.1221
0.6178 0.1213
0.6188 0.1204
0.6198 0.1196
0.6208 0.1188
0.6218 0.1180
0.6228 0.1172
0.6238 0.1165
0.6248 0.1157
0.6258 0.1149
0.6268 0.1141
0.6278 0.1133
0.6288 0.1126
0.6298 0.1118
0.6308 0.1110
0.6318 0.1103
0.6328 0.1095
0.6338 0.1088
0.6348 0.1080
0.6358 0.1073
0.6368 0.1065
0.6378 0.1058
0.6387 0.1051
0.6397 0.1043
0.6407 0.1036
0.6417 0.1029
0.6427 0.1022
0.6437 0.1015
0.6447 0.1008
0.6457 0.1001
0.6467 0.0994
0.6477 0.0987
0.6487 0.0980
0.6497 0.0974
0.6507 0.0967
0.6517 0.0960
0.6527 0.0953
0.6537 0.0947
0.6547 0.0940
0.6557 0.0933
0.6567 0.0927
0.6577 0.0920
0.6587 0.0914
0.6597 0.0907
0.6607 0.0901
0.6617 0.0894
0.6627 0.0888
0.6637 0.0881
0.6647 0.0875
0.6657 0.0869
0.6667 0.0863
0.6676 0.0856
0.6686 0.0850
0.6696 0.0844
0.6706 0.0838
0.6716 0.0832
0.6726 0.0826
0.6736 0.0820
0.6746 0.0814
0.6756 0.0808
0.6766 0.0802
0.6776 0.0796
0.6786 0.0790
0.6796 0.0784
0.6806 0.0778
0.6816 0.0773
0.6826 0.0767
0.6836 0.0761
0.6846 0.0755
0.6856 0.0750
0.6866 0.0744
0.6876 0.0739
0.6886 0.0733
0.6896 0.0728
0.6906 0.0722
0.6916 0.0717
0.6926 0.0711
0.6936 0.0706
0.6946 0.0700
0.6956 0.0695
0.6965 0.0690
0.6975 0.0684
0.6985 0.0679
0.6995 0.0674
0.7005 0.0668
0.7015 0.0663
0.7025 0.0658
0.7035 0.0653
0.7045 0.0648
0.7055 0.0643
0.7065 0.0638
0.7075 0.0633
0.7085 0.0628
0.7095 0.0623
0.7105 0.0618
0.7115 0.0613
0.7125 0.0608
0.7135 0.0603
0.7145 0.0598
0.7155 0.0593
0.7165 0.0589
0.7175 0.0584
0.7185 0.0579
0.7195 0.0574
0.7205 0.0569
0.7215 0.0565
0.7225 0.0560
0.7235 0.0556
0.7245 0.0551
0.7254 0.0546
0.7264 0.0542
0.7274 0.0537
0.7284 0.0533
0.7294 0.0528
0.7304 0.0524
0.7314 0.0520
0.7324 0.0515
0.7334 0.0511
0.7344 0.0506
0.7354 0.0502
0.7364 0.0498
0.7374 0.0494
0.7384 0.0489
0.7394 0.0485
0.7404 0.0481
0.7414 0.0477
0.7424 0.0472
0.7434 0.0468
0.7444 0.0464
0.7454 0.0460
0.7464 0.0456
0.7474 0.0452
0.7484 0.0448
0.7494 0.0444
0.7504 0.0440
0.7514 0.0436
0.7524 0.0432
0.7534 0.0428
0.7543 0.0424
0.7553 0.0420
0.7563 0.0417
0.7573 0.0413
0.7583 0.0409
0.7593 0.0405
0.7603 0.0402
0.7613 0.0398
0.7623 0.0394
0.7633 0.0390
0.7643 0.0387
0.7653 0.0383
0.7663 0.0380
0.7673 0.0376
0.7683 0.0372
0.7693 0.0369
0.7703 0.0365
0.7713 0.0362
0.7723 0.0358
0.7733 0.0355
0.7743 0.0351
0.7753 0.0348
0.7763 0.0344
0.7773 0.0341
0.7783 0.0338
0.7793 0.0334
0.7803 0.0331
0.7813 0.0328
0.7823 0.0324
0.7832 0.0321
0.7842 0.0318
0.7852 0.0315
0.7862 0.0311
0.7872 0.0308
0.7882 0.0305
0.7892 0.0302
0.7902 0.0299
0.7912 0.0296
0.7922 0.0292
0.7932 0.0289
0.7942 0.0286
0.7952 0.0283
0.7962 0.0280
0.7972 0.0277
0.7982 0.0274
0.7992 0.0271
0.8002 0.0268
0.8012 0.0265
0.8022 0.0262
0.8032 0.0259
0.8042 0.0257
0.8052 0.0254
0.8062 0.0251
0.8072 0.0248
0.8082 0.0245
0.8092 0.0242
0.8102 0.0240
0.8112 0.0237
0.8121 0.0234
0.8131 0.0232
0.8141 0.0229
0.8151 0.0226
0.8161 0.0224
0.8171 0.0221
0.8181 0.0218
0.8191 0.0216
0.8201 0.0213
0.8211 0.0211
0.8221 0.0208
0.8231 0.0206
0.8241 0.0203
0.8251 0.0201
0.8261 0.0198
0.8271 0.0196
0.8281 0.0193
0.8291 0.0191
0.8301 0.0188
0.8311 0.0186
0.8321 0.0184
0.8331 0.0181
0.8341 0.0179
0.8351 0.0177
0.8361 0.0174
0.8371 0.0172
0.8381 0.0170
0.8391 0.0168
0.8401 0.0165
0.8410 0.0163
0.8420 0.0161
0.8430 0.0159
0.8440 0.0157
0.8450 0.0154
0.8460 0.0152
0.8470 0.0150
0.8480 0.0148
0.8490 0.0146
0.8500 0.0144
0.8510 0.0142
0.8520 0.0140
0.8530 0.0138
0.8540 0.0136
0.8550 0.0134
0.8560 0.0132
0.8570 0.0130
0.8580 0.0128
0.8590 0.0126
0.8600 0.0124
0.8610 0.0123
0.8620 0.0121
0.8630 0.0119
0.8640 0.0117
0.8650 0.0115
0.8660 0.0113
0.8670 0.0112
0.8680 0.0110
0.8690 0.0108
0.8699 0.0106
0.8709 0.0105
0.8719 0.0103
0.8729 0.0101
0.8739 0.0100
0.8749 0.0098
0.8759 0.0096
0.8769 0.0095
0.8779 0.0093
0.8789 0.0092
0.8799 0.0090
0.8809 0.0088
0.8819 0.0087
0.8829 0.0085
0.8839 0.0084
0.8849 0.0082
0.8859 0.0081
0.8869 0.0079
0.8879 0.0078
0.8889 0.0076
0.8899 0.0075
0.8909 0.0073
0.8919 0.0072
0.8929 0.0071
0.8939 0.0069
0.8949 0.0068
0.8959 0.0067
0.8969 0.0065
0.8979 0.0064
0.8988 0.0063
0.8998 0.0061
0.9008 0.0060
0.9018 0.0059
0.9028 0.0058
0.9038 0.0056
0.9048 0.0055
0.9058 0.0054
0.9068 0.0053
0.9078 0.0052
0.9088 0.0050
0.9098 0.0049
0.9108 0.0048
0.9118 0.0047
0.9128 0.0046
0.9138 0.0045
0.9148 0.0044
0.9158 0.0043
0.9168 0.0042
0.9178 0.0041
0.9188 0.0040
0.9198 0.0039
0.9208 0.0038
0.9218 0.0037
0.9228 0.0036
0.9238 0.0035
0.9248 0.0034
0.9258 0.0033
0.9268 0.0032
0.9277 0.0031
0.9287 0.0030
0.9297 0.0029
0.9307 0.0029
0.9317 0.0028
0.9327 0.0027
0.9337 0.0026
0.9347 0.0025
0.9357 0.0025
0.9367 0.0024
0.9377 0.0023
0.9387 0.0022
0.9397 0.0022
0.9407 0.0021
0.9417 0.0020
0.9427 0.0019
0.9437 0.0019
0.9447 0.0018
0.9457 0.0017
0.9467 0.0017
0.9477 0.0016
0.9487 0.0015
0.9497 0.0015
0.9507 0.0014
0.9517 0.0014
0.9527 0.0013
0.9537 0.0013
0.9547 0.0012
0.9557 0.0011
0.9566 0.0011
0.9576 0.0010
0.9586 0.0010
0.9596 0.0009
0.9606 0.0009
0.9616 0.0009
0.9626 0.0008
0.9636 0.0008
0.9646 0.0007
0.9656 0.0007
0.9666 0.0006
0.9676 0.0006
0.9686 0.0006
0.9696 0.0005
0.9706 0.0005
0.9716 0.0005
0.9726 0.0004
0.9736 0.0004
0.9746 0.0004
0.9756 0.0003
0.9766 0.0003
0.9776 0.0003
0.9786 0.0003
0.9796 0.0002
0.9806 0.0002
0.9816 0.0002
0.9826 0.0002
0.9836 0.0002
0.9846 0.0001
0.9855 0.0001
0.9865 0.0001
0.9875 0.0001
0.9885 0.0001
0.9895 0.0001
0.9905 0.0000
0.9915 0.0000
0.9925 0.0000
0.9935 0.0000
0.9945 0.0000
0.9955 0.0000
0.9965 0.0000
0.9975 0.0000
0.9985 0.0000
0.9995 -0.0000
