0.0034 1.0000
0.0044 1.0000
0.0054 1.0000
0.0064 1.0000
0.0074 1.0000
0.0084 1.0000
0.0094 1.0000
0.0103 1.0000
0.0113 1.0000
0.0123 1.0000
0.0133 1.0000
0.0143 1.0000
0.0153 1.0000
0.0163 1.0000
0.0173 1.0000
0.0183 1.0000
0.0193 1.0000
0.0203 1.0000
0.0213 1.0000
0.0223 1.0000
0.0233 1.0000
0.0243 1.0000
0.0253 1.0000
0.0263 1.0000
0.0273 0.9999
0.0283 0.9999
0.0293 0.9999
0.0303 0.9999
0.0313 0.9999
0.0323 0.9999
0.0333 0.9999
0.0343 0.9999
0.0353 0.9999
0.0363 0.9998
0.0373 0.9998
0.0383 0.9998
0.0393 0.9998
0.0403 0.9997
0.0413 0.9997
0.0423 0.9997
0.0433 0.9997
0.0443 0.9996
0.0452 0.9996
0.0462 0.9995
0.0472 0.9995
0.0482 0.9995
0.0492 0.9994
0.0502 0.9993
0.0512 0.9993
0.0522 0.9992
0.0532 0.9992
0.0542 0.9991
0.0552 0.9990
0.0562 0.9989
0.0572 0.9988
0.0582 0.9987
0.0592 0.9986
0.0602 0.9985
0.0612 0.9984
0.0622 0.9983
0.0632 0.9982
0.0642 0.9980
0.0652 0.9979
0.0662 0.9978
0.0672 0.9976
0.0682 0.9974
0.0692 0.9973
0.0702 0.9971
0.0712 0.9969
0.0722 0.9967
0.0732 0.9965
0.0742 0.9963
0.0752 0.9961
0.0762 0.9958
0.0772 0.9956
0.0782 0.9953
0.0792 0.9951
0.0801 0.9948
0.0811 0.9945
0.0821 0.9942
0.0831 0.9939
0.0841 0.9936
0.0851 0.9933
0.0861 0.9930
0.0871 0.9927
0.0881 0.9923
0.0891 0.9920
0.0901 0.9916
0.0911 0.9912
0.0921 0.9909
0.0931 0.9905
0.0941 0.9901
0.0951 0.9897
0.0961 0.9893
0.0971 0.9888
0.0981 0.9884
0.0991 0.9879
0.1001 0.9875
0.1011 0.9870
0.1021 0.9865
0.1031 0.9860
0.1041 0.9855
0.1051 0.9850
0.1061 0.9845
0.1071 0.9839
0.1081 0.9834
0.1091 0.9828
0.1101 0.9823
0.1111 0.9817
0.1121 0.9811
0.1131 0.9805
0.1141 0.9799
0.1150 0.9792
0.1160 0.9786
0.1170 0.9779
0.1180 0.9773
0.1190 0.9766
0.1200 0.9759
0.1210 0.9752
0.1220 0.9745
0.1230 0.9737
0.1240 0.9730
0.1250 0.9722
0.1260 0.9715
0.1270 0.9707
0.1280 0.9699
0.1290 0.9691
0.1300 0.9683
0.1310 0.9674
0.1320 0.9666
0.1330 0.9657
0.1340 0.9648
0.1350 0.9639
0.1360 0.9630
0.1370 0.9621
0.1380 0.9612
0.1390 0.9602
0.1400 0.9593
0.1410 0.9583
0.1420 0.9573
0.1430 0.9562
0.1440 0.9552
0.1450 0.9542
0.1460 0.9531
0.1470 0.9521
0.1480 0.9510
0.1489 0.9498
0.1499 0.9487
0.1509 0.9476
0.1519 0.9464
0.1529 0.9453
0.1539 0.9441
0.1549 0.9429
0.1559 0.9416
0.1569 0.9404
0.1579 0.9391
0.1589 0.9378
0.1599 0.9365
0.1609 0.9352
0.1619 0.9338
0.1629 0.9325
0.1639 0.9311
0.1649 0.9297
0.1659 0.9283
0.1669 0.9268
0.1679 0.9254
0.1689 0.9239
0.1699 0.9225
0.1709 0.9210
0.1719 0.9195
0.1729 0.9180
0.1739 0.9165
0.1749 0.9150
0.1759 0.9134
0.1769 0.9119
0.1779 0.9103
0.1789 0.9087
0.1799 0.9071
0.1809 0.9055
0.1819 0.9039
0.1829 0.9023
0.1838 0.9007
0.1848 0.8990
0.1858 0.8973
0.1868 0.8957
0.1878 0.8940
0.1888 0.8923
0.1898 0.8905
0.1908 0.8888
0.1918 0.8871
0.1928 0.8853
0.1938 0.8836
0.1948 0.8818
0.1958 0.8800
0.1968 0.8782
0.1978 0.8764
0.1988 0.8746
0.1998 0.8727
0.2008 0.8709
0.2018 0.8691
0.2028 0.8672
0.2038 0.8654
0.2048 0.8635
0.2058 0.8616
0.2068 0.8597
0.2078 0.8578
0.2088 0.8560
0.2098 0.8541
0.2108 0.8521
0.2118 0.8502
0.2128 0.8483
0.2138 0.8464
0.2148 0.8444
0.2158 0.8425
0.2168 0.8405
0.2178 0.8386
0.2187 0.8366
0.2197 0.8346
0.2207 0.8326
0.2217 0.8306
0.2227 0.8286
0.2237 0.8266
0.2247 0.8246
0.2257 0.8225
0.2267 0.8205
0.2277 0.8185
0.2287 0.8164
0.2297 0.8144
0.2307 0.8123
0.2317 0.8102
0.2327 0.8081
0.2337 0.8061
0.2347 0.8040
0.2357 0.8018
0.2367 0.7997
0.2377 0.7976
0.2387 0.7955
0.2397 0.7934
0.2407 0.7912
0.2417 0.7891
0.2427 0.7869
0.2437 0.7848
0.2447 0.7826
0.2457 0.7804
0.2467 0.7782
0.2477 0.7760
0.2487 0.7738
0.2497 0.7716
0.2507 0.7694
0.2517 0.7672
0.2527 0.7649
0.2536 0.7627
0.2546 0.7604
0.2556 0.7582
0.2566 0.7559
0.2576 0.7536
0.2586 0.7513
0.2596 0.7490
0.2606 0.7467
0.2616 0.7444
0.2626 0.7421
0.2636 0.7398
0.2646 0.7375
0.2656 0.7352
0.2666 0.7328
0.2676 0.7305
0.2686 0.7282
0.2696 0.7258
0.2706 0.7235
0.2716 0.7211
0.2726 0.7188
0.2736 0.7164
0.2746 0.7141
0.2756 0.7117
0.2766 0.7094
0.2776 0.7071
0.2786 0.7047
0.2796 0.7024
0.2806 0.7001
0.2816 0.6977
0.2826 0.6954
0.2836 0.6931
0.2846 0.6907
0.2856 0.6884
0.2866 0.6861
0.2876 0.6838
0.2885 0.6814
0.2895 0.6791
0.2905 0.6768
0.2915 0.6744
0.2925 0.6721
0.2935 0.6697
0.2945 0.6674
0.2955 0.6651
0.2965 0.6628
0.2975 0.6605
0.2985 0.6582
0.2995 0.6559
0.3005 0.6535
0.3015 0.6512
0.3025 0.6489
0.3035 0.6466
0.3045 0.6443
0.3055 0.6420
0.3065 0.6397
0.3075 0.6374
0.3085 0.6351
0.3095 0.6328
0.3105 0.6305
0.3115 0.6283
0.3125 0.6260
0.3135 0.6237
0.3145 0.6214
0.3155 0.6191
0.3165 0.6168
0.3175 0.6145
0.3185 0.6122
0.3195 0.6099
0.3205 0.6077
0.3215 0.6054
0.3225 0.6031
0.3234 0.6008
0.3244 0.5986
0.3254 0.5963
0.3264 0.5940
0.3274 0.5918
0.3284 0.5895
0.3294 0.5873
0.3304 0.5850
0.3314 0.5828
0.3324 0.5805
0.3334 0.5783
0.3344 0.5760
0.3354 0.5738
0.3364 0.5715
0.3374 0.5693
0.3384 0.5671
0.3394 0.5648
0.3404 0.5626
0.3414 0.5603
0.3424 0.5581
0.3434 0.5559
0.3444 0.5537
0.3454 0.5515
0.3464 0.5493
0.3474 0.5470
0.3484 0.5448
0.3494 0.5426
0.3504 0.5404
0.3514 0.5383
0.3524 0.5361
0.3534 0.5339
0.3544 0.5317
0.3554 0.5295
0.3564 0.5274
0.3574 0.5252
0.3583 0.5230
0.3593 0.5208
0.3603 0.5187
0.3613 0.5165
0.3623 0.5144
0.3633 0.5122
0.3643 0.5101
0.3653 0.5079
0.3663 0.5058
0.3673 0.5036
0.3683 0.5015
0.3693 0.4994
0.3703 0.4972
0.3713 0.4951
0.3723 0.4930
0.3733 0.4908
0.3743 0.4887
0.3753 0.4866
0.3763 0.4845
0.3773 0.4824
0.3783 0.4803
0.3793 0.4782
0.3803 0.4761
0.3813 0.4740
0.3823 0.4720
0.3833 0.4699
0.3843 0.4678
0.3853 0.4657
0.3863 0.4637
0.3873 0.4616
0.3883 0.4595
0.3893 0.4575
0.3903 0.4554
0.3913 0.4533
0.3922 0.4513
0.3932 0.4492
0.3942 0.4472
0.3952 0.4452
0.3962 0.4431
0.3972 0.4411
0.3982 0.4391
0.3992 0.4370
0.4002 0.4350
0.4012 0.4330
0.4022 0.4310
0.4032 0.4290
0.4042 0.4270
0.4052 0.4250
0.4062 0.4230
0.4072 0.4211
0.4082 0.4191
0.4092 0.4171
0.4102 0.4151
0.4112 0.4132
0.4122 0.4112
0.4132 0.4092
0.4142 0.4073
0.4152 0.4053
0.4162 0.4034
0.4172 0.4014
0.4182 0.3995
0.4192 0.3976
0.4202 0.3956
0.4212 0.3937
0.4222 0.3918
0.4232 0.3898
0.4242 0.3879
0.4252 0.3860
0.4262 0.3841
0.4271 0.3822
0.4281 0.3803
0.4291 0.3784
0.4301 0.3765
0.4311 0.3746
0.4321 0.3727
0.4331 0.3709
0.4341 0.3690
0.4351 0.3671
0.4361 0.3653
0.4371 0.3634
0.4381 0.3615
0.4391 0.3597
0.4401 0.3579
0.4411 0.3560
0.4421 0.3542
0.4431 0.3524
0.4441 0.3505
0.4451 0.3487
0.4461 0.3469
0.4471 0.3451
0.4481 0.3432
0.4491 0.3414
0.4501 0.3396
0.4511 0.3378
0.4521 0.3360
0.4531 0.3343
0.4541 0.3325
0.4551 0.3307
0.4561 0.3289
0.4571 0.3271
0.4581 0.3254
0.4591 0.3236
0.4601 0.3219
0.4611 0.3201
0.4620 0.3184
0.4630 0.3167
0.4640 0.3149
0.4650 0.3132
0.4660 0.3115
0.4670 0.3098
0.4680 0.3081
0.4690 0.3064
0.4700 0.3047
0.4710 0.3030
0.4720 0.3013
0.4730 0.2996
0.4740 0.2980
0.4750 0.2963
0.4760 0.2946
0.4770 0.2930
0.4780 0.2913
0.4790 0.2897
0.4800 0.2881
0.4810 0.2864
0.4820 0.2848
0.4830 0.2832
0.4840 0.2816
0.4850 0.2800
0.4860 0.2784
0.4870 0.2768
0.4880 0.2752
0.4890 0.2736
0.4900 0.2720
0.4910 0.2705
0.4920 0.2689
0.4930 0.2674
0.4940 0.2658
0.4950 0.2643
0.4960 0.2628
0.4969 0.2613
0.4979 0.2598
0.4989 0.2583
0.4999 0.2568
0.5009 0.2553
0.5019 0.2538
0.5029 0.2523
0.5039 0.2509
0.5049 0.2494
0.5059 0.2480
0.5069 0.2465
0.5079 0.2451
0.5089 0.2436
0.5099 0.2422
0.5109 0.2408
0.5119 0.2394
0.5129 0.2380
0.5139 0.2366
0.5149 0.2352
0.5159 0.2338
0.5169 0.2324
0.5179 0.2311
0.5189 0.2297
0.5199 0.2283
0.5209 0.2270
0.5219 0.2256
0.5229 0.2243
0.5239 0.2229
0.5249 0.2216
0.5259 0.2203
0.5269 0.2189
0.5279 0.2176
0.5289 0.2163
0.5299 0.2150
0.5309 0.2137
0.5318 0.2124
0.5328 0.2111
0.5338 0.2098
0.5348 0.2085
0.5358 0.2072
0.5368 0.2060
0.5378 0.2047
0.5388 0.2034
0.5398 0.2022
0.5408 0.2010
0.5418 0.1997
0.5428 0.1985
0.5438 0.1973
0.5448 0.1960
0.5458 0.1948
0.5468 0.1936
0.5478 0.1924
0.5488 0.1912
0.5498 0.1900
0.5508 0.1888
0.5518 0.1876
0.5528 0.1864
0.5538 0.1853
0.5548 0.1841
0.5558 0.1830
0.5568 0.1818
0.5578 0.1807
0.5588 0.1795
0.5598 0.1784
0.5608 0.1773
0.5618 0.1761
0.5628 0.1750
0.5638 0.1739
0.5648 0.1728
0.5658 0.1717
0.5667 0.1707
0.5677 0.1696
0.5687 0.1685
0.5697 0.1674
0.5707 0.1663
0.5717 0.1653
0.5727 0.1642
0.5737 0.1632
0.5747 0.1621
0.5757 0.1611
0.5767 0.1600
0.5777 0.1590
0.5787 0.1580
0.5797 0.1569
0.5807 0.1559
0.5817 0.1549
0.5827 0.1539
0.5837 0.1529
0.5847 0.1519
0.5857 0.1509
0.5867 0.1499
0.5877 0.1489
0.5887 0.1479
0.5897 0.1470
0.5907 0.1460
0.5917 0.1450
0.5927 0.1441
0.5937 0.1431
0.5947 0.1422
0.5957 0.1412
0.5967 0.1403
0.5977 0.1393
0.5987 0.1384
0.5997 0.1375
0.6006 0.1366
0.6016 0.1356
0.6026 0.1347
0.6036 0.1338
0.6046 0.1329
0.6056 0.1320
0.6066 0.1311
0.6076 0.1303
0.6086 0.1294
0.6096 0.1285
0.6106 0.1276
0.6116 0.1268
0.6126 0.1259
0.6136 0.1251
0.6146 0.1242
0.6156 0.1234
0.6166 0.1225
0.6176 0.1217
0.6186 0.1209
0.6196 0.1201
0.6206 0.1193
0.6216 0.1185
0.6226 0.1177
0.6236 0.1169
0.6246 0.1161
0.6256 0.1153
0.6266 0.1145
0.6276 0.1137
0.6286 0.1130
0.6296 0.1122
0.6306 0.1114
0.6316 0.1107
0.6326 0.1099
0.6336 0.1092
0.6346 0.1084
0.6355 0.1077
0.6365 0.1069
0.6375 0.1062
0.6385 0.1055
0.6395 0.1048
0.6405 0.1040
0.6415 0.1033
0.6425 0.1026
0.6435 0.1019
0.6445 0.1012
0.6455 0.1005
0.6465 0.0998
0.6475 0.0991
0.6485 0.0984
0.6495 0.0977
0.6505 0.0970
0.6515 0.0963
0.6525 0.0957
0.6535 0.0950
0.6545 0.0943
0.6555 0.0937
0.6565 0.0930
0.6575 0.0923
0.6585 0.0917
0.6595 0.0910
0.6605 0.0904
0.6615 0.0897
0.6625 0.0891
0.6635 0.0884
0.6645 0.0878
0.6655 0.0872
0.6665 0.0866
0.6675 0.0859
0.6685 0.0853
0.6695 0.0847
0.6704 0.0841
0.6714 0.0834
0.6724 0.0828
0.6734 0.0822
0.6744 0.0816
0.6754 0.0810
0.6764 0.0804
0.6774 0.0798
0.6784 0.0792
0.6794 0.0786
0.6804 0.0781
0.6814 0.0775
0.6824 0.0769
0.6834 0.0763
0.6844 0.0758
0.6854 0.0752
0.6864 0.0746
0.6874 0.0741
0.6884 0.0735
0.6894 0.0730
0.6904 0.0724
0.6914 0.0719
0.6924 0.0713
0.6934 0.0708
0.6944 0.0702
0.6954 0.0697
0.6964 0.0691
0.6974 0.0686
0.6984 0.0681
0.6994 0.0675
0.7004 0.0670
0.7014 0.0665
0.7024 0.0660
0.7034 0.0654
0.7044 0.0649
0.7053 0.0644
0.7063 0.0639
0.7073 0.0634
0.7083 0.0629
0.7093 0.0624
0.7103 0.0619
0.7113 0.0614
0.7123 0.0609
0.7133 0.0604
0.7143 0.0600
0.7153 0.0595
0.7163 0.0590
0.7173 0.0585
0.7183 0.0580
0.7193 0.0576
0.7203 0.0571
0.7213 0.0566
0.7223 0.0562
0.7233 0.0557
0.7243 0.0552
0.7253 0.0548
0.7263 0.0543
0.7273 0.0539
0.7283 0.0534
0.7293 0.0530
0.7303 0.0525
0.7313 0.0521
0.7323 0.0516
0.7333 0.0512
0.7343 0.0508
0.7353 0.0503
0.7363 0.0499
0.7373 0.0495
0.7383 0.0490
0.7393 0.0486
0.7402 0.0482
0.7412 0.0478
0.7422 0.0474
0.7432 0.0469
0.7442 0.0465
0.7452 0.0461
0.7462 0.0457
0.7472 0.0453
0.7482 0.0449
0.7492 0.0445
0.7502 0.0441
0.7512 0.0437
0.7522 0.0433
0.7532 0.0429
0.7542 0.0425
0.7552 0.0422
0.7562 0.0418
0.7572 0.0414
0.7582 0.0410
0.7592 0.0406
0.7602 0.0403
0.7612 0.0399
0.7622 0.0395
0.7632 0.0391
0.7642 0.0388
0.7652 0.0384
0.7662 0.0380
0.7672 0.0377
0.7682 0.0373
0.7692 0.0370
0.7702 0.0366
0.7712 0.0362
0.7722 0.0359
0.7732 0.0355
0.7742 0.0352
0.7751 0.0348
0.7761 0.0345
0.7771 0.0342
0.7781 0.0338
0.7791 0.0335
0.7801 0.0332
0.7811 0.0328
0.7821 0.0325
0.7831 0.0322
0.7841 0.0318
0.7851 0.0315
0.7861 0.0312
0.7871 0.0309
0.7881 0.0305
0.7891 0.0302
0.7901 0.0299
0.7911 0.0296
0.7921 0.0293
0.7931 0.0290
0.7941 0.0287
0.7951 0.0284
0.7961 0.0281
0.7971 0.0278
0.7981 0.0275
0.7991 0.0272
0.8001 0.0269
0.8011 0.0266
0.8021 0.0263
0.8031 0.0260
0.8041 0.0257
0.8051 0.0254
0.8061 0.0251
0.8071 0.0249
0.8081 0.0246
0.8090 0.0243
0.8100 0.0240
0.8110 0.0238
0.8120 0.0235
0.8130 0.0232
0.8140 0.0229
0.8150 0.0227
0.8160 0.0224
0.8170 0.0222
0.8180 0.0219
0.8190 0.0216
0.8200 0.0214
0.8210 0.0211
0.8220 0.0209
0.8230 0.0206
0.8240 0.0204
0.8250 0.0201
0.8260 0.0199
0.8270 0.0196
0.8280 0.0194
0.8290 0.0191
0.8300 0.0189
0.8310 0.0187
0.8320 0.0184
0.8330 0.0182
0.8340 0.0180
0.8350 0.0177
0.8360 0.0175
0.8370 0.0173
0.8380 0.0170
0.8390 0.0168
0.8400 0.0166
0.8410 0.0164
0.8420 0.0162
0.8430 0.0159
0.8439 0.0157
0.8449 0.0155
0.8459 0.0153
0.8469 0.0151
0.8479 0.0149
0.8489 0.0147
0.8499 0.0145
0.8509 0.0143
0.8519 0.0141
0.8529 0.0139
0.8539 0.0137
0.8549 0.0135
0.8559 0.0133
0.8569 0.0131
0.8579 0.0129
0.8589 0.0127
0.8599 0.0125
0.8609 0.0123
0.8619 0.0121
0.8629 0.0119
0.8639 0.0117
0.8649 0.0116
0.8659 0.0114
0.8669 0.0112
0.8679 0.0110
0.8689 0.0109
0.8699 0.0107
0.8709 0.0105
0.8719 0.0103
0.8729 0.0102
0.8739 0.0100
0.8749 0.0098
0.8759 0.0097
0.8769 0.0095
0.8779 0.0093
0.8788 0.0092
0.8798 0.0090
0.8808 0.0089
0.8818 0.0087
0.8828 0.0085
0.8838 0.0084
0.8848 0.0082
0.8858 0.0081
0.8868 0.0080
0.8878 0.0078
0.8888 0.0077
0.8898 0.0075
0.8908 0.0074
0.8918 0.0072
0.8928 0.0071
0.8938 0.0070
0.8948 0.0068
0.8958 0.0067
0.8968 0.0065
0.8978 0.0064
0.8988 0.0063
0.8998 0.0062
0.9008 0.0060
0.9018 0.0059
0.9028 0.0058
0.9038 0.0057
0.9048 0.0055
0.9058 0.0054
0.9068 0.0053
0.9078 0.0052
0.9088 0.0051
0.9098 0.0050
0.9108 0.0048
0.9118 0.0047
0.9128 0.0046
0.9137 0.0045
0.9147 0.0044
0.9157 0.0043
0.9167 0.0042
0.9177 0.0041
0.9187 0.0040
0.9197 0.0039
0.9207 0.0038
0.9217 0.0037
0.9227 0.0036
0.9237 0.0035
0.9247 0.0034
0.9257 0.0033
0.9267 0.0032
0.9277 0.0031
0.9287 0.0030
0.9297 0.0029
0.9307 0.0029
0.9317 0.0028
0.9327 0.0027
0.9337 0.0026
0.9347 0.0025
0.9357 0.0025
0.9367 0.0024
0.9377 0.0023
0.9387 0.0022
0.9397 0.0022
0.9407 0.0021
0.9417 0.0020
0.9427 0.0019
0.9437 0.0019
0.9447 0.0018
0.9457 0.0017
0.9467 0.0017
0.9477 0.0016
0.9486 0.0015
0.9496 0.0015
0.9506 0.0014
0.9516 0.0014
0.9526 0.0013
0.9536 0.0013
0.9546 0.0012
0.9556 0.0011
0.9566 0.0011
0.9576 0.0010
0.9586 0.0010
0.9596 0.0009
0.9606 0.0009
0.9616 0.0008
0.9626 0.0008
0.9636 0.0008
0.9646 0.0007
0.9656 0.0007
0.9666 0.0006
0.9676 0.0006
0.9686 0.0006
0.9696 0.0005
0.9706 0.0005
0.9716 0.0005
0.9726 0.0004
0.9736 0.0004
0.9746 0.0004
0.9756 0.0003
0.9766 0.0003
0.9776 0.0003
0.9786 0.0003
0.9796 0.0002
0.9806 0.0002
0.9816 0.0002
0.9826 0.0002
0.9835 0.0001
0.9845 0.0001
0.9855 0.0001
0.9865 0.0001
0.9875 0.0001
0.9885 0.0001
0.9895 0.0001
0.9905 0.0000
0.9915 0.0000
0.9925 0.0000
0.9935 0.0000
0.9945 0.0000
0.9955 0.0000
0.9965 0.0000
0.9975 0.0000
0.9985 0.0000
0.9995 -0.0000
