0.0040 1.0000
0.0050 1.0000
0.0059 1.0000
0.0069 1.0000
0.0079 1.0000
0.0089 1.0000
0.0099 1.0000
0.0109 1.0000
0.0119 1.0000
0.0129 1.0000
0.0139 1.0000
0.0149 1.0000
0.0159 1.0000
0.0169 1.0000
0.0179 1.0000
0.0189 1.0000
0.0199 1.0000
0.0209 1.0000
0.0219 1.0000
0.0229 1.0000
0.0239 1.0000
0.0249 1.0000
0.0259 1.0000
0.0269 1.0000
0.0279 0.9999
0.0289 0.9999
0.0299 0.9999
0.0309 0.9999
0.0319 0.9999
0.0329 0.9999
0.0339 0.9999
0.0348 0.9999
0.0358 0.9998
0.0368 0.9998
0.0378 0.9998
0.0388 0.9998
0.0398 0.9998
0.0408 0.9997
0.0418 0.9997
0.0428 0.9997
0.0438 0.9996
0.0448 0.9996
0.0458 0.9996
0.0468 0.9995
0.0478 0.9995
0.0488 0.9994
0.0498 0.9994
0.0508 0.9993
0.0518 0.9993
0.0528 0.9992
0.0538 0.9991
0.0548 0.9991
0.0558 0.9990
0.0568 0.9989
0.0578 0.9988
0.0588 0.9987
0.0598 0.9986
0.0608 0.9985
0.0618 0.9984
0.0628 0.9983
0.0637 0.9981
0.0647 0.9980
0.0657 0.9979
0.0667 0.9977
0.0677 0.9976
0.0687 0.9974
0.0697 0.9972
0.0707 0.9970
0.0717 0.9968
0.0727 0.9966
0.0737 0.9964
0.0747 0.9962
0.0757 0.9960
0.0767 0.9958
0.0777 0.9955
0.0787 0.9953
0.0797 0.9950
0.0807 0.9947
0.0817 0.9945
0.0827 0.9942
0.0837 0.9939
0.0847 0.9936
0.0857 0.9932
0.0867 0.9929
0.0877 0.9926
0.0887 0.9922
0.0897 0.9919
0.0907 0.9915
0.0917 0.9912
0.0926 0.9908
0.0936 0.9904
0.0946 0.9900
0.0956 0.9896
0.0966 0.9891
0.0976 0.9887
0.0986 0.9883
0.0996 0.9878
0.1006 0.9873
0.1016 0.9869
0.1026 0.9864
0.1036 0.9859
0.1046 0.9854
0.1056 0.9849
0.1066 0.9844
0.1076 0.9838
0.1086 0.9833
0.1096 0.9827
0.1106 0.9822
0.1116 0.9816
0.1126 0.9810
0.1136 0.9804
0.1146 0.9798
0.1156 0.9791
0.1166 0.9785
0.1176 0.9778
0.1186 0.9772
0.1196 0.9765
0.1206 0.9758
0.1215 0.9751
0.1225 0.9744
0.1235 0.9737
0.1245 0.9729
0.1255 0.9722
0.1265 0.9714
0.1275 0.9706
0.1285 0.9698
0.1295 0.9690
0.1305 0.9682
0.1315 0.9674
0.1325 0.9665
0.1335 0.9656
0.1345 0.9648
0.1355 0.9639
0.1365 0.9630
0.1375 0.9621
0.1385 0.9611
0.1395 0.9602
0.1405 0.9592
0.1415 0.9582
0.1425 0.9573
0.1435 0.9563
0.1445 0.9552
0.1455 0.9542
0.1465 0.9531
0.1475 0.9520
0.1485 0.9510
0.1495 0.9499
0.1504 0.9488
0.1514 0.9476
0.1524 0.9465
0.1534 0.9453
0.1544 0.9441
0.1554 0.9429
0.1564 0.9417
0.1574 0.9405
0.1584 0.9392
0.1594 0.9379
0.1604 0.9366
0.1614 0.9353
0.1624 0.9340
0.1634 0.9326
0.1644 0.9313
0.1654 0.9299
0.1664 0.9285
0.1674 0.9270
0.1684 0.9256
0.1694 0.9242
0.1704 0.9227
0.1714 0.9213
0.1724 0.9198
0.1734 0.9183
0.1744 0.9168
0.1754 0.9153
0.1764 0.9137
0.1774 0.9122
0.1784 0.9106
0.1793 0.9091
0.1803 0.9075
0.1813 0.9059
0.1823 0.9043
0.1833 0.9027
0.1843 0.9010
0.1853 0.8994
0.1863 0.8977
0.1873 0.8961
0.1883 0.8944
0.1893 0.8927
0.1903 0.8909
0.1913 0.8892
0.1923 0.8875
0.1933 0.8857
0.1943 0.8840
0.1953 0.8822
0.1963 0.8804
0.1973 0.8786
0.1983 0.8768
0.1993 0.8750
0.2003 0.8731
0.2013 0.8713
0.2023 0.8695
0.2033 0.8676
0.2043 0.8657
0.2053 0.8639
0.2063 0.8620
0.2073 0.8601
0.2082 0.8582
0.2092 0.8563
0.2102 0.8544
0.2112 0.8525
0.2122 0.8506
0.2132 0.8487
0.2142 0.8467
0.2152 0.8448
0.2162 0.8428
0.2172 0.8409
0.2182 0.8389
0.2192 0.8369
0.2202 0.8349
0.2212 0.8329
0.2222 0.8309
0.2232 0.8289
0.2242 0.8269
0.2252 0.8249
0.2262 0.8229
0.2272 0.8208
0.2282 0.8188
0.2292 0.8167
0.2302 0.8147
0.2312 0.8126
0.2322 0.8106
0.2332 0.8085
0.2342 0.8064
0.2352 0.8043
0.2362 0.8022
0.2371 0.8001
0.2381 0.7980
0.2391 0.7958
0.2401 0.7937
0.2411 0.7915
0.2421 0.7894
0.2431 0.7872
0.2441 0.7851
0.2451 0.7829
0.2461 0.7807
0.2471 0.7785
0.2481 0.7763
0.2491 0.7741
0.2501 0.7719
0.2511 0.7697
0.2521 0.7674
0.2531 0.7652
0.2541 0.7629
0.2551 0.7607
0.2561 0.7584
0.2571 0.7562
0.2581 0.7539
0.2591 0.7516
0.2601 0.7494
0.2611 0.7471
0.2621 0.7448
0.2631 0.7425
0.2641 0.7401
0.2650 0.7378
0.2660 0.7355
0.2670 0.7331
0.2680 0.7308
0.2690 0.7285
0.2700 0.7261
0.2710 0.7238
0.2720 0.7215
0.2730 0.7191
0.2740 0.7168
0.2750 0.7144
0.2760 0.7121
0.2770 0.7098
0.2780 0.7075
0.2790 0.7051
0.2800 0.7028
0.2810 0.7004
0.2820 0.6981
0.2830 0.6958
0.2840 0.6934
0.2850 0.6911
0.2860 0.6888
0.2870 0.6864
0.2880 0.6841
0.2890 0.6818
0.2900 0.6795
0.2910 0.6771
0.2920 0.6748
0.2930 0.6725
0.2939 0.6702
0.2949 0.6679
0.2959 0.6655
0.2969 0.6632
0.2979 0.6609
0.2989 0.6586
0.2999 0.6563
0.3009 0.6540
0.3019 0.6517
0.3029 0.6494
0.3039 0.6470
0.3049 0.6447
0.3059 0.6424
0.3069 0.6401
0.3079 0.6378
0.3089 0.6355
0.3099 0.6332
0.3109 0.6309
0.3119 0.6286
0.3129 0.6263
0.3139 0.6241
0.3149 0.6218
0.3159 0.6195
0.3169 0.6172
0.3179 0.6149
0.3189 0.6126
0.3199 0.6104
0.3209 0.6081
0.3219 0.6058
0.3228 0.6035
0.3238 0.6013
0.3248 0.5990
0.3258 0.5967
0.3268 0.5945
0.3278 0.5922
0.3288 0.5900
0.3298 0.5878
0.3308 0.5855
0.3318 0.5833
0.3328 0.5810
0.3338 0.5788
0.3348 0.5765
0.3358 0.5743
0.3368 0.5720
0.3378 0.5698
0.3388 0.5676
0.3398 0.5654
0.3408 0.5631
0.3418 0.5609
0.3428 0.5587
0.3438 0.5564
0.3448 0.5542
0.3458 0.5520
0.3468 0.5498
0.3478 0.5476
0.3488 0.5454
0.3498 0.5432
0.3508 0.5410
0.3517 0.5388
0.3527 0.5366
0.3537 0.5344
0.3547 0.5322
0.3557 0.5300
0.3567 0.5278
0.3577 0.5257
0.3587 0.5235
0.3597 0.5213
0.3607 0.5192
0.3617 0.5170
0.3627 0.5148
0.3637 0.5127
0.3647 0.5105
0.3657 0.5084
0.3667 0.5063
0.3677 0.5041
0.3687 0.5020
0.3697 0.4998
0.3707 0.4977
0.3717 0.4955
0.3727 0.4934
0.3737 0.4913
0.3747 0.4892
0.3757 0.4871
0.3767 0.4850
0.3777 0.4829
0.3787 0.4808
0.3797 0.4787
0.3806 0.4766
0.3816 0.4745
0.3826 0.4724
0.3836 0.4703
0.3846 0.4683
0.3856 0.4662
0.3866 0.4641
0.3876 0.4620
0.3886 0.4600
0.3896 0.4579
0.3906 0.4559
0.3916 0.4538
0.3926 0.4518
0.3936 0.4497
0.3946 0.4477
0.3956 0.4456
0.3966 0.4436
0.3976 0.4416
0.3986 0.4395
0.3996 0.4375
0.4006 0.4355
0.4016 0.4335
0.4026 0.4315
0.4036 0.4295
0.4046 0.4275
0.4056 0.4255
0.4066 0.4235
0.4076 0.4215
0.4086 0.4195
0.4095 0.4175
0.4105 0.4155
0.4115 0.4136
0.4125 0.4116
0.4135 0.4096
0.4145 0.4077
0.4155 0.4057
0.4165 0.4038
0.4175 0.4018
0.4185 0.3999
0.4195 0.3979
0.4205 0.3960
0.4215 0.3941
0.4225 0.3922
0.4235 0.3902
0.4245 0.3883
0.4255 0.3864
0.4265 0.3845
0.4275 0.3826
0.4285 0.3807
0.4295 0.3788
0.4305 0.3769
0.4315 0.3750
0.4325 0.3731
0.4335 0.3713
0.4345 0.3694
0.4355 0.3675
0.4365 0.3656
0.4375 0.3638
0.4384 0.3619
0.4394 0.3601
0.4404 0.3583
0.4414 0.3564
0.4424 0.3546
0.4434 0.3528
0.4444 0.3509
0.4454 0.3491
0.4464 0.3473
0.4474 0.3455
0.4484 0.3437
0.4494 0.3419
0.4504 0.3401
0.4514 0.3383
0.4524 0.3365
0.4534 0.3347
0.4544 0.3329
0.4554 0.3311
0.4564 0.3294
0.4574 0.3276
0.4584 0.3258
0.4594 0.3241
0.4604 0.3223
0.4614 0.3206
0.4624 0.3188
0.4634 0.3171
0.4644 0.3154
0.4654 0.3136
0.4664 0.3119
0.4673 0.3102
0.4683 0.3085
0.4693 0.3068
0.4703 0.3051
0.4713 0.3034
0.4723 0.3017
0.4733 0.3001
0.4743 0.2984
0.4753 0.2967
0.4763 0.2950
0.4773 0.2934
0.4783 0.2917
0.4793 0.2901
0.4803 0.2885
0.4813 0.2868
0.4823 0.2852
0.4833 0.2836
0.4843 0.2820
0.4853 0.2803
0.4863 0.2788
0.4873 0.2772
0.4883 0.2756
0.4893 0.2740
0.4903 0.2724
0.4913 0.2708
0.4923 0.2693
0.4933 0.2677
0.4943 0.2662
0.4953 0.2647
0.4962 0.2631
0.4972 0.2616
0.4982 0.2601
0.4992 0.2586
0.5002 0.2571
0.5012 0.2556
0.5022 0.2542
0.5032 0.2527
0.5042 0.2513
0.5052 0.2498
0.5062 0.2484
0.5072 0.2469
0.5082 0.2455
0.5092 0.2440
0.5102 0.2426
0.5112 0.2412
0.5122 0.2398
0.5132 0.2384
0.5142 0.2370
0.5152 0.2356
0.5162 0.2342
0.5172 0.2328
0.5182 0.2314
0.5192 0.2300
0.5202 0.2287
0.5212 0.2273
0.5222 0.2260
0.5232 0.2246
0.5242 0.2233
0.5251 0.2219
0.5261 0.2206
0.5271 0.2193
0.5281 0.2179
0.5291 0.2166
0.5301 0.2153
0.5311 0.2140
0.5321 0.2127
0.5331 0.2114
0.5341 0.2102
0.5351 0.2089
0.5361 0.2076
0.5371 0.2063
0.5381 0.2051
0.5391 0.2038
0.5401 0.2026
0.5411 0.2013
0.5421 0.2001
0.5431 0.1988
0.5441 0.1976
0.5451 0.1964
0.5461 0.1952
0.5471 0.1940
0.5481 0.1928
0.5491 0.1916
0.5501 0.1904
0.5511 0.1892
0.5521 0.1880
0.5531 0.1868
0.5540 0.1857
0.5550 0.1845
0.5560 0.1833
0.5570 0.1822
0.5580 0.1810
0.5590 0.1799
0.5600 0.1788
0.5610 0.1777
0.5620 0.1765
0.5630 0.1754
0.5640 0.1743
0.5650 0.1732
0.5660 0.1721
0.5670 0.1710
0.5680 0.1699
0.5690 0.1688
0.5700 0.1677
0.5710 0.1667
0.5720 0.1656
0.5730 0.1645
0.5740 0.1635
0.5750 0.1624
0.5760 0.1614
0.5770 0.1604
0.5780 0.1593
0.5790 0.1583
0.5800 0.1573
0.5810 0.1563
0.5820 0.1552
0.5829 0.1542
0.5839 0.1532
0.5849 0.1522
0.5859 0.1512
0.5869 0.1502
0.5879 0.1492
0.5889 0.1483
0.5899 0.1473
0.5909 0.1463
0.5919 0.1454
0.5929 0.1444
0.5939 0.1434
0.5949 0.1425
0.5959 0.1415
0.5969 0.1406
0.5979 0.1397
0.5989 0.1387
0.5999 0.1378
0.6009 0.1369
0.6019 0.1360
0.6029 0.1350
0.6039 0.1341
0.6049 0.1332
0.6059 0.1323
0.6069 0.1314
0.6079 0.1306
0.6089 0.1297
0.6099 0.1288
0.6109 0.1279
0.6118 0.1271
0.6128 0.1262
0.6138 0.1254
0.6148 0.1245
0.6158 0.1237
0.6168 0.1228
0.6178 0.1220
0.6188 0.1212
0.6198 0.1203
0.6208 0.1195
0.6218 0.1187
0.6228 0.1179
0.6238 0.1171
0.6248 0.1163
0.6258 0.1155
0.6268 0.1147
0.6278 0.1139
0.6288 0.1132
0.6298 0.1124
0.6308 0.1116
0.6318 0.1109
0.6328 0.1101
0.6338 0.1094
0.6348 0.1086
0.6358 0.1079
0.6368 0.1071
0.6378 0.1064
0.6388 0.1057
0.6397 0.1049
0.6407 0.1042
0.6417 0.1035
0.6427 0.1028
0.6437 0.1021
0.6447 0.1014
0.6457 0.1007
0.6467 0.1000
0.6477 0.0993
0.6487 0.0986
0.6497 0.0979
0.6507 0.0972
0.6517 0.0965
0.6527 0.0958
0.6537 0.0951
0.6547 0.0945
0.6557 0.0938
0.6567 0.0931
0.6577 0.0925
0.6587 0.0918
0.6597 0.0912
0.6607 0.0905
0.6617 0.0899
0.6627 0.0892
0.6637 0.0886
0.6647 0.0879
0.6657 0.0873
0.6667 0.0867
0.6677 0.0861
0.6686 0.0854
0.6696 0.0848
0.6706 0.0842
0.6716 0.0836
0.6726 0.0830
0.6736 0.0824
0.6746 0.0818
0.6756 0.0812
0.6766 0.0806
0.6776 0.0800
0.6786 0.0794
0.6796 0.0788
0.6806 0.0782
0.6816 0.0776
0.6826 0.0770
0.6836 0.0765
0.6846 0.0759
0.6856 0.0753
0.6866 0.0747
0.6876 0.0742
0.6886 0.0736
0.6896 0.0731
0.6906 0.0725
0.6916 0.0719
0.6926 0.0714
0.6936 0.0709
0.6946 0.0703
0.6956 0.0698
0.6966 0.0692
0.6975 0.0687
0.6985 0.0682
0.6995 0.0676
0.7005 0.0671
0.7015 0.0666
0.7025 0.0661
0.7035 0.0655
0.7045 0.0650
0.7055 0.0645
0.7065 0.0640
0.7075 0.0635
0.7085 0.0630
0.7095 0.0625
0.7105 0.0620
0.7115 0.0615
0.7125 0.0610
0.7135 0.0605
0.7145 0.0601
0.7155 0.0596
0.7165 0.0591
0.7175 0.0586
0.7185 0.0581
0.7195 0.0577
0.7205 0.0572
0.7215 0.0567
0.7225 0.0562
0.7235 0.0558
0.7245 0.0553
0.7255 0.0549
0.7264 0.0544
0.7274 0.0540
0.7284 0.0535
0.7294 0.0531
0.7304 0.0526
0.7314 0.0522
0.7324 0.0517
0.7334 0.0513
0.7344 0.0509
0.7354 0.0504
0.7364 0.0500
0.7374 0.0496
0.7384 0.0491
0.7394 0.0487
0.7404 0.0483
0.7414 0.0479
0.7424 0.0475
0.7434 0.0470
0.7444 0.0466
0.7454 0.0462
0.7464 0.0458
0.7474 0.0454
0.7484 0.0450
0.7494 0.0446
0.7504 0.0442
0.7514 0.0438
0.7524 0.0434
0.7534 0.0430
0.7544 0.0426
0.7553 0.0422
0.7563 0.0418
0.7573 0.0415
0.7583 0.0411
0.7593 0.0407
0.7603 0.0403
0.7613 0.0399
0.7623 0.0396
0.7633 0.0392
0.7643 0.0388
0.7653 0.0384
0.7663 0.0381
0.7673 0.0377
0.7683 0.0374
0.7693 0.0370
0.7703 0.0366
0.7713 0.0363
0.7723 0.0359
0.7733 0.0356
0.7743 0.0352
0.7753 0.0349
0.7763 0.0345
0.7773 0.0342
0.7783 0.0339
0.7793 0.0335
0.7803 0.0332
0.7813 0.0329
0.7823 0.0325
0.7833 0.0322
0.7842 0.0319
0.7852 0.0316
0.7862 0.0312
0.7872 0.0309
0.7882 0.0306
0.7892 0.0303
0.7902 0.0299
0.7912 0.0296
0.7922 0.0293
0.7932 0.0290
0.7942 0.0287
0.7952 0.0284
0.7962 0.0281
0.7972 0.0278
0.7982 0.0275
0.7992 0.0272
0.8002 0.0269
0.8012 0.0266
0.8022 0.0263
0.8032 0.0260
0.8042 0.0257
0.8052 0.0255
0.8062 0.0252
0.8072 0.0249
0.8082 0.0246
0.8092 0.0243
0.8102 0.0241
0.8112 0.0238
0.8122 0.0235
0.8131 0.0232
0.8141 0.0230
0.8151 0.0227
0.8161 0.0224
0.8171 0.0222
0.8181 0.0219
0.8191 0.0216
0.8201 0.0214
0.8211 0.0211
0.8221 0.0209
0.8231 0.0206
0.8241 0.0204
0.8251 0.0201
0.8261 0.0199
0.8271 0.0196
0.8281 0.0194
0.8291 0.0191
0.8301 0.0189
0.8311 0.0187
0.8321 0.0184
0.8331 0.0182
0.8341 0.0180
0.8351 0.0177
0.8361 0.0175
0.8371 0.0173
0.8381 0.0170
0.8391 0.0168
0.8401 0.0166
0.8411 0.0164
0.8420 0.0161
0.8430 0.0159
0.8440 0.0157
0.8450 0.0155
0.8460 0.0153
0.8470 0.0151
0.8480 0.0149
0.8490 0.0147
0.8500 0.0145
0.8510 0.0143
0.8520 0.0140
0.8530 0.0138
0.8540 0.0137
0.8550 0.0135
0.8560 0.0133
0.8570 0.0131
0.8580 0.0129
0.8590 0.0127
0.8600 0.0125
0.8610 0.0123
0.8620 0.0121
0.8630 0.0119
0.8640 0.0117
0.8650 0.0116
0.8660 0.0114
0.8670 0.0112
0.8680 0.0110
0.8690 0.0109
0.8700 0.0107
0.8709 0.0105
0.8719 0.0103
0.8729 0.0102
0.8739 0.0100
0.8749 0.0099
0.8759 0.0097
0.8769 0.0095
0.8779 0.0094
0.8789 0.0092
0.8799 0.0090
0.8809 0.0089
0.8819 0.0087
0.8829 0.0086
0.8839 0.0084
0.8849 0.0083
0.8859 0.0081
0.8869 0.0080
0.8879 0.0078
0.8889 0.0077
0.8899 0.0075
0.8909 0.0074
0.8919 0.0072
0.8929 0.0071
0.8939 0.0070
0.8949 0.0068
0.8959 0.0067
0.8969 0.0066
0.8979 0.0064
0.8989 0.0063
0.8998 0.0062
0.9008 0.0060
0.9018 0.0059
0.9028 0.0058
0.9038 0.0057
0.9048 0.0055
0.9058 0.0054
0.9068 0.0053
0.9078 0.0052
0.9088 0.0051
0.9098 0.0050
0.9108 0.0048
0.9118 0.0047
0.9128 0.0046
0.9138 0.0045
0.9148 0.0044
0.9158 0.0043
0.9168 0.0042
0.9178 0.0041
0.9188 0.0040
0.9198 0.0039
0.9208 0.0038
0.9218 0.0037
0.9228 0.0036
0.9238 0.0035
0.9248 0.0034
0.9258 0.0033
0.9268 0.0032
0.9278 0.0031
0.9287 0.0030
0.9297 0.0030
0.9307 0.0029
0.9317 0.0028
0.9327 0.0027
0.9337 0.0026
0.9347 0.0025
0.9357 0.0025
0.9367 0.0024
0.9377 0.0023
0.9387 0.0022
0.9397 0.0022
0.9407 0.0021
0.9417 0.0020
0.9427 0.0020
0.9437 0.0019
0.9447 0.0018
0.9457 0.0018
0.9467 0.0017
0.9477 0.0016
0.9487 0.0016
0.9497 0.0015
0.9507 0.0014
0.9517 0.0014
0.9527 0.0013
0.9537 0.0013
0.9547 0.0012
0.9557 0.0012
0.9567 0.0011
0.9576 0.0011
0.9586 0.0010
0.9596 0.0010
0.9606 0.0009
0.9616 0.0009
0.9626 0.0008
0.9636 0.0008
0.9646 0.0007
0.9656 0.0007
0.9666 0.0007
0.9676 0.0006
0.9686 0.0006
0.9696 0.0005
0.9706 0.0005
0.9716 0.0005
0.9726 0.0004
0.9736 0.0004
0.9746 0.0004
0.9756 0.0003
0.9766 0.0003
0.9776 0.0003
0.9786 0.0003
0.9796 0.0002
0.9806 0.0002
0.9816 0.0002
0.9826 0.0002
0.9836 0.0002
0.9846 0.0001
0.9856 0.0001
0.9865 0.0001
0.9875 0.0001
0.9885 0.0001
0.9895 0.0001
0.9905 0.0000
0.9915 0.0000
0.9925 0.0000
0.9935 0.0000
0.9945 0.0000
0.9955 0.0000
0.9965 0.0000
0.9975 0.0000
0.9985 0.0000
0.9995 0.0000
