0.0005 1.0000
0.0015 0.9999
0.0025 0.9999
0.0035 0.9998
0.0045 0.9997
0.0055 0.9995
0.0065 0.9994
0.0075 0.9992
0.0085 0.9990
0.0095 0.9988
0.0105 0.9986
0.0115 0.9984
0.0125 0.9981
0.0135 0.9979
0.0145 0.9976
0.0155 0.9973
0.0165 0.9970
0.0175 0.9966
0.0185 0.9963
0.0195 0.9959
0.0205 0.9956
0.0215 0.9952
0.0225 0.9948
0.0235 0.9943
0.0245 0.9939
0.0255 0.9935
0.0265 0.9930
0.0275 0.9925
0.0285 0.9920
0.0295 0.9915
0.0305 0.9910
0.0315 0.9905
0.0325 0.9900
0.0335 0.9894
0.0345 0.9889
0.0355 0.9883
0.0365 0.9877
0.0375 0.9871
0.0385 0.9865
0.0395 0.9859
0.0405 0.9853
0.0415 0.9846
0.0425 0.9840
0.0435 0.9833
0.0445 0.9826
0.0455 0.9819
0.0465 0.9812
0.0475 0.9805
0.0485 0.9798
0.0495 0.9791
0.0505 0.9783
0.0515 0.9776
0.0525 0.9768
0.0535 0.9760
0.0545 0.9752
0.0555 0.9744
0.0565 0.9736
0.0575 0.9728
0.0585 0.9720
0.0595 0.9712
0.0605 0.9703
0.0615 0.9695
0.0625 0.9686
0.0635 0.9677
0.0645 0.9668
0.0655 0.9659
0.0665 0.9650
0.0675 0.9641
0.0685 0.9631
0.0695 0.9622
0.0705 0.9612
0.0715 0.9603
0.0725 0.9593
0.0735 0.9583
0.0745 0.9574
0.0755 0.9564
0.0765 0.9553
0.0775 0.9543
0.0785 0.9533
0.0795 0.9523
0.0805 0.9512
0.0815 0.9502
0.0825 0.9491
0.0835 0.9481
0.0845 0.9470
0.0855 0.9459
0.0865 0.9448
0.0875 0.9437
0.0885 0.9426
0.0895 0.9415
0.0905 0.9403
0.0915 0.9392
0.0925 0.9380
0.0935 0.9369
0.0945 0.9357
0.0955 0.9345
0.0965 0.9334
0.0975 0.9322
0.0985 0.9309
0.0995 0.9297
0.1005 0.9285
0.1015 0.9273
0.1025 0.9260
0.1035 0.9248
0.1045 0.9235
0.1055 0.9223
0.1065 0.9210
0.1075 0.9197
0.1085 0.9184
0.1095 0.9172
0.1105 0.9158
0.1115 0.9145
0.1125 0.9132
0.1135 0.9119
0.1145 0.9106
0.1155 0.9092
0.1165 0.9079
0.1175 0.9065
0.1185 0.9051
0.1195 0.9038
0.1205 0.9024
0.1215 0.9010
0.1225 0.8996
0.1235 0.8982
0.1245 0.8968
0.1255 0.8954
0.1265 0.8939
0.1275 0.8925
0.1285 0.8910
0.1295 0.8896
0.1305 0.8881
0.1315 0.8867
0.1325 0.8852
0.1335 0.8837
0.1345 0.8822
0.1355 0.8807
0.1365 0.8792
0.1375 0.8777
0.1385 0.8762
0.1395 0.8747
0.1405 0.8732
0.1415 0.8716
0.1425 0.8701
0.1435 0.8685
0.1445 0.8669
0.1455 0.8654
0.1465 0.8638
0.1475 0.8622
0.1485 0.8606
0.1495 0.8590
0.1505 0.8574
0.1515 0.8558
0.1525 0.8542
0.1535 0.8525
0.1545 0.8509
0.1555 0.8493
0.1565 0.8476
0.1575 0.8460
0.1585 0.8443
0.1595 0.8427
0.1605 0.8410
0.1615 0.8393
0.1625 0.8376
0.1635 0.8359
0.1645 0.8342
0.1655 0.8325
0.1665 0.8308
0.1675 0.8291
0.1685 0.8273
0.1695 0.8256
0.1705 0.8239
0.1715 0.8221
0.1725 0.8204
0.1735 0.8186
0.1745 0.8168
0.1755 0.8150
0.1765 0.8133
0.1775 0.8115
0.1785 0.8097
0.1795 0.8079
0.1805 0.8061
0.1815 0.8043
0.1825 0.8024
0.1835 0.8006
0.1845 0.7988
0.1855 0.7969
0.1865 0.7951
0.1875 0.7932
0.1885 0.7914
0.1895 0.7895
0.1905 0.7876
0.1915 0.7857
0.1925 0.7838
0.1935 0.7820
0.1945 0.7800
0.1955 0.7781
0.1965 0.7762
0.1975 0.7743
0.1985 0.7724
0.1995 0.7705
0.2005 0.7685
0.2015 0.7666
0.2025 0.7646
0.2035 0.7626
0.2045 0.7607
0.2055 0.7587
0.2065 0.7567
0.2075 0.7548
0.2085 0.7528
0.2095 0.7508
0.2105 0.7488
0.2115 0.7468
0.2125 0.7448
0.2135 0.7427
0.2145 0.7407
0.2155 0.7387
0.2165 0.7366
0.2175 0.7346
0.2185 0.7325
0.2195 0.7304
0.2205 0.7284
0.2215 0.7263
0.2225 0.7242
0.2235 0.7222
0.2245 0.7201
0.2255 0.7180
0.2265 0.7159
0.2275 0.7138
0.2285 0.7116
0.2295 0.7095
0.2305 0.7074
0.2315 0.7053
0.2325 0.7031
0.2335 0.7010
0.2345 0.6989
0.2355 0.6967
0.2365 0.6945
0.2375 0.6924
0.2385 0.6902
0.2395 0.6880
0.2405 0.6858
0.2415 0.6836
0.2425 0.6814
0.2435 0.6792
0.2445 0.6770
0.2455 0.6748
0.2465 0.6726
0.2475 0.6703
0.2485 0.6681
0.2495 0.6659
0.2505 0.6636
0.2515 0.6614
0.2525 0.6591
0.2535 0.6569
0.2545 0.6547
0.2555 0.6524
0.2565 0.6502
0.2575 0.6480
0.2585 0.6457
0.2595 0.6435
0.2605 0.6413
0.2615 0.6391
0.2625 0.6369
0.2635 0.6347
0.2645 0.6324
0.2655 0.6302
0.2665 0.6280
0.2675 0.6258
0.2685 0.6236
0.2695 0.6214
0.2705 0.6192
0.2715 0.6170
0.2725 0.6148
0.2735 0.6126
0.2745 0.6104
0.2755 0.6082
0.2765 0.6061
0.2775 0.6039
0.2785 0.6017
0.2795 0.5995
0.2805 0.5973
0.2815 0.5952
0.2825 0.5930
0.2835 0.5908
0.2845 0.5886
0.2855 0.5865
0.2865 0.5843
0.2875 0.5822
0.2885 0.5800
0.2895 0.5779
0.2905 0.5757
0.2915 0.5736
0.2925 0.5714
0.2935 0.5693
0.2945 0.5671
0.2955 0.5650
0.2965 0.5628
0.2975 0.5607
0.2985 0.5586
0.2995 0.5565
0.3005 0.5543
0.3015 0.5522
0.3025 0.5501
0.3035 0.5480
0.3045 0.5458
0.3055 0.5437
0.3065 0.5416
0.3075 0.5395
0.3085 0.5374
0.3095 0.5353
0.3105 0.5333
0.3115 0.5312
0.3125 0.5291
0.3135 0.5270
0.3145 0.5249
0.3155 0.5228
0.3165 0.5207
0.3175 0.5187
0.3185 0.5166
0.3195 0.5145
0.3205 0.5125
0.3215 0.5104
0.3225 0.5084
0.3235 0.5063
0.3245 0.5043
0.3255 0.5022
0.3265 0.5002
0.3275 0.4981
0.3285 0.4961
0.3295 0.4940
0.3305 0.4920
0.3315 0.4899
0.3325 0.4879
0.3335 0.4859
0.3345 0.4839
0.3355 0.4818
0.3365 0.4798
0.3375 0.4778
0.3385 0.4758
0.3395 0.4738
0.3405 0.4718
0.3415 0.4698
0.3425 0.4678
0.3435 0.4658
0.3445 0.4638
0.3455 0.4618
0.3465 0.4598
0.3475 0.4578
0.3485 0.4559
0.3495 0.4539
0.3505 0.4519
0.3515 0.4500
0.3525 0.4480
0.3535 0.4461
0.3545 0.4441
0.3555 0.4421
0.3565 0.4402
0.3575 0.4383
0.3585 0.4363
0.3595 0.4344
0.3605 0.4325
0.3615 0.4305
0.3625 0.4286
0.3635 0.4266
0.3645 0.4247
0.3655 0.4228
0.3665 0.4209
0.3675 0.4190
0.3685 0.4171
0.3695 0.4152
0.3705 0.4133
0.3715 0.4114
0.3725 0.4094
0.3735 0.4076
0.3745 0.4057
0.3755 0.4038
0.3765 0.4019
0.3775 0.4000
0.3785 0.3982
0.3795 0.3963
0.3805 0.3944
0.3815 0.3926
0.3825 0.3907
0.3835 0.3889
0.3845 0.3870
0.3855 0.3852
0.3865 0.3833
0.3875 0.3815
0.3885 0.3797
0.3895 0.3778
0.3905 0.3760
0.3915 0.3742
0.3925 0.3724
0.3935 0.3705
0.3945 0.3687
0.3955 0.3669
0.3965 0.3651
0.3975 0.3633
0.3985 0.3615
0.3995 0.3597
0.4005 0.3579
0.4015 0.3562
0.4025 0.3544
0.4035 0.3526
0.4045 0.3508
0.4055 0.3490
0.4065 0.3473
0.4075 0.3455
0.4085 0.3438
0.4095 0.3420
0.4105 0.3403
0.4115 0.3385
0.4125 0.3368
0.4135 0.3350
0.4145 0.3333
0.4155 0.3316
0.4165 0.3299
0.4175 0.3282
0.4185 0.3265
0.4195 0.3248
0.4205 0.3230
0.4215 0.3213
0.4225 0.3197
0.4235 0.3180
0.4245 0.3163
0.4255 0.3146
0.4265 0.3129
0.4275 0.3113
0.4285 0.3096
0.4295 0.3079
0.4305 0.3063
0.4315 0.3046
0.4325 0.3030
0.4335 0.3013
0.4345 0.2997
0.4355 0.2981
0.4365 0.2965
0.4375 0.2948
0.4385 0.2932
0.4395 0.2916
0.4405 0.2900
0.4415 0.2884
0.4425 0.2868
0.4435 0.2852
0.4445 0.2836
0.4455 0.2820
0.4465 0.2804
0.4475 0.2788
0.4485 0.2773
0.4495 0.2757
0.4505 0.2741
0.4515 0.2726
0.4525 0.2710
0.4535 0.2695
0.4545 0.2680
0.4555 0.2664
0.4565 0.2649
0.4575 0.2633
0.4585 0.2618
0.4595 0.2603
0.4605 0.2588
0.4615 0.2573
0.4625 0.2558
0.4635 0.2543
0.4645 0.2528
0.4655 0.2514
0.4665 0.2499
0.4675 0.2484
0.4685 0.2470
0.4695 0.2455
0.4705 0.2441
0.4715 0.2426
0.4725 0.2412
0.4735 0.2398
0.4745 0.2383
0.4755 0.2369
0.4765 0.2355
0.4775 0.2341
0.4785 0.2327
0.4795 0.2313
0.4805 0.2299
0.4815 0.2285
0.4825 0.2272
0.4835 0.2258
0.4845 0.2244
0.4855 0.2231
0.4865 0.2217
0.4875 0.2204
0.4885 0.2191
0.4895 0.2177
0.4905 0.2164
0.4915 0.2151
0.4925 0.2138
0.4935 0.2125
0.4945 0.2113
0.4955 0.2100
0.4965 0.2087
0.4975 0.2075
0.4985 0.2062
0.4995 0.2050
0.5005 0.2038
0.5015 0.2026
0.5025 0.2014
0.5035 0.2002
0.5045 0.1990
0.5055 0.1978
0.5065 0.1967
0.5075 0.1955
0.5085 0.1944
0.5095 0.1933
0.5105 0.1921
0.5115 0.1910
0.5125 0.1899
0.5135 0.1888
0.5145 0.1877
0.5155 0.1866
0.5165 0.1856
0.5175 0.1845
0.5185 0.1834
0.5195 0.1823
0.5205 0.1813
0.5215 0.1803
0.5225 0.1792
0.5235 0.1782
0.5245 0.1772
0.5255 0.1761
0.5265 0.1751
0.5275 0.1741
0.5285 0.1731
0.5295 0.1721
0.5305 0.1711
0.5315 0.1701
0.5325 0.1691
0.5335 0.1681
0.5345 0.1671
0.5355 0.1662
0.5365 0.1652
0.5375 0.1643
0.5385 0.1633
0.5395 0.1624
0.5405 0.1614
0.5415 0.1605
0.5425 0.1595
0.5435 0.1586
0.5445 0.1577
0.5455 0.1567
0.5465 0.1558
0.5475 0.1549
0.5485 0.1540
0.5495 0.1531
0.5505 0.1522
0.5515 0.1513
0.5525 0.1504
0.5535 0.1496
0.5545 0.1487
0.5555 0.1478
0.5565 0.1469
0.5575 0.1461
0.5585 0.1452
0.5595 0.1444
0.5605 0.1435
0.5615 0.1427
0.5625 0.1418
0.5635 0.1410
0.5645 0.1402
0.5655 0.1393
0.5665 0.1385
0.5675 0.1377
0.5685 0.1369
0.5695 0.1361
0.5705 0.1353
0.5715 0.1345
0.5725 0.1337
0.5735 0.1329
0.5745 0.1321
0.5755 0.1313
0.5765 0.1305
0.5775 0.1297
0.5785 0.1289
0.5795 0.1282
0.5805 0.1274
0.5815 0.1266
0.5825 0.1259
0.5835 0.1251
0.5845 0.1244
0.5855 0.1236
0.5865 0.1229
0.5875 0.1221
0.5885 0.1214
0.5895 0.1206
0.5905 0.1199
0.5915 0.1192
0.5925 0.1184
0.5935 0.1177
0.5945 0.1170
0.5955 0.1163
0.5965 0.1156
0.5975 0.1148
0.5985 0.1141
0.5995 0.1134
0.6005 0.1127
0.6015 0.1120
0.6025 0.1113
0.6035 0.1106
0.6045 0.1099
0.6055 0.1092
0.6065 0.1086
0.6075 0.1079
0.6085 0.1072
0.6095 0.1065
0.6105 0.1059
0.6115 0.1052
0.6125 0.1045
0.6135 0.1038
0.6145 0.1032
0.6155 0.1025
0.6165 0.1019
0.6175 0.1012
0.6185 0.1006
0.6195 0.0999
0.6205 0.0993
0.6215 0.0987
0.6225 0.0980
0.6235 0.0974
0.6245 0.0968
0.6255 0.0962
0.6265 0.0955
0.6275 0.0949
0.6285 0.0943
0.6295 0.0937
0.6305 0.0931
0.6315 0.0925
0.6325 0.0919
0.6335 0.0913
0.6345 0.0907
0.6355 0.0901
0.6365 0.0895
0.6375 0.0889
0.6385 0.0883
0.6395 0.0877
0.6405 0.0871
0.6415 0.0865
0.6425 0.0860
0.6435 0.0854
0.6445 0.0848
0.6455 0.0842
0.6465 0.0837
0.6475 0.0831
0.6485 0.0826
0.6495 0.0820
0.6505 0.0814
0.6515 0.0809
0.6525 0.0804
0.6535 0.0798
0.6545 0.0792
0.6555 0.0787
0.6565 0.0782
0.6575 0.0776
0.6585 0.0771
0.6595 0.0766
0.6605 0.0760
0.6615 0.0755
0.6625 0.0750
0.6635 0.0745
0.6645 0.0740
0.6655 0.0734
0.6665 0.0729
0.6675 0.0724
0.6685 0.0719
0.6695 0.0714
0.6705 0.0709
0.6715 0.0704
0.6725 0.0699
0.6735 0.0694
0.6745 0.0689
0.6755 0.0684
0.6765 0.0679
0.6775 0.0674
0.6785 0.0670
0.6795 0.0665
0.6805 0.0660
0.6815 0.0655
0.6825 0.0651
0.6835 0.0646
0.6845 0.0641
0.6855 0.0636
0.6865 0.0632
0.6875 0.0627
0.6885 0.0622
0.6895 0.0618
0.6905 0.0613
0.6915 0.0609
0.6925 0.0604
0.6935 0.0599
0.6945 0.0595
0.6955 0.0591
0.6965 0.0586
0.6975 0.0582
0.6985 0.0577
0.6995 0.0573
0.7005 0.0569
0.7015 0.0564
0.7025 0.0560
0.7035 0.0556
0.7045 0.0551
0.7055 0.0547
0.7065 0.0543
0.7075 0.0539
0.7085 0.0534
0.7095 0.0530
0.7105 0.0526
0.7115 0.0522
0.7125 0.0518
0.7135 0.0514
0.7145 0.0510
0.7155 0.0506
0.7165 0.0502
0.7175 0.0498
0.7185 0.0494
0.7195 0.0490
0.7205 0.0486
0.7215 0.0482
0.7225 0.0478
0.7235 0.0474
0.7245 0.0470
0.7255 0.0466
0.7265 0.0463
0.7275 0.0459
0.7285 0.0455
0.7295 0.0451
0.7305 0.0448
0.7315 0.0444
0.7325 0.0440
0.7335 0.0436
0.7345 0.0433
0.7355 0.0429
0.7365 0.0425
0.7375 0.0422
0.7385 0.0418
0.7395 0.0415
0.7405 0.0411
0.7415 0.0408
0.7425 0.0404
0.7435 0.0401
0.7445 0.0397
0.7455 0.0394
0.7465 0.0390
0.7475 0.0387
0.7485 0.0383
0.7495 0.0380
0.7505 0.0377
0.7515 0.0373
0.7525 0.0370
0.7535 0.0367
0.7545 0.0363
0.7555 0.0360
0.7565 0.0357
0.7575 0.0353
0.7585 0.0350
0.7595 0.0347
0.7605 0.0344
0.7615 0.0341
0.7625 0.0338
0.7635 0.0334
0.7645 0.0331
0.7655 0.0328
0.7665 0.0325
0.7675 0.0322
0.7685 0.0319
0.7695 0.0316
0.7705 0.0313
0.7715 0.0310
0.7725 0.0307
0.7735 0.0304
0.7745 0.0301
0.7755 0.0298
0.7765 0.0295
0.7775 0.0292
0.7785 0.0290
0.7795 0.0287
0.7805 0.0284
0.7815 0.0281
0.7825 0.0278
0.7835 0.0275
0.7845 0.0273
0.7855 0.0270
0.7865 0.0267
0.7875 0.0264
0.7885 0.0262
0.7895 0.0259
0.7905 0.0256
0.7915 0.0254
0.7925 0.0251
0.7935 0.0248
0.7945 0.0246
0.7955 0.0243
0.7965 0.0241
0.7975 0.0238
0.7985 0.0236
0.7995 0.0233
0.8005 0.0231
0.8015 0.0228
0.8025 0.0226
0.8035 0.0223
0.8045 0.0221
0.8055 0.0218
0.8065 0.0216
0.8075 0.0214
0.8085 0.0211
0.8095 0.0209
0.8105 0.0206
0.8115 0.0204
0.8125 0.0202
0.8135 0.0199
0.8145 0.0197
0.8155 0.0195
0.8165 0.0193
0.8175 0.0190
0.8185 0.0188
0.8195 0.0186
0.8205 0.0184
0.8215 0.0181
0.8225 0.0179
0.8235 0.0177
0.8245 0.0175
0.8255 0.0173
0.8265 0.0171
0.8275 0.0169
0.8285 0.0166
0.8295 0.0164
0.8305 0.0162
0.8315 0.0160
0.8325 0.0158
0.8335 0.0156
0.8345 0.0154
0.8355 0.0152
0.8365 0.0150
0.8375 0.0148
0.8385 0.0146
0.8395 0.0145
0.8405 0.0143
0.8415 0.0141
0.8425 0.0139
0.8435 0.0137
0.8445 0.0135
0.8455 0.0133
0.8465 0.0132
0.8475 0.0130
0.8485 0.0128
0.8495 0.0126
0.8505 0.0124
0.8515 0.0123
0.8525 0.0121
0.8535 0.0119
0.8545 0.0117
0.8555 0.0116
0.8565 0.0114
0.8575 0.0112
0.8585 0.0111
0.8595 0.0109
0.8605 0.0108
0.8615 0.0106
0.8625 0.0104
0.8635 0.0103
0.8645 0.0101
0.8655 0.0100
0.8665 0.0098
0.8675 0.0097
0.8685 0.0095
0.8695 0.0093
0.8705 0.0092
0.8715 0.0091
0.8725 0.0089
0.8735 0.0088
0.8745 0.0086
0.8755 0.0085
0.8765 0.0083
0.8775 0.0082
0.8785 0.0080
0.8795 0.0079
0.8805 0.0078
0.8815 0.0076
0.8825 0.0075
0.8835 0.0074
0.8845 0.0072
0.8855 0.0071
0.8865 0.0070
0.8875 0.0069
0.8885 0.0067
0.8895 0.0066
0.8905 0.0065
0.8915 0.0064
0.8925 0.0062
0.8935 0.0061
0.8945 0.0060
0.8955 0.0059
0.8965 0.0058
0.8975 0.0056
0.8985 0.0055
0.8995 0.0054
0.9005 0.0053
0.9015 0.0052
0.9025 0.0051
0.9035 0.0050
0.9045 0.0049
0.9055 0.0048
0.9065 0.0047
0.9075 0.0046
0.9085 0.0045
0.9095 0.0044
0.9105 0.0043
0.9115 0.0042
0.9125 0.0041
0.9135 0.0040
0.9145 0.0039
0.9155 0.0038
0.9165 0.0037
0.9175 0.0036
0.9185 0.0035
0.9195 0.0034
0.9205 0.0033
0.9215 0.0033
0.9225 0.0032
0.9235 0.0031
0.9245 0.0030
0.9255 0.0029
0.9265 0.0028
0.9275 0.0028
0.9285 0.0027
0.9295 0.0026
0.9305 0.0025
0.9315 0.0025
0.9325 0.0024
0.9335 0.0023
0.9345 0.0022
0.9355 0.0022
0.9365 0.0021
0.9375 0.0020
0.9385 0.0020
0.9395 0.0019
0.9405 0.0018
0.9415 0.0018
0.9425 0.0017
0.9435 0.0016
0.9445 0.0016
0.9455 0.0015
0.9465 0.0015
0.9475 0.0014
0.9485 0.0014
0.9495 0.0013
0.9505 0.0013
0.9515 0.0012
0.9525 0.0012
0.9535 0.0011
0.9545 0.0011
0.9555 0.0010
0.9565 0.0010
0.9575 0.0009
0.9585 0.0009
0.9595 0.0008
0.9605 0.0008
0.9615 0.0007
0.9625 0.0007
0.9635 0.0007
0.9645 0.0006
0.9655 0.0006
0.9665 0.0006
0.9675 0.0005
0.9685 0.0005
0.9695 0.0005
0.9705 0.0004
0.9715 0.0004
0.9725 0.0004
0.9735 0.0004
0.9745 0.0003
0.9755 0.0003
0.9765 0.0003
0.9775 0.0003
0.9785 0.0002
0.9795 0.0002
0.9805 0.0002
0.9815 0.0002
0.9825 0.0002
0.9835 0.0001
0.9845 0.0001
0.9855 0.0001
0.9865 0.0001
0.9875 0.0001
0.9885 0.0001
0.9895 0.0001
0.9905 0.0000
0.9915 0.0000
0.9925 0.0000
0.9935 0.0000
0.9945 0.0000
0.9955 0.0000
0.9965 0.0000
0.9975 0.0000
0.9985 0.0000
0.9995 0.0000
